-3	-3	-1	-0.6	-0.42857	-0.33333
-2.95	-3.0508	-1.1056	-0.71315	-0.54473	-0.45113
-2.9	-3.1034	-1.2115	-0.82647	-0.66107	-0.5691
-2.85	-3.1579	-1.3177	-0.94016	-0.77775	-0.68741
-2.8	-3.2143	-1.4245	-1.0544	-0.89495	-0.80624
-2.75	-3.2661	-1.5255	-1.1627	-1.0062	-0.91916
-2.7	-3.2943	-1.6015	-1.246	-1.0925	-1.0071
-2.65	-3.3213	-1.6752	-1.327	-1.1765	-1.0926
-2.6	-3.3471	-1.7466	-1.4056	-1.2581	-1.1758
-2.55	-3.3716	-1.8155	-1.4817	-1.3371	-1.2565
-2.5	-3.3946	-1.882	-1.5553	-1.4137	-1.3347
-2.45	-3.4159	-1.9458	-1.6262	-1.4875	-1.4101
-2.4	-3.4354	-2.0068	-1.6943	-1.5586	-1.4828
-2.35	-3.4529	-2.065	-1.7596	-1.6267	-1.5526
-2.3	-3.4683	-2.1202	-1.8218	-1.6919	-1.6193
-2.25	-3.4815	-2.1724	-1.8809	-1.7539	-1.6829
-2.2	-3.4921	-2.2212	-1.9367	-1.8126	-1.7433
-2.15	-3.5001	-2.2667	-1.9891	-1.8679	-1.8002
-2.1	-3.5053	-2.3087	-2.0379	-1.9197	-1.8535
-2.05	-3.5075	-2.3471	-2.0831	-1.9677	-1.9032
-2	-3.5066	-2.3816	-2.1245	-2.012	-1.949
-1.95	-3.5024	-2.4122	-2.1618	-2.0522	-1.9909
-1.9	-3.4946	-2.4387	-2.1951	-2.0884	-2.0286
-1.85	-3.4832	-2.461	-2.2241	-2.1203	-2.0621
-1.8	-3.468	-2.479	-2.2488	-2.1478	-2.0912
-1.75	-3.4488	-2.4924	-2.2689	-2.1708	-2.1158
-1.7	-3.4255	-2.5013	-2.2844	-2.1891	-2.1357
-1.65	-3.3979	-2.5054	-2.2952	-2.2027	-2.1509
-1.6	-3.3659	-2.5047	-2.301	-2.2114	-2.1612
-1.55	-3.3294	-2.499	-2.3019	-2.2152	-2.1666
-1.5	-3.2883	-2.4883	-2.2978	-2.2139	-2.1668
-1.45	-3.2424	-2.4724	-2.2885	-2.2074	-2.1619
-1.4	-3.1917	-2.4514	-2.274	-2.1958	-2.1519
-1.35	-3.1362	-2.4252	-2.2542	-2.1788	-2.1365
-1.3	-3.0756	-2.3936	-2.2292	-2.1566	-2.1158
-1.25	-3.0101	-2.3568	-2.1988	-2.129	-2.0898
-1.2	-2.9396	-2.3146	-2.1631	-2.0961	-2.0585
-1.15	-2.864	-2.2671	-2.122	-2.0578	-2.0218
-1.1	-2.7834	-2.2143	-2.0756	-2.0143	-1.9798
-1.05	-2.6979	-2.1563	-2.024	-1.9655	-1.9326
-1	-2.6073	-2.0931	-1.9672	-1.9115	-1.8801
-0.95	-2.512	-2.0247	-1.9052	-1.8523	-1.8226
-0.9	-2.4118	-1.9514	-1.8383	-1.7882	-1.76
-0.85	-2.3069	-1.8732	-1.7664	-1.7191	-1.6925
-0.8	-2.1975	-1.7903	-1.6898	-1.6453	-1.6203
-0.75	-2.0837	-1.7027	-1.6086	-1.5669	-1.5434
-0.7	-1.9656	-1.6108	-1.523	-1.484	-1.4621
-0.65	-1.8435	-1.5146	-1.4331	-1.397	-1.3767
-0.6	-1.7175	-1.4145	-1.3393	-1.3059	-1.2871
-0.55	-1.5879	-1.3105	-1.2417	-1.2111	-1.1939
-0.5	-1.4549	-1.2031	-1.1405	-1.1127	-1.0971
-0.45	-1.3187	-1.0924	-1.0361	-1.0111	-0.99701
-0.4	-1.1797	-0.97876	-0.9287	-0.90647	-0.89397
-0.35	-1.038	-0.86242	-0.81863	-0.79918	-0.78824
-0.3	-0.89408	-0.74371	-0.70618	-0.68951	-0.68014
-0.25	-0.74816	-0.62294	-0.59168	-0.57779	-0.56997
-0.2	-0.60056	-0.50045	-0.47544	-0.46433	-0.45808
-0.15	-0.45161	-0.37656	-0.35781	-0.34948	-0.34479
-0.1	-0.30164	-0.25163	-0.23913	-0.23357	-0.23045
-0.05	-0.15099	-0.12599	-0.11974	-0.11696	-0.1154
0	0	0	2.2204e-016	2.2204e-016	2.2204e-016
0.05	0.15099	0.12599	0.11974	0.11696	0.1154
0.1	0.30164	0.25163	0.23913	0.23357	0.23045
0.15	0.45161	0.37656	0.35781	0.34948	0.34479
0.2	0.60056	0.50045	0.47544	0.46433	0.45808
0.25	0.74816	0.62294	0.59168	0.57779	0.56997
0.3	0.89408	0.74371	0.70618	0.68951	0.68014
0.35	1.038	0.86242	0.81863	0.79918	0.78824
0.4	1.1797	0.97876	0.9287	0.90647	0.89397
0.45	1.3187	1.0924	1.0361	1.0111	0.99701
0.5	1.4549	1.2031	1.1405	1.1127	1.0971
0.55	1.5879	1.3105	1.2417	1.2111	1.1939
0.6	1.7175	1.4145	1.3393	1.3059	1.2871
0.65	1.8435	1.5146	1.4331	1.397	1.3767
0.7	1.9656	1.6108	1.523	1.484	1.4621
0.75	2.0837	1.7027	1.6086	1.5669	1.5434
0.8	2.1975	1.7903	1.6898	1.6453	1.6203
0.85	2.3069	1.8732	1.7664	1.7191	1.6925
0.9	2.4118	1.9514	1.8383	1.7882	1.76
0.95	2.512	2.0247	1.9052	1.8523	1.8226
1	2.6073	2.0931	1.9672	1.9115	1.8801
1.05	2.6979	2.1563	2.024	1.9655	1.9326
1.1	2.7834	2.2143	2.0756	2.0143	1.9798
1.15	2.864	2.2671	2.122	2.0578	2.0218
1.2	2.9396	2.3146	2.1631	2.0961	2.0585
1.25	3.0101	2.3568	2.1988	2.129	2.0898
1.3	3.0756	2.3936	2.2292	2.1566	2.1158
1.35	3.1362	2.4252	2.2542	2.1788	2.1365
1.4	3.1917	2.4514	2.274	2.1958	2.1519
1.45	3.2424	2.4724	2.2885	2.2074	2.1619
1.5	3.2883	2.4883	2.2978	2.2139	2.1668
1.55	3.3294	2.499	2.3019	2.2152	2.1666
1.6	3.3659	2.5047	2.301	2.2114	2.1612
1.65	3.3979	2.5054	2.2952	2.2027	2.1509
1.7	3.4255	2.5013	2.2844	2.1891	2.1357
1.75	3.4488	2.4924	2.2689	2.1708	2.1158
1.8	3.468	2.479	2.2488	2.1478	2.0912
1.85	3.4832	2.461	2.2241	2.1203	2.0621
1.9	3.4946	2.4387	2.1951	2.0884	2.0286
1.95	3.5024	2.4122	2.1618	2.0522	1.9909
2	3.5066	2.3816	2.1245	2.012	1.949
2.05	3.5075	2.3471	2.0831	1.9677	1.9032
2.1	3.5053	2.3087	2.0379	1.9197	1.8535
2.15	3.5001	2.2667	1.9891	1.8679	1.8002
2.2	3.4921	2.2212	1.9367	1.8126	1.7433
2.25	3.4815	2.1724	1.8809	1.7539	1.6829
2.3	3.4683	2.1202	1.8218	1.6919	1.6193
2.35	3.4529	2.065	1.7596	1.6267	1.5526
2.4	3.4354	2.0068	1.6943	1.5586	1.4828
2.45	3.4159	1.9458	1.6262	1.4875	1.4101
2.5	3.3946	1.882	1.5553	1.4137	1.3347
2.55	3.3716	1.8155	1.4817	1.3371	1.2565
2.6	3.3471	1.7466	1.4056	1.2581	1.1758
2.65	3.3213	1.6752	1.327	1.1765	1.0926
2.7	3.2943	1.6015	1.246	1.0925	1.0071
2.75	3.2661	1.5255	1.1627	1.0062	0.91916
2.8	3.2143	1.4245	1.0544	0.89495	0.80624
2.85	3.1579	1.3177	0.94016	0.77775	0.68741
2.9	3.1034	1.2115	0.82647	0.66107	0.5691
2.95	3.0508	1.1056	0.71315	0.54473	0.45113
3	3	1	0.6	0.42857	0.33333
