Center
Title
Electric field from Poisson run on file SPSOURCE.AM
SubTitle
Problem title line 1: Electrostatic Problem, Sputter-Type Ion Source [U. of Wisconsin]

MArkersize -0.7
Abscissa  1
Ordinate 3 4

Titles
R
Z
Er
Ez
|E|
V 
EndTitles

AxisLabels
R (cm)
Z (cm)
Er (V/cm)
Ez (V/cm)
E (V/cm)
V  (V)
EndLabels

CurveLabels
R
Z
Er
Ez
E
V 
EndLabels

Data
;      R         Z          Er            Ez            |E|           V                                           
;    (cm)      (cm)       (V/cm)        (V/cm)        (V/cm)         (V)    
    0.47500     0.00000 -1.666477D+04  4.324309D+01  1.666483D+04 -4.999851D+03
    0.49333     0.00000 -1.605525D+04  6.976843D+00  1.605525D+04 -4.699965D+03
    0.51167     0.00000 -1.547975D+04  4.499329D+00  1.547975D+04 -4.410915D+03
    0.53000     0.00000 -1.493553D+04  4.202736D+00  1.493553D+04 -4.132009D+03
    0.54000     0.00000 -1.466514D+04  9.907848D+00  1.466514D+04 -3.983985D+03
    0.55000     0.00000 -1.439712D+04  9.743511D+00  1.439712D+04 -3.838664D+03
    0.56000     0.00000 -1.413800D+04  8.930332D+00  1.413800D+04 -3.695984D+03
    0.57000     0.00000 -1.388756D+04  8.193132D+00  1.388756D+04 -3.555852D+03
    0.58000     0.00000 -1.364530D+04  7.507058D+00  1.364530D+04 -3.418185D+03
    0.59000     0.00000 -1.341075D+04  6.872097D+00  1.341075D+04 -3.282901D+03
    0.60000     0.00000 -1.318345D+04  6.266690D+00  1.318345D+04 -3.149928D+03
    0.61000     0.00000 -1.296295D+04  5.689090D+00  1.296295D+04 -3.019195D+03
    0.62000     0.00000 -1.274882D+04  5.129486D+00  1.274882D+04 -2.890633D+03
    0.63000     0.00000 -1.254062D+04  4.537396D+00  1.254062D+04 -2.764185D+03
    0.64000     0.00000 -1.233792D+04  3.911902D+00  1.233792D+04 -2.639792D+03
    0.65000     0.00000 -1.214028D+04  3.236158D+00  1.214028D+04 -2.517398D+03
    0.66000     0.00000 -1.194722D+04  2.416855D+00  1.194722D+04 -2.396960D+03
    0.67000     0.00000 -1.175822D+04  1.416846D+00  1.175822D+04 -2.278435D+03
    0.68000     0.00000 -1.157277D+04  1.527522D-01  1.157277D+04 -2.161779D+03
    0.69000     0.00000 -1.139020D+04 -1.526243D+00  1.139020D+04 -2.046964D+03
    0.70000     0.00000 -1.120982D+04 -3.785906D+00  1.120982D+04 -1.933960D+03
    0.71000     0.00000 -1.103070D+04 -6.897832D+00  1.103071D+04 -1.822752D+03
    0.72000     0.00000 -1.085181D+04 -1.125271D+01  1.085181D+04 -1.713330D+03
    0.73000     0.00000 -1.067171D+04 -1.738622D+01  1.067173D+04 -1.605700D+03
    0.74000     0.00000 -1.048873D+04 -2.607275D+01  1.048876D+04 -1.499871D+03
    0.75000     0.00000 -1.030048D+04 -3.845051D+01  1.030055D+04 -1.395890D+03
    0.76000     0.00000 -1.010222D+04 -6.182497D+01  1.010241D+04 -1.293826D+03
    0.77000     0.00000 -9.892201D+03 -9.045524D+01  9.892614D+03 -1.193752D+03
    0.78000     0.00000 -9.670692D+03 -7.534745D+01  9.670986D+03 -1.095685D+03
    0.79000     0.00000 -9.456000D+03 -3.213443D+01  9.456055D+03 -9.994782D+02
    0.80833     0.00000 -8.855202D+03 -1.278418D+02  8.856125D+03 -8.302560D+02
    0.82667     0.00000 -8.080903D+03 -1.934381D+02  8.083218D+03 -6.715183D+02
    0.84500     0.00000 -7.087155D+03 -3.486270D+02  7.095724D+03 -5.272562D+02
    0.86700     0.00000 -3.978613D+03 -3.412102D+03  5.241355D+03 -4.051642D+02
    0.88900     0.00000 -4.615639D+03 -1.063600D+04  1.159434D+04 -3.213778D+02
EndData
EndFile
