  1.1129E-02  5.7520E-02  6.1358E-07  2.4091E-01  2.5980E+00  2.8252E-01 -2.5578E+00
  2.3219E-02  9.9520E-02  7.4217E-07  2.3253E-01  1.2903E+00  2.5049E-01  1.2657E+00
  3.5217E-02  1.4052E-01  1.0291E-06  2.6337E-01  2.9754E+00  2.9895E-01  2.9649E+00
  4.7247E-02  1.8152E-01  1.4810E-06  2.7859E-01  7.4644E-01  3.2812E-01 -7.1262E-01
  5.9085E-02  2.2152E-01  1.5168E-06  2.6154E-01  1.4021E+00  2.5253E-01 -1.3959E+00
  7.1286E-02  2.6252E-01  1.4419E-06  2.5604E-01  6.1278E-01  2.5545E-01  6.0238E-01
  8.3205E-02  3.0252E-01  1.5333E-06  2.7073E-01  1.3906E+00  2.7663E-01  1.3860E+00
  9.5126E-02  3.4252E-01  1.7243E-06  2.7752E-01  4.4971E-01  3.1711E-01 -4.3393E-01
  1.0706E-01  3.8252E-01  1.7442E-06  2.6556E-01  1.1618E+00  2.5720E-01 -1.1589E+00
  1.1902E-01  4.2252E-01  1.6908E-06  2.5712E-01  1.4816E-01  2.5025E-01 -1.2965E-01
  1.3128E-01  4.6352E-01  1.7414E-06  2.6176E-01  7.4807E-01  2.6770E-01  7.4455E-01
  1.4324E-01  5.0352E-01  1.8729E-06  2.7199E-01  8.9745E-01  2.8104E-01  8.9443E-01
  1.5520E-01  5.4352E-01  2.0089E-06  2.8242E-01  8.4776E-01  2.7575E-01  8.4486E-01
  1.6716E-01  5.8352E-01  2.1346E-06  2.9227E-01  8.1054E-01  2.7337E-01  8.0774E-01
  1.7912E-01  6.2352E-01  2.2548E-06  3.0183E-01  7.9660E-01  2.7527E-01  7.9389E-01
  1.9108E-01  6.6352E-01  2.3716E-06  3.1125E-01  7.8219E-01  2.7812E-01  7.7955E-01
  2.0305E-01  7.0352E-01  2.4815E-06  3.2041E-01  7.5195E-01  2.7750E-01  7.4937E-01
  2.1501E-01  7.4352E-01  2.5788E-06  3.2910E-01  7.0456E-01  2.7637E-01  7.0197E-01
  2.2727E-01  7.8452E-01  2.6617E-06  3.3733E-01  6.4212E-01  2.7634E-01  6.3941E-01
  2.3923E-01  8.2452E-01  2.7245E-06  3.4457E-01  5.7227E-01  2.7681E-01  5.6934E-01
  2.5119E-01  8.6452E-01  2.7684E-06  3.5093E-01  4.9681E-01  2.7736E-01  4.9355E-01
  2.6315E-01  9.0452E-01  2.7931E-06  3.5636E-01  4.1778E-01  2.7787E-01  4.1400E-01
  2.7511E-01  9.4452E-01  2.7982E-06  3.6082E-01  3.3653E-01  2.7833E-01  3.3192E-01
  2.8707E-01  9.8452E-01  2.7837E-06  3.6429E-01  2.5419E-01  2.7876E-01  2.4815E-01
  2.9903E-01  1.0245E+00  2.7498E-06  3.6675E-01  1.7228E-01  2.7915E-01  1.6334E-01
  3.1129E-01  1.0655E+00  2.6953E-06  3.6822E-01  9.3518E-02  2.7952E-01  7.5913E-02
  3.2325E-01  1.1055E+00  2.6234E-06  3.6861E-01  5.5403E-02  2.7984E-01 -9.2884E-03
  3.3521E-01  1.1455E+00  2.5339E-06  3.6800E-01  1.0857E-01  2.8011E-01 -9.3748E-02
  3.4717E-01  1.1855E+00  2.4281E-06  3.6638E-01  1.8500E-01  2.8032E-01 -1.7662E-01
  3.5913E-01  1.2255E+00  2.3073E-06  3.6378E-01  2.6261E-01  2.8045E-01 -2.5668E-01
  3.7109E-01  1.2655E+00  2.1737E-06  3.6025E-01  3.3664E-01  2.8062E-01 -3.3194E-01
  3.8305E-01  1.3055E+00  2.0299E-06  3.5587E-01  4.0315E-01  2.8129E-01 -3.9912E-01
  3.9502E-01  1.3455E+00  1.8809E-06  3.5076E-01  4.5708E-01  2.8344E-01 -4.5337E-01
  4.0728E-01  1.3865E+00  1.7339E-06  3.4495E-01  4.9412E-01  2.8582E-01 -4.9051E-01
  4.1924E-01  1.4265E+00  1.6134E-06  3.3896E-01  5.1224E-01  2.8331E-01 -5.0869E-01
  4.3120E-01  1.4665E+00  1.5284E-06  3.3283E-01  5.1886E-01  2.7797E-01 -5.1537E-01
  4.4316E-01  1.5065E+00  1.4765E-06  3.2666E-01  5.2076E-01  2.7493E-01 -5.1723E-01
  4.5512E-01  1.5465E+00  1.4459E-06  3.2047E-01  5.2125E-01  2.7401E-01 -5.1761E-01
  4.6708E-01  1.5865E+00  1.4267E-06  3.1428E-01  5.2139E-01  2.7382E-01 -5.1761E-01
  4.7904E-01  1.6265E+00  1.4129E-06  3.0809E-01  5.2143E-01  2.7381E-01 -5.1750E-01
  4.9100E-01  1.6665E+00  1.4019E-06  3.0190E-01  5.2145E-01  2.7384E-01 -5.1735E-01
  5.0326E-01  1.7075E+00  1.3920E-06  2.9556E-01  5.2145E-01  2.7387E-01 -5.1717E-01
  5.1522E-01  1.7475E+00  1.3832E-06  2.8938E-01  5.2146E-01  2.7391E-01 -5.1699E-01
  5.2718E-01  1.7875E+00  1.3748E-06  2.8319E-01  5.2146E-01  2.7394E-01 -5.1679E-01
  5.3914E-01  1.8275E+00  1.3666E-06  2.7702E-01  5.2146E-01  2.7398E-01 -5.1658E-01
  5.5110E-01  1.8675E+00  1.3587E-06  2.7084E-01  5.2146E-01  2.7402E-01 -5.1635E-01
  5.6306E-01  1.9075E+00  1.3509E-06  2.6467E-01  5.2146E-01  2.7406E-01 -5.1611E-01
  5.7503E-01  1.9475E+00  1.3431E-06  2.5849E-01  5.2146E-01  2.7409E-01 -5.1585E-01
  5.8729E-01  1.9885E+00  1.3353E-06  2.5217E-01  5.2146E-01  2.7413E-01 -5.1556E-01
  5.9925E-01  2.0285E+00  1.3277E-06  2.4601E-01  5.2146E-01  2.7417E-01 -5.1526E-01
  6.1121E-01  2.0685E+00  1.3201E-06  2.3985E-01  5.2146E-01  2.7418E-01 -5.1493E-01
  6.2317E-01  2.1085E+00  1.3125E-06  2.3369E-01  5.2146E-01  2.7421E-01 -5.1458E-01
  6.3513E-01  2.1485E+00  1.3049E-06  2.2754E-01  5.2146E-01  2.7425E-01 -5.1420E-01
  6.4709E-01  2.1885E+00  1.2974E-06  2.2140E-01  5.2146E-01  2.7429E-01 -5.1378E-01
  6.5905E-01  2.2285E+00  1.2898E-06  2.1525E-01  5.2146E-01  2.7432E-01 -5.1333E-01
  6.7101E-01  2.2685E+00  1.2822E-06  2.0912E-01  5.2146E-01  2.7436E-01 -5.1284E-01
  6.8327E-01  2.3095E+00  1.2745E-06  2.0284E-01  5.2146E-01  2.7440E-01 -5.1229E-01
  6.9523E-01  2.3495E+00  1.2669E-06  1.9671E-01  5.2146E-01  2.7444E-01 -5.1171E-01
  7.0719E-01  2.3895E+00  1.2593E-06  1.9060E-01  5.2146E-01  2.7448E-01 -5.1106E-01
  7.1915E-01  2.4295E+00  1.2518E-06  1.8449E-01  5.2146E-01  2.7451E-01 -5.1035E-01
  7.3111E-01  2.4695E+00  1.2442E-06  1.7839E-01  5.2146E-01  2.7455E-01 -5.0957E-01
  7.4307E-01  2.5095E+00  1.2366E-06  1.7230E-01  5.2146E-01  2.7459E-01 -5.0870E-01
  7.5503E-01  2.5495E+00  1.2291E-06  1.6623E-01  5.2146E-01  2.7463E-01 -5.0773E-01
  7.6729E-01  2.5905E+00  1.2213E-06  1.6001E-01  5.2146E-01  2.7467E-01 -5.0662E-01
  7.7926E-01  2.6305E+00  1.2137E-06  1.5396E-01  5.2146E-01  2.7470E-01 -5.0541E-01
  7.9122E-01  2.6705E+00  1.2062E-06  1.4792E-01  5.2146E-01  2.7474E-01 -5.0405E-01
  8.0318E-01  2.7105E+00  1.1986E-06  1.4191E-01  5.2146E-01  2.7478E-01 -5.0250E-01
  8.1514E-01  2.7505E+00  1.1910E-06  1.3591E-01  5.2146E-01  2.7482E-01 -5.0075E-01
  8.2710E-01  2.7905E+00  1.1835E-06  1.2993E-01  5.2146E-01  2.7485E-01 -4.9875E-01
  8.3906E-01  2.8305E+00  1.1759E-06  1.2398E-01  5.2146E-01  2.7489E-01 -4.9646E-01
  8.5102E-01  2.8705E+00  1.1683E-06  1.1806E-01  5.2146E-01  2.7493E-01 -4.9381E-01
  8.6328E-01  2.9115E+00  1.1606E-06  1.1203E-01  5.2146E-01  2.7497E-01 -4.9065E-01
  8.7524E-01  2.9515E+00  1.1530E-06  1.0618E-01  5.2146E-01  2.7501E-01 -4.8703E-01
  8.8720E-01  2.9915E+00  1.1454E-06  1.0038E-01  5.2146E-01  2.7504E-01 -4.8276E-01
  8.9916E-01  3.0315E+00  1.1379E-06  9.4642E-02  5.2146E-01  2.7508E-01 -4.7769E-01
  9.1112E-01  3.0715E+00  1.1303E-06  8.8967E-02  5.2146E-01  2.7512E-01 -4.7161E-01
  9.2308E-01  3.1115E+00  1.1227E-06  8.3371E-02  5.2146E-01  2.7516E-01 -4.6426E-01
  9.3504E-01  3.1515E+00  1.1151E-06  7.7873E-02  5.2146E-01  2.7520E-01 -4.5528E-01
  9.4701E-01  3.1915E+00  1.1076E-06  7.2494E-02  5.2146E-01  2.7523E-01 -4.4419E-01
  9.5927E-01  3.2325E+00  1.0998E-06  6.7135E-02  5.2146E-01  2.7527E-01 -4.2999E-01
  9.7123E-01  3.2725E+00  1.0922E-06  6.2096E-02  5.2146E-01  2.7531E-01 -4.1252E-01
  9.8319E-01  3.3125E+00  1.0847E-06  5.7293E-02  5.2146E-01  2.7535E-01 -3.9034E-01
  9.9515E-01  3.3525E+00  1.0771E-06  5.2790E-02  5.2146E-01  2.7539E-01 -3.6202E-01
  1.0071E+00  3.3925E+00  1.0695E-06  4.8672E-02  5.2146E-01  2.7543E-01 -3.2583E-01
  1.0191E+00  3.4325E+00  1.0620E-06  4.5044E-02  5.2146E-01  2.7546E-01 -2.7988E-01
  1.0310E+00  3.4725E+00  1.0544E-06  4.2032E-02  5.2146E-01  2.7550E-01 -2.2256E-01
  1.0433E+00  3.5135E+00  1.0466E-06  3.9731E-02  5.2146E-01  2.7554E-01 -1.5155E-01
  1.0553E+00  3.5535E+00  1.0391E-06  3.8391E-02  5.2146E-01  2.7558E-01 -7.2128E-02
  1.0672E+00  3.5935E+00  1.0315E-06  3.8038E-02  5.2146E-01  2.7562E-01  1.2701E-02
  1.0792E+00  3.6335E+00  1.0239E-06  3.8701E-02  5.2146E-01  2.7566E-01  9.6517E-02
  1.0911E+00  3.6735E+00  1.0164E-06  4.0329E-02  5.2146E-01  2.7570E-01  1.7326E-01
  1.1031E+00  3.7135E+00  1.0088E-06  4.2812E-02  5.2146E-01  2.7573E-01  2.3918E-01
  1.1151E+00  3.7535E+00  1.0012E-06  4.6012E-02  5.2146E-01  2.7577E-01  2.9323E-01
  1.1270E+00  3.7935E+00  9.9365E-07  4.9791E-02  5.2146E-01  2.7581E-01  3.3629E-01
  1.1393E+00  3.8345E+00  9.8589E-07  5.4138E-02  5.2146E-01  2.7585E-01  3.7086E-01
  1.1512E+00  3.8745E+00  9.7832E-07  5.8741E-02  5.2146E-01  2.7589E-01  3.9716E-01
  1.1632E+00  3.9145E+00  9.7076E-07  6.3623E-02  5.2146E-01  2.7593E-01  4.1780E-01
  1.1752E+00  3.9545E+00  9.6319E-07  6.8724E-02  5.2146E-01  2.7597E-01  4.3411E-01
  1.1871E+00  3.9945E+00  9.5562E-07  7.4000E-02  5.2146E-01  2.7600E-01  4.4711E-01
  1.1991E+00  4.0345E+00  9.4805E-07  7.9415E-02  5.2146E-01  2.7604E-01  4.5758E-01
  1.2110E+00  4.0745E+00  9.4048E-07  8.4942E-02  5.2146E-01  2.7608E-01  4.6609E-01
  1.2230E+00  4.1145E+00  9.3291E-07  9.0562E-02  5.2146E-01  2.7612E-01  4.7308E-01
  1.2353E+00  4.1555E+00  9.2515E-07  9.6402E-02  5.2146E-01  2.7616E-01  4.7900E-01
  1.2472E+00  4.1955E+00  9.1758E-07  1.0216E-01  5.2146E-01  2.7620E-01  4.8382E-01
  1.2592E+00  4.2355E+00  9.1001E-07  1.0798E-01  5.2146E-01  2.7624E-01  4.8789E-01
  1.2711E+00  4.2755E+00  9.0244E-07  1.1383E-01  5.2146E-01  2.7628E-01  4.9135E-01
  1.2831E+00  4.3155E+00  8.9487E-07  1.1973E-01  5.2146E-01  2.7632E-01  4.9432E-01
  1.2951E+00  4.3555E+00  8.8730E-07  1.2566E-01  5.2146E-01  2.7635E-01  4.9687E-01
  1.3070E+00  4.3955E+00  8.7973E-07  1.3162E-01  5.2146E-01  2.7639E-01  4.9909E-01
  1.3193E+00  4.4365E+00  8.7197E-07  1.3775E-01  5.2146E-01  2.7643E-01  5.0107E-01
  1.3312E+00  4.4765E+00  8.6440E-07  1.4376E-01  5.2146E-01  2.7647E-01  5.0277E-01
  1.3432E+00  4.5165E+00  8.5683E-07  1.4978E-01  5.2146E-01  2.7651E-01  5.0426E-01
  1.3552E+00  4.5565E+00  8.4927E-07  1.5582E-01  5.2146E-01  2.7655E-01  5.0558E-01
  1.3671E+00  4.5965E+00  8.4170E-07  1.6187E-01  5.2146E-01  2.7659E-01  5.0676E-01
  1.3791E+00  4.6365E+00  8.3413E-07  1.6794E-01  5.2146E-01  2.7663E-01  5.0781E-01
  1.3910E+00  4.6765E+00  8.2656E-07  1.7402E-01  5.2146E-01  2.7667E-01  5.0876E-01
  1.4030E+00  4.7165E+00  8.1899E-07  1.8011E-01  5.2146E-01  2.7671E-01  5.0961E-01
  1.4153E+00  4.7575E+00  8.1123E-07  1.8637E-01  5.2146E-01  2.7675E-01  5.1040E-01
  1.4272E+00  4.7975E+00  8.0366E-07  1.9248E-01  5.2146E-01  2.7679E-01  5.1109E-01
  1.4392E+00  4.8375E+00  7.9609E-07  1.9860E-01  5.2146E-01  2.7682E-01  5.1172E-01
  1.4512E+00  4.8775E+00  7.8852E-07  2.0472E-01  5.2146E-01  2.7686E-01  5.1230E-01
  1.4631E+00  4.9175E+00  7.8095E-07  2.1085E-01  5.2146E-01  2.7690E-01  5.1283E-01
  1.4751E+00  4.9575E+00  7.7338E-07  2.1699E-01  5.2146E-01  2.7694E-01  5.1331E-01
  1.4870E+00  4.9975E+00  7.6581E-07  2.2313E-01  5.2146E-01  2.7698E-01  5.1375E-01
  1.4993E+00  5.0385E+00  7.5805E-07  2.2943E-01  5.2146E-01  2.7702E-01  5.1417E-01
  1.5113E+00  5.0785E+00  7.5048E-07  2.3559E-01  5.2146E-01  2.7706E-01  5.1455E-01
  1.5232E+00  5.1185E+00  7.4291E-07  2.4174E-01  5.2146E-01  2.7710E-01  5.1490E-01
  1.5352E+00  5.1585E+00  7.3535E-07  2.4790E-01  5.2146E-01  2.7714E-01  5.1522E-01
  1.5471E+00  5.1985E+00  7.2778E-07  2.5407E-01  5.2146E-01  2.7718E-01  5.1552E-01
  1.5591E+00  5.2385E+00  7.2021E-07  2.6024E-01  5.2146E-01  2.7722E-01  5.1580E-01
  1.5711E+00  5.2785E+00  7.1264E-07  2.6641E-01  5.2146E-01  2.7726E-01  5.1605E-01
  1.5830E+00  5.3185E+00  7.0507E-07  2.7258E-01  5.2146E-01  2.7730E-01  5.1630E-01
  1.5953E+00  5.3595E+00  6.9731E-07  2.7891E-01  5.2146E-01  2.7734E-01  5.1653E-01
  1.6072E+00  5.3995E+00  6.8974E-07  2.8509E-01  5.2146E-01  2.7738E-01  5.1674E-01
  1.6192E+00  5.4395E+00  6.8217E-07  2.9128E-01  5.2146E-01  2.7742E-01  5.1694E-01
  1.6312E+00  5.4795E+00  6.7460E-07  2.9746E-01  5.2146E-01  2.7746E-01  5.1712E-01
  1.6431E+00  5.5195E+00  6.6703E-07  3.0365E-01  5.2146E-01  2.7750E-01  5.1730E-01
  1.6551E+00  5.5595E+00  6.5946E-07  3.0984E-01  5.2146E-01  2.7754E-01  5.1746E-01
  1.6670E+00  5.5995E+00  6.5189E-07  3.1603E-01  5.2146E-01  2.7757E-01  5.1761E-01
  1.6790E+00  5.6395E+00  6.4432E-07  3.2222E-01  5.2146E-01  2.7761E-01  5.1776E-01
  1.6913E+00  5.6805E+00  6.3656E-07  3.2857E-01  5.2146E-01  2.7766E-01  5.1790E-01
  1.7032E+00  5.7205E+00  6.2899E-07  3.3476E-01  5.2146E-01  2.7769E-01  5.1803E-01
  1.7152E+00  5.7605E+00  6.2142E-07  3.4096E-01  5.2146E-01  2.7773E-01  5.1815E-01
  1.7271E+00  5.8005E+00  6.1386E-07  3.4716E-01  5.2146E-01  2.7777E-01  5.1827E-01
  1.7391E+00  5.8405E+00  6.0629E-07  3.5336E-01  5.2146E-01  2.7781E-01  5.1838E-01
  1.7511E+00  5.8805E+00  5.9872E-07  3.5956E-01  5.2146E-01  2.7785E-01  5.1849E-01
  1.7630E+00  5.9205E+00  5.9115E-07  3.6576E-01  5.2146E-01  2.7789E-01  5.1859E-01
  1.7753E+00  5.9615E+00  5.8339E-07  3.7212E-01  5.2146E-01  2.7793E-01  5.1868E-01
  1.7873E+00  6.0015E+00  5.7582E-07  3.7833E-01  5.2146E-01  2.7797E-01  5.1877E-01
  1.7992E+00  6.0415E+00  5.6825E-07  3.8453E-01  5.2146E-01  2.7801E-01  5.1886E-01
  1.8112E+00  6.0815E+00  5.6068E-07  3.9074E-01  5.2146E-01  2.7805E-01  5.1894E-01
  1.8231E+00  6.1215E+00  5.5311E-07  3.9695E-01  5.2146E-01  2.7809E-01  5.1902E-01
  1.8351E+00  6.1615E+00  5.4554E-07  4.0315E-01  5.2146E-01  2.7813E-01  5.1909E-01
  1.8471E+00  6.2015E+00  5.3797E-07  4.0936E-01  5.2146E-01  2.7817E-01  5.1916E-01
  1.8590E+00  6.2415E+00  5.3040E-07  4.1557E-01  5.2146E-01  2.7821E-01  5.1923E-01
  1.8713E+00  6.2825E+00  5.2264E-07  4.2194E-01  5.2146E-01  2.7826E-01  5.1929E-01
  1.8832E+00  6.3225E+00  5.1507E-07  4.2815E-01  5.2146E-01  2.7830E-01  5.1936E-01
  1.8952E+00  6.3625E+00  5.0750E-07  4.3436E-01  5.2146E-01  2.7834E-01  5.1942E-01
  1.9072E+00  6.4025E+00  4.9994E-07  4.4058E-01  5.2146E-01  2.7838E-01  5.1947E-01
  1.9191E+00  6.4425E+00  4.9237E-07  4.4679E-01  5.2146E-01  2.7842E-01  5.1953E-01
  1.9311E+00  6.4825E+00  4.8480E-07  4.5301E-01  5.2146E-01  2.7846E-01  5.1958E-01
  1.9430E+00  6.5225E+00  4.7723E-07  4.5922E-01  5.2146E-01  2.7850E-01  5.1963E-01
  1.9550E+00  6.5625E+00  4.6966E-07  4.6544E-01  5.2146E-01  2.7854E-01  5.1968E-01
  1.9673E+00  6.6035E+00  4.6190E-07  4.7181E-01  5.2146E-01  2.7858E-01  5.1972E-01
  1.9792E+00  6.6435E+00  4.5433E-07  4.7802E-01  5.2146E-01  2.7862E-01  5.1977E-01
  1.9912E+00  6.6835E+00  4.4676E-07  4.8424E-01  5.2146E-01  2.7866E-01  5.1981E-01
  2.0031E+00  6.7235E+00  4.3919E-07  4.9046E-01  5.2146E-01  2.7870E-01  5.1985E-01
  2.0151E+00  6.7635E+00  4.3162E-07  4.9668E-01  5.2146E-01  2.7874E-01  5.1989E-01
  2.0271E+00  6.8035E+00  4.2405E-07  5.0290E-01  5.2146E-01  2.7878E-01  5.1993E-01
  2.0390E+00  6.8435E+00  4.1648E-07  5.0911E-01  5.2146E-01  2.7882E-01  5.1997E-01
  2.0513E+00  6.8845E+00  4.0872E-07  5.1549E-01  5.2146E-01  2.7886E-01  5.2000E-01
  2.0632E+00  6.9245E+00  4.0115E-07  5.2171E-01  5.2146E-01  2.7890E-01  5.2004E-01
  2.0752E+00  6.9645E+00  3.9358E-07  5.2793E-01  5.2146E-01  2.7894E-01  5.2007E-01
  2.0872E+00  7.0045E+00  3.8602E-07  5.3415E-01  5.2146E-01  2.7898E-01  5.2010E-01
  2.0991E+00  7.0445E+00  3.7845E-07  5.4037E-01  5.2146E-01  2.7902E-01  5.2013E-01
  2.1111E+00  7.0845E+00  3.7088E-07  5.4659E-01  5.2146E-01  2.7906E-01  5.2016E-01
  2.1230E+00  7.1245E+00  3.6331E-07  5.5282E-01  5.2146E-01  2.7910E-01  5.2019E-01
  2.1350E+00  7.1645E+00  3.5574E-07  5.5904E-01  5.2146E-01  2.7914E-01  5.2022E-01
  2.1473E+00  7.2055E+00  3.4798E-07  5.6542E-01  5.2146E-01  2.7919E-01  5.2025E-01
  2.1592E+00  7.2455E+00  3.4041E-07  5.7164E-01  5.2146E-01  2.7923E-01  5.2027E-01
  2.1712E+00  7.2855E+00  3.3284E-07  5.7786E-01  5.2146E-01  2.7927E-01  5.2030E-01
  2.1832E+00  7.3255E+00  3.2527E-07  5.8408E-01  5.2146E-01  2.7931E-01  5.2032E-01
  2.1951E+00  7.3655E+00  3.1770E-07  5.9031E-01  5.2146E-01  2.7935E-01  5.2035E-01
  2.2071E+00  7.4055E+00  3.1013E-07  5.9653E-01  5.2146E-01  2.7939E-01  5.2037E-01
  2.2190E+00  7.4455E+00  3.0256E-07  6.0276E-01  5.2146E-01  2.7943E-01  5.2039E-01
  2.2313E+00  7.4865E+00  2.9480E-07  6.0914E-01  5.2146E-01  2.7947E-01  5.2041E-01
  2.2433E+00  7.5265E+00  2.8723E-07  6.1536E-01  5.2146E-01  2.7951E-01  5.2043E-01
  2.2552E+00  7.5665E+00  2.7966E-07  6.2159E-01  5.2146E-01  2.7955E-01  5.2045E-01
  2.2672E+00  7.6065E+00  2.7209E-07  6.2781E-01  5.2146E-01  2.7959E-01  5.2047E-01
  2.2791E+00  7.6465E+00  2.6453E-07  6.3404E-01  5.2146E-01  2.7964E-01  5.2049E-01
  2.2911E+00  7.6865E+00  2.5696E-07  6.4026E-01  5.2146E-01  2.7968E-01  5.2051E-01
  2.3031E+00  7.7265E+00  2.4939E-07  6.4649E-01  5.2146E-01  2.7972E-01  5.2053E-01
  2.3150E+00  7.7665E+00  2.4182E-07  6.5271E-01  5.2146E-01  2.7976E-01  5.2055E-01
  2.3273E+00  7.8075E+00  2.3406E-07  6.5910E-01  5.2146E-01  2.7980E-01  5.2056E-01
  2.3392E+00  7.8475E+00  2.2649E-07  6.6532E-01  5.2146E-01  2.7984E-01  5.2058E-01
  2.3512E+00  7.8875E+00  2.1892E-07  6.7155E-01  5.2146E-01  2.7988E-01  5.2060E-01
  2.3632E+00  7.9275E+00  2.1135E-07  6.7778E-01  5.2146E-01  2.7992E-01  5.2061E-01
  2.3751E+00  7.9675E+00  2.0378E-07  6.8400E-01  5.2146E-01  2.7996E-01  5.2063E-01
  2.3871E+00  8.0075E+00  1.9621E-07  6.9023E-01  5.2146E-01  2.8001E-01  5.2064E-01
  2.3990E+00  8.0475E+00  1.8864E-07  6.9646E-01  5.2146E-01  2.8005E-01  5.2065E-01
  2.4110E+00  8.0875E+00  1.8107E-07  7.0268E-01  5.2146E-01  2.8009E-01  5.2067E-01
  2.4233E+00  8.1285E+00  1.7331E-07  7.0907E-01  5.2146E-01  2.8013E-01  5.2068E-01
  2.4352E+00  8.1685E+00  1.6574E-07  7.1530E-01  5.2146E-01  2.8017E-01  5.2070E-01
  2.4472E+00  8.2085E+00  1.5817E-07  7.2152E-01  5.2146E-01  2.8021E-01  5.2071E-01
  2.4591E+00  8.2485E+00  1.5061E-07  7.2775E-01  5.2146E-01  2.8025E-01  5.2072E-01
  2.4711E+00  8.2885E+00  1.4304E-07  7.3398E-01  5.2146E-01  2.8030E-01  5.2073E-01
  2.4831E+00  8.3285E+00  1.3547E-07  7.4021E-01  5.2146E-01  2.8034E-01  5.2075E-01
  2.4950E+00  8.3685E+00  1.2790E-07  7.4644E-01  5.2146E-01  2.8038E-01  5.2076E-01
  2.5073E+00  8.4095E+00  1.2014E-07  7.5282E-01  5.2146E-01  2.8042E-01  5.2077E-01
  2.5192E+00  8.4495E+00  1.1257E-07  7.5905E-01  5.2146E-01  2.8046E-01  5.2078E-01
  2.5312E+00  8.4895E+00  1.0500E-07  7.6528E-01  5.2146E-01  2.8050E-01  5.2079E-01
  2.5432E+00  8.5295E+00  9.7430E-08  7.7151E-01  5.2146E-01  2.8054E-01  5.2080E-01
  2.5551E+00  8.5695E+00  8.9860E-08  7.7774E-01  5.2146E-01  2.8059E-01  5.2081E-01
  2.5671E+00  8.6095E+00  8.2291E-08  7.8397E-01  5.2146E-01  2.8063E-01  5.2082E-01
  2.5791E+00  8.6495E+00  7.4721E-08  7.9020E-01  5.2146E-01  2.8067E-01  5.2083E-01
  2.5910E+00  8.6895E+00  6.7152E-08  7.9643E-01  5.2146E-01  2.8071E-01  5.2084E-01
  2.6033E+00  8.7305E+00  5.9393E-08  8.0281E-01  5.2146E-01  2.8075E-01  5.2085E-01
  2.6152E+00  8.7705E+00  5.1824E-08  8.0904E-01  5.2146E-01  2.8080E-01  5.2086E-01
  2.6272E+00  8.8105E+00  4.4254E-08  8.1527E-01  5.2146E-01  2.8084E-01  5.2087E-01
  2.6392E+00  8.8505E+00  3.6685E-08  8.2150E-01  5.2146E-01  2.8088E-01  5.2088E-01
  2.6511E+00  8.8905E+00  2.9115E-08  8.2773E-01  5.2146E-01  2.8092E-01  5.2089E-01
  2.6631E+00  8.9305E+00  2.1546E-08  8.3396E-01  5.2146E-01  2.8096E-01  5.2089E-01
  2.6750E+00  8.9705E+00  1.3976E-08  8.4019E-01  5.2146E-01  2.8100E-01  5.2090E-01
  2.6873E+00  9.0115E+00  6.2178E-09  8.4658E-01  5.2146E-01  2.8105E-01  5.2091E-01
  2.6993E+00  9.0515E+00 -1.3517E-09  8.5281E-01  5.2146E-01  2.8109E-01  5.2092E-01
  2.7112E+00  9.0915E+00 -8.9211E-09  8.5904E-01  5.2146E-01  2.8113E-01  5.2093E-01
  2.7232E+00  9.1315E+00 -1.6491E-08  8.6527E-01  5.2146E-01  2.8117E-01  5.2093E-01
  2.7351E+00  9.1715E+00 -2.4060E-08  8.7150E-01  5.2146E-01  2.8121E-01  5.2094E-01
  2.7471E+00  9.2115E+00 -3.1629E-08  8.7773E-01  5.2146E-01  2.8126E-01  5.2095E-01
  2.7591E+00  9.2515E+00 -3.9199E-08  8.8396E-01  5.2146E-01  2.8130E-01  5.2096E-01
  2.7710E+00  9.2915E+00 -4.6768E-08  8.9019E-01  5.2146E-01  2.8134E-01  5.2096E-01
  2.7833E+00  9.3325E+00 -5.4527E-08  8.9658E-01  5.2146E-01  2.8138E-01  5.2097E-01
  2.7952E+00  9.3725E+00 -6.2097E-08  9.0281E-01  5.2146E-01  2.8142E-01  5.2098E-01
  2.8072E+00  9.4125E+00 -6.9666E-08  9.0904E-01  5.2146E-01  2.8147E-01  5.2098E-01
  2.8192E+00  9.4525E+00 -7.7235E-08  9.1527E-01  5.2146E-01  2.8151E-01  5.2099E-01
  2.8311E+00  9.4925E+00 -8.4805E-08  9.2150E-01  5.2146E-01  2.8155E-01  5.2099E-01
  2.8431E+00  9.5325E+00 -9.2374E-08  9.2774E-01  5.2146E-01  2.8159E-01  5.2100E-01
  2.8550E+00  9.5725E+00 -9.9944E-08  9.3397E-01  5.2146E-01  2.8163E-01  5.2101E-01
  2.8670E+00  9.6125E+00 -1.0751E-07  9.4020E-01  5.2146E-01  2.8168E-01  5.2101E-01
  2.8793E+00  9.6535E+00 -1.1527E-07  9.4659E-01  5.2146E-01  2.8172E-01  5.2102E-01
  2.8912E+00  9.6935E+00 -1.2284E-07  9.5282E-01  5.2146E-01  2.8176E-01  5.2102E-01
  2.9032E+00  9.7335E+00 -1.3041E-07  9.5905E-01  5.2146E-01  2.8180E-01  5.2103E-01
  2.9152E+00  9.7735E+00 -1.3798E-07  9.6528E-01  5.2146E-01  2.8185E-01  5.2103E-01
  2.9271E+00  9.8135E+00 -1.4555E-07  9.7151E-01  5.2146E-01  2.8189E-01  5.2104E-01
  2.9391E+00  9.8535E+00 -1.5312E-07  9.7775E-01  5.2146E-01  2.8193E-01  5.2105E-01
  2.9510E+00  9.8935E+00 -1.6065E-07  9.8398E-01  5.2228E-01  2.7900E-01  5.2188E-01
  2.9633E+00  9.9345E+00 -1.6773E-07  9.9046E-01  5.3775E-01  2.7166E-01  5.3739E-01
  2.9753E+00  9.9745E+00 -1.7373E-07  9.9693E-01  5.2078E-01  2.8284E-01  5.2038E-01
  2.9872E+00  1.0015E+01 -1.9237E-07  1.0004E+00  1.1139E-01  5.7789E-01 -1.0342E-01
  2.9992E+00  1.0055E+01 -2.1259E-07  9.9406E-01  7.8711E-01  2.9741E-01 -7.8683E-01
  3.0111E+00  1.0095E+01 -2.0800E-07  9.8665E-01  3.0530E-01  3.2398E-01 -3.0448E-01
  3.0231E+00  1.0135E+01 -2.1563E-07  9.8442E-01  3.5524E-01  5.2239E-01 -3.5346E-01
  3.0351E+00  1.0175E+01 -2.3000E-07  9.7698E-01  7.2005E-01  2.5562E-01 -7.1985E-01
  3.0470E+00  1.0215E+01 -2.2298E-07  9.7136E-01  1.6422E-01  2.7013E-01 -1.6326E-01
  3.0590E+00  1.0255E+01 -2.3663E-07  9.6871E-01  4.8255E-01  4.8257E-01 -4.8154E-01
  3.0713E+00  1.0296E+01 -2.4490E-07  9.6090E-01  6.0088E-01  2.5868E-01 -6.0066E-01
  3.0832E+00  1.0336E+01 -2.3887E-07  9.5708E-01  1.0703E-01  2.7642E-01 -1.0562E-01
  3.0952E+00  1.0376E+01 -2.5578E-07  9.5337E-01  5.7696E-01  3.9635E-01 -5.7644E-01
  3.1072E+00  1.0416E+01 -2.5849E-07  9.4617E-01  4.6015E-01  2.9101E-01 -4.5981E-01
  3.1192E+00  1.0456E+01 -2.5706E-07  9.4357E-01  1.4564E-01  3.9363E-01 -1.4372E-01
  3.1311E+00  1.0496E+01 -2.7429E-07  9.3883E-01  6.0341E-01  3.2100E-01 -6.0311E-01
  3.1431E+00  1.0536E+01 -2.7530E-07  9.3255E-01  3.1348E-01  3.1231E-01 -3.1295E-01
  3.1551E+00  1.0576E+01 -2.8472E-07  9.3054E-01  2.3866E-01  4.7877E-01 -2.3706E-01
  3.1671E+00  1.0616E+01 -3.0863E-07  9.2497E-01  5.8401E-01  2.9516E-01 -5.8377E-01
  3.1790E+00  1.0656E+01 -3.2319E-07  9.1988E-01  1.9175E-01  3.3759E-01 -1.9081E-01
  3.1910E+00  1.0696E+01 -3.5655E-07  9.1777E-01  3.4731E-01  5.1284E-01 -3.4614E-01
  3.2033E+00  1.0737E+01 -3.8785E-07  9.1155E-01  5.2730E-01  2.9051E-01 -5.2706E-01
  3.2153E+00  1.0777E+01 -4.0046E-07  9.0767E-01  1.3199E-01  2.6821E-01 -1.3119E-01
  3.2272E+00  1.0817E+01 -4.2341E-07  9.0466E-01  4.6568E-01  4.1926E-01 -4.6514E-01
  3.2392E+00  1.0857E+01 -4.3349E-07  8.9830E-01  4.6317E-01  2.6447E-01 -4.6296E-01
  3.2512E+00  1.0897E+01 -4.3714E-07  8.9511E-01  1.6642E-01  3.3450E-01 -1.6550E-01
  3.2632E+00  1.0937E+01 -4.5160E-07  8.9086E-01  5.4379E-01  3.4818E-01 -5.4349E-01
  3.2751E+00  1.0977E+01 -4.5400E-07  8.8459E-01  3.8831E-01  2.8396E-01 -3.8804E-01
  3.2871E+00  1.1017E+01 -4.5785E-07  8.8167E-01  2.5577E-01  4.3179E-01 -2.5483E-01
  3.2991E+00  1.1057E+01 -4.6687E-07  8.7628E-01  5.7884E-01  2.9135E-01 -5.7866E-01
  3.3111E+00  1.1097E+01 -4.6580E-07  8.7046E-01  3.1363E-01  2.8102E-01 -3.1332E-01
  3.3231E+00  1.1137E+01 -4.7046E-07  8.6735E-01  3.6532E-01  4.6032E-01 -3.6461E-01
  3.3351E+00  1.1177E+01 -4.7434E-07  8.6115E-01  5.7346E-01  2.5779E-01 -5.7332E-01
  3.3470E+00  1.1217E+01 -4.7118E-07  8.5598E-01  2.6193E-01  2.5405E-01 -2.6164E-01
  3.3590E+00  1.1257E+01 -4.7436E-07  8.5229E-01  4.6520E-01  4.2681E-01 -4.6474E-01
  3.3713E+00  1.1298E+01 -4.7184E-07  8.4550E-01  5.2941E-01  2.5507E-01 -5.2927E-01
  3.3833E+00  1.1338E+01 -4.6419E-07  8.4110E-01  2.5253E-01  2.9347E-01 -2.5215E-01
  3.3953E+00  1.1378E+01 -4.5789E-07  8.3654E-01  5.3800E-01  3.7789E-01 -5.3771E-01
  3.4072E+00  1.1418E+01 -4.4171E-07  8.2998E-01  4.5951E-01  3.1020E-01 -4.5928E-01
  3.4192E+00  1.1458E+01 -4.2413E-07  8.2615E-01  2.8533E-01  3.9897E-01 -2.8473E-01
  3.4312E+00  1.1498E+01 -4.1270E-07  8.2093E-01  5.5540E-01  3.2011E-01 -5.5520E-01
  3.4432E+00  1.1538E+01 -4.0198E-07  8.1492E-01  3.7060E-01  2.8150E-01 -3.7038E-01
  3.4552E+00  1.1578E+01 -3.9767E-07  8.1145E-01  3.3981E-01  4.2022E-01 -3.3927E-01
  3.4672E+00  1.1618E+01 -3.9638E-07  8.0577E-01  5.3871E-01  2.6655E-01 -5.3857E-01
  3.4791E+00  1.1658E+01 -3.9254E-07  8.0054E-01  2.9320E-01  2.6029E-01 -2.9296E-01
  3.4911E+00  1.1698E+01 -3.9300E-07  7.9705E-01  3.9928E-01  4.0984E-01 -3.9886E-01
  3.5031E+00  1.1738E+01 -3.9243E-07  7.9119E-01  4.9639E-01  2.5117E-01 -4.9627E-01
  3.5151E+00  1.1778E+01 -3.8973E-07  7.8677E-01  2.4717E-01  2.5529E-01 -2.4692E-01
  3.5271E+00  1.1818E+01 -3.9125E-07  7.8296E-01  4.4527E-01  3.6668E-01 -4.4498E-01
  3.5391E+00  1.1858E+01 -3.9002E-07  7.7720E-01  4.3482E-01  2.5420E-01 -4.3468E-01
  3.5510E+00  1.1898E+01 -3.8819E-07  7.7350E-01  2.4299E-01  3.1128E-01 -2.4262E-01
  3.5630E+00  1.1938E+01 -3.8971E-07  7.6923E-01  4.6984E-01  3.1876E-01 -4.6963E-01
  3.5750E+00  1.1978E+01 -3.8782E-07  7.6380E-01  3.6382E-01  2.6362E-01 -3.6365E-01
  3.5870E+00  1.2018E+01 -3.8706E-07  7.6057E-01  2.7430E-01  3.7632E-01 -2.7383E-01
  3.5993E+00  1.2059E+01 -3.8797E-07  7.5572E-01  4.6999E-01  2.7756E-01 -4.6984E-01
  3.6113E+00  1.2099E+01 -3.8567E-07  7.5090E-01  2.8796E-01  2.6019E-01 -2.8774E-01
  3.6233E+00  1.2139E+01 -3.8608E-07  7.4780E-01  3.2862E-01  3.9395E-01 -3.2820E-01
  3.6352E+00  1.2179E+01 -3.8611E-07  7.4279E-01  4.4470E-01  2.5559E-01 -4.4457E-01
  3.6472E+00  1.2219E+01 -3.8384E-07  7.3862E-01  2.3787E-01  2.5038E-01 -2.3764E-01
  3.6592E+00  1.2259E+01 -3.8494E-07  7.3536E-01  3.7338E-01  3.6710E-01 -3.7307E-01
  3.6712E+00  1.2299E+01 -3.8418E-07  7.3030E-01  4.0226E-01  2.4980E-01 -4.0212E-01
  3.6832E+00  1.2339E+01 -3.8238E-07  7.2676E-01  2.1971E-01  2.7853E-01 -2.1941E-01
  3.6952E+00  1.2379E+01 -3.8367E-07  7.2315E-01  4.0216E-01  3.2673E-01 -4.0194E-01
  3.7072E+00  1.2419E+01 -3.8225E-07  7.1828E-01  3.4720E-01  2.5442E-01 -3.4704E-01
  3.7191E+00  1.2459E+01 -3.8120E-07  7.1521E-01  2.3430E-01  3.3831E-01 -2.3390E-01
  3.7311E+00  1.2499E+01 -3.8212E-07  7.1122E-01  4.1107E-01  2.9059E-01 -4.1091E-01
  3.7431E+00  1.2539E+01 -3.8025E-07  7.0673E-01  2.8799E-01  2.5755E-01 -2.8780E-01
  3.7551E+00  1.2579E+01 -3.8011E-07  7.0390E-01  2.7047E-01  3.7318E-01 -2.7006E-01
  3.7671E+00  1.2619E+01 -3.8040E-07  6.9960E-01  4.0143E-01  2.6529E-01 -4.0129E-01
  3.7791E+00  1.2659E+01 -3.7840E-07  6.9561E-01  2.3731E-01  2.5159E-01 -2.3710E-01
  3.7911E+00  1.2699E+01 -3.7901E-07  6.9276E-01  3.1091E-01  3.6607E-01 -3.1057E-01
  3.8031E+00  1.2739E+01 -3.7864E-07  6.8832E-01  3.7440E-01  2.5227E-01 -3.7427E-01
  3.8150E+00  1.2779E+01 -3.7686E-07  6.8487E-01  2.0725E-01  2.5765E-01 -2.0701E-01
  3.8270E+00  1.2819E+01 -3.7788E-07  6.8180E-01  3.4270E-01  3.3587E-01 -3.4245E-01
  3.8390E+00  1.2859E+01 -3.7691E-07  6.7741E-01  3.3376E-01  2.5008E-01 -3.3362E-01
  3.8510E+00  1.2899E+01 -3.7567E-07  6.7443E-01  2.0532E-01  3.0041E-01 -2.0498E-01
  3.8633E+00  1.2940E+01 -3.7660E-07  6.7093E-01  3.6223E-01  2.9938E-01 -3.6204E-01
  3.8753E+00  1.2980E+01 -3.7512E-07  6.6679E-01  2.8118E-01  2.5343E-01 -2.8101E-01
  3.8873E+00  1.3020E+01 -3.7469E-07  6.6413E-01  2.3154E-01  3.4919E-01 -2.3114E-01
  3.8993E+00  1.3060E+01 -3.7514E-07  6.6040E-01  3.6111E-01  2.7375E-01 -3.6095E-01
  3.9112E+00  1.3100E+01 -3.7347E-07  6.5663E-01  2.3447E-01  2.5203E-01 -2.3427E-01
  3.9232E+00  1.3140E+01 -3.7376E-07  6.5405E-01  2.6557E-01  3.5724E-01 -2.6522E-01
  3.9352E+00  1.3180E+01 -3.7366E-07  6.5013E-01  3.4432E-01  2.5745E-01 -3.4418E-01
  3.9472E+00  1.3220E+01 -3.7203E-07  6.4682E-01  2.0049E-01  2.5191E-01 -2.0026E-01
  3.9592E+00  1.3260E+01 -3.7278E-07  6.4411E-01  2.9712E-01  3.3779E-01 -2.9684E-01
  3.9712E+00  1.3300E+01 -3.7211E-07  6.4015E-01  3.1527E-01  2.5046E-01 -3.1513E-01
  3.9832E+00  1.3340E+01 -3.7081E-07  6.3727E-01  1.8870E-01  2.7752E-01 -1.8841E-01
  3.9952E+00  1.3380E+01 -3.7163E-07  6.3431E-01  3.1766E-01  3.0933E-01 -3.1745E-01
  4.0072E+00  1.3420E+01 -3.7049E-07  6.3048E-01  2.7700E-01  2.5090E-01 -2.7684E-01
  4.0191E+00  1.3460E+01 -3.6974E-07  6.2792E-01  1.9981E-01  3.2082E-01 -1.9946E-01
  4.0311E+00  1.3500E+01 -3.7028E-07  6.2469E-01  3.2431E-01  2.8426E-01 -3.2414E-01
  4.0431E+00  1.3540E+01 -3.6885E-07  6.2112E-01  2.3550E-01  2.5182E-01 -2.3531E-01
  4.0551E+00  1.3580E+01 -3.6875E-07  6.1873E-01  2.2603E-01  3.4457E-01 -2.2567E-01
  4.0671E+00  1.3620E+01 -3.6884E-07  6.1527E-01  3.1779E-01  2.6572E-01 -3.1764E-01
  4.0791E+00  1.3660E+01 -3.6734E-07  6.1206E-01  1.9995E-01  2.5070E-01 -1.9974E-01
  4.0911E+00  1.3700E+01 -3.6777E-07  6.0964E-01  2.5518E-01  3.3863E-01 -2.5488E-01
  4.1031E+00  1.3740E+01 -3.6743E-07  6.0608E-01  2.9873E-01  2.5476E-01 -2.9858E-01
  4.1150E+00  1.3780E+01 -3.6627E-07  6.0324E-01  1.7919E-01  2.6105E-01 -1.7894E-01
  4.1270E+00  1.3820E+01 -3.6721E-07  6.0066E-01  2.7815E-01  3.1687E-01 -2.7791E-01
  4.1390E+00  1.3860E+01 -3.6691E-07  5.9714E-01  2.6968E-01  2.5084E-01 -2.6952E-01
  4.1510E+00  1.3900E+01 -3.6704E-07  5.9464E-01  1.7868E-01  2.9504E-01 -1.7836E-01
  4.1630E+00  1.3940E+01 -3.6969E-07  5.9181E-01  2.9095E-01  2.9608E-01 -2.9075E-01
  4.1753E+00  1.3981E+01 -3.7214E-07  5.8838E-01  2.3190E-01  2.5948E-01 -2.3172E-01
  4.1873E+00  1.4021E+01 -3.7649E-07  5.8611E-01  1.9881E-01  3.3862E-01 -1.9843E-01
  4.1993E+00  1.4061E+01 -3.8061E-07  5.8302E-01  2.9255E-01  2.8092E-01 -2.9238E-01
  4.2113E+00  1.4101E+01 -3.8112E-07  5.7993E-01  2.0001E-01  2.5428E-01 -1.9981E-01
  4.2232E+00  1.4141E+01 -3.8084E-07  5.7768E-01  2.2661E-01  3.3542E-01 -2.2629E-01
  4.2352E+00  1.4181E+01 -3.7852E-07  5.7442E-01  2.8383E-01  2.6031E-01 -2.8368E-01
  4.2472E+00  1.4221E+01 -3.7462E-07  5.7162E-01  1.7975E-01  2.5550E-01 -1.7952E-01
  4.2592E+00  1.4261E+01 -3.7169E-07  5.6921E-01  2.5400E-01  3.2021E-01 -2.5374E-01
  4.2712E+00  1.4301E+01 -3.6741E-07  5.6588E-01  2.6682E-01  2.5293E-01 -2.6667E-01
  4.2832E+00  1.4341E+01 -3.6293E-07  5.6333E-01  1.7621E-01  2.7826E-01 -1.7594E-01
  4.2952E+00  1.4381E+01 -3.5925E-07  5.6069E-01  2.7330E-01  2.9948E-01 -2.7309E-01
  4.3072E+00  1.4421E+01 -3.5436E-07  5.5740E-01  2.4278E-01  2.5065E-01 -2.4262E-01
  4.3192E+00  1.4461E+01 -3.4992E-07  5.5504E-01  1.8923E-01  3.0991E-01 -1.8891E-01
  4.3312E+00  1.4501E+01 -3.4560E-07  5.5214E-01  2.8206E-01  2.8080E-01 -2.8189E-01
  4.3431E+00  1.4541E+01 -3.4038E-07  5.4900E-01  2.1603E-01  2.5063E-01 -2.1585E-01
  4.3551E+00  1.4581E+01 -3.3579E-07  5.4671E-01  2.1274E-01  3.2607E-01 -2.1244E-01
  4.3671E+00  1.4621E+01 -3.3054E-07  5.4360E-01  2.8056E-01  2.6690E-01 -2.8041E-01
  4.3791E+00  1.4661E+01 -3.2449E-07  5.4068E-01  1.9326E-01  2.5342E-01 -1.9306E-01
  4.3911E+00  1.4701E+01 -3.1826E-07  5.3833E-01  2.3733E-01  3.2315E-01 -2.3706E-01
  4.4031E+00  1.4741E+01 -3.1035E-07  5.3512E-01  2.6850E-01  2.6431E-01 -2.6834E-01
  4.4151E+00  1.4781E+01 -3.0213E-07  5.3246E-01  1.8007E-01  2.7213E-01 -1.7982E-01
  4.4271E+00  1.4821E+01 -2.9543E-07  5.2996E-01  2.5509E-01  3.0804E-01 -2.5486E-01
  4.4391E+00  1.4861E+01 -2.9030E-07  5.2677E-01  2.4685E-01  2.5403E-01 -2.4669E-01
  4.4510E+00  1.4901E+01 -2.8731E-07  5.2436E-01  1.8027E-01  2.8996E-01 -1.7998E-01
  4.4630E+00  1.4941E+01 -2.8544E-07  5.2169E-01  2.6408E-01  2.8665E-01 -2.6389E-01
  4.4750E+00  1.4981E+01 -2.8369E-07  5.1863E-01  2.2074E-01  2.5093E-01 -2.2056E-01
  4.4870E+00  1.5021E+01 -2.8266E-07  5.1637E-01  1.9298E-01  3.1184E-01 -1.9267E-01
  4.4990E+00  1.5061E+01 -2.8155E-07  5.1354E-01  2.6392E-01  2.7244E-01 -2.6375E-01
  4.5113E+00  1.5102E+01 -2.8041E-07  5.1062E-01  1.9270E-01  2.5163E-01 -1.9251E-01
  4.5233E+00  1.5142E+01 -2.7980E-07  5.0841E-01  2.1385E-01  3.1584E-01 -2.1357E-01
  4.5353E+00  1.5182E+01 -2.7882E-07  5.0545E-01  2.5415E-01  2.6111E-01 -2.5399E-01
  4.5473E+00  1.5222E+01 -2.7790E-07  5.0287E-01  1.7466E-01  2.5808E-01 -1.7443E-01
  4.5593E+00  1.5262E+01 -2.7733E-07  5.0058E-01  2.3080E-01  3.0495E-01 -2.3056E-01
  4.5712E+00  1.5302E+01 -2.7630E-07  4.9762E-01  2.3756E-01  2.5487E-01 -2.3740E-01
  4.5832E+00  1.5342E+01 -2.7553E-07  4.9527E-01  1.6910E-01  2.7673E-01 -1.6883E-01
  4.5952E+00  1.5382E+01 -2.7489E-07  4.9284E-01  2.4156E-01  2.9013E-01 -2.4136E-01
  4.6072E+00  1.5422E+01 -2.7387E-07  4.8995E-01  2.1582E-01  2.5172E-01 -2.1565E-01
  4.6192E+00  1.5462E+01 -2.7323E-07  4.8778E-01  1.7608E-01  2.9902E-01 -1.7578E-01
  4.6312E+00  1.5502E+01 -2.7249E-07  4.8520E-01  2.4460E-01  2.7646E-01 -2.4441E-01
  4.6432E+00  1.5542E+01 -2.7152E-07  4.8246E-01  1.9241E-01  2.5142E-01 -1.9221E-01
  4.6552E+00  1.5582E+01 -2.7097E-07  4.8037E-01  1.9102E-01  3.0961E-01 -1.9072E-01
  4.6672E+00  1.5622E+01 -2.7013E-07  4.7768E-01  2.4026E-01  2.6599E-01 -2.4009E-01
  4.6792E+00  1.5662E+01 -2.6923E-07  4.7514E-01  1.7268E-01  2.5429E-01 -1.7246E-01
  4.6911E+00  1.5702E+01 -2.6871E-07  4.7304E-01  2.0716E-01  3.0527E-01 -2.0689E-01
  4.7031E+00  1.5742E+01 -2.6780E-07  4.7029E-01  2.2884E-01  2.5855E-01 -2.2867E-01
  4.7151E+00  1.5782E+01 -2.6703E-07  4.6798E-01  1.6168E-01  2.6547E-01 -1.6142E-01
  4.7271E+00  1.5822E+01 -2.6647E-07  4.6577E-01  2.1957E-01  2.9362E-01 -2.1933E-01
  4.7391E+00  1.5862E+01 -2.6553E-07  4.6305E-01  2.1175E-01  2.5407E-01 -2.1157E-01
  4.7511E+00  1.5902E+01 -2.6489E-07  4.6093E-01  1.6224E-01  2.8520E-01 -1.6195E-01
  4.7631E+00  1.5942E+01 -2.6425E-07  4.5859E-01  2.2612E-01  2.8130E-01 -2.2591E-01
  4.7751E+00  1.5982E+01 -2.6333E-07  4.5596E-01  1.9171E-01  2.5233E-01 -1.9152E-01
  4.7871E+00  1.6022E+01 -2.6278E-07  4.5396E-01  1.7230E-01  3.0071E-01 -1.7199E-01
  4.7991E+00  1.6062E+01 -2.6205E-07  4.5150E-01  2.2574E-01  2.7092E-01 -2.2555E-01
  4.8110E+00  1.6102E+01 -2.6117E-07  4.4903E-01  1.7213E-01  2.5326E-01 -1.7191E-01
  4.8230E+00  1.6142E+01 -2.6065E-07  4.4706E-01  1.8644E-01  3.0315E-01 -1.8615E-01
  4.8350E+00  1.6182E+01 -2.5981E-07  4.4452E-01  2.1873E-01  2.6290E-01 -2.1854E-01
  4.8470E+00  1.6222E+01 -2.5902E-07  4.4224E-01  1.5781E-01  2.5929E-01 -1.5756E-01
  4.8590E+00  1.6262E+01 -2.5849E-07  4.4022E-01  1.9962E-01  2.9574E-01 -1.9936E-01
  4.8710E+00  1.6302E+01 -2.5761E-07  4.3766E-01  2.0636E-01  2.5728E-01 -2.0617E-01
  4.8833E+00  1.6343E+01 -2.5693E-07  4.3553E-01  1.5316E-01  2.7563E-01 -1.5287E-01
  4.8953E+00  1.6383E+01 -2.5634E-07  4.3338E-01  2.0922E-01  2.8398E-01 -2.0899E-01
  4.9073E+00  1.6423E+01 -2.5541E-07  4.3088E-01  1.8810E-01  2.5391E-01 -1.8790E-01
  4.9193E+00  1.6463E+01 -2.5477E-07  4.2894E-01  1.5895E-01  2.9192E-01 -1.5863E-01
  4.9313E+00  1.6503E+01 -2.5402E-07  4.2668E-01  2.1129E-01  2.7421E-01 -2.1108E-01
  4.9432E+00  1.6543E+01 -2.5310E-07  4.2431E-01  1.7003E-01  2.5364E-01 -1.6980E-01
  4.9552E+00  1.6583E+01 -2.5253E-07  4.2243E-01  1.7063E-01  2.9886E-01 -1.7033E-01
  4.9672E+00  1.6623E+01 -2.5170E-07  4.2007E-01  2.0768E-01  2.6629E-01 -2.0747E-01
  4.9792E+00  1.6663E+01 -2.5086E-07  4.1786E-01  1.5498E-01  2.5703E-01 -1.5473E-01
  4.9912E+00  1.6703E+01 -2.5030E-07  4.1596E-01  1.8303E-01  2.9529E-01 -1.8275E-01
  5.0032E+00  1.6743E+01 -2.4942E-07  4.1357E-01  1.9859E-01  2.6065E-01 -1.9839E-01
  5.0152E+00  1.6783E+01 -2.4868E-07  4.1152E-01  1.4687E-01  2.6731E-01 -1.4658E-01
  5.0272E+00  1.6823E+01 -2.4808E-07  4.0955E-01  1.9243E-01  2.8709E-01 -1.9217E-01
  5.0392E+00  1.6863E+01 -2.4719E-07  4.0718E-01  1.8513E-01  2.5670E-01 -1.8491E-01
  5.0512E+00  1.6903E+01 -2.4654E-07  4.0528E-01  1.4775E-01  2.8228E-01 -1.4742E-01
  5.0631E+00  1.6943E+01 -2.4587E-07  4.0320E-01  1.9725E-01  2.7814E-01 -1.9701E-01
  5.0751E+00  1.6983E+01 -2.4501E-07  4.0092E-01  1.6945E-01  2.5502E-01 -1.6922E-01
  5.0871E+00  1.7023E+01 -2.4445E-07  3.9911E-01  1.5582E-01  2.9305E-01 -1.5549E-01
  5.0991E+00  1.7063E+01 -2.4373E-07  3.9693E-01  1.9668E-01  2.7043E-01 -1.9646E-01
  5.1111E+00  1.7103E+01 -2.4296E-07  3.9477E-01  1.5426E-01  2.5618E-01 -1.5401E-01
  5.1231E+00  1.7143E+01 -2.4252E-07  3.9298E-01  1.6684E-01  2.9427E-01 -1.6653E-01
  5.1351E+00  1.7183E+01 -2.4190E-07  3.9075E-01  1.9096E-01  2.6429E-01 -1.9074E-01
  5.1471E+00  1.7223E+01 -2.4153E-07  3.8874E-01  1.4338E-01  2.6224E-01 -1.4309E-01
  5.1591E+00  1.7263E+01 -2.4175E-07  3.8690E-01  1.7696E-01  2.8947E-01 -1.7668E-01
  5.1711E+00  1.7303E+01 -2.4226E-07  3.8466E-01  1.8112E-01  2.6224E-01 -1.8089E-01
  5.1831E+00  1.7343E+01 -2.4341E-07  3.8279E-01  1.4009E-01  2.7818E-01 -1.3976E-01
  5.1950E+00  1.7383E+01 -2.4403E-07  3.8087E-01  1.8386E-01  2.8520E-01 -1.8359E-01
  5.2070E+00  1.7423E+01 -2.4270E-07  3.7867E-01  1.6888E-01  2.5913E-01 -1.6864E-01
  5.2190E+00  1.7463E+01 -2.3975E-07  3.7689E-01  1.4558E-01  2.8687E-01 -1.4524E-01
  5.2310E+00  1.7503E+01 -2.3527E-07  3.7486E-01  1.8765E-01  2.7436E-01 -1.8740E-01
  5.2430E+00  1.7543E+01 -2.2998E-07  3.7273E-01  1.5696E-01  2.5673E-01 -1.5671E-01
  5.2553E+00  1.7584E+01 -2.2439E-07  3.7093E-01  1.5833E-01  2.9201E-01 -1.5800E-01
  5.2673E+00  1.7624E+01 -2.1840E-07  3.6879E-01  1.8736E-01  2.6743E-01 -1.8713E-01
  5.2793E+00  1.7664E+01 -2.1247E-07  3.6676E-01  1.4662E-01  2.6030E-01 -1.4634E-01
  5.2913E+00  1.7704E+01 -2.0649E-07  3.6496E-01  1.7054E-01  2.8909E-01 -1.7024E-01
  5.3033E+00  1.7744E+01 -2.0022E-07  3.6276E-01  1.8256E-01  2.6263E-01 -1.8233E-01
  5.3153E+00  1.7784E+01 -1.9424E-07  3.6083E-01  1.4314E-01  2.6888E-01 -1.4282E-01
  5.3272E+00  1.7824E+01 -1.8800E-07  3.5894E-01  1.8016E-01  2.8279E-01 -1.7989E-01
  5.3392E+00  1.7864E+01 -1.8168E-07  3.5673E-01  1.7421E-01  2.5928E-01 -1.7397E-01
  5.3512E+00  1.7904E+01 -1.7562E-07  3.5489E-01  1.4653E-01  2.8023E-01 -1.4619E-01
  5.3632E+00  1.7944E+01 -1.6908E-07  3.5288E-01  1.8593E-01  2.7625E-01 -1.8567E-01
  5.3752E+00  1.7984E+01 -1.6256E-07  3.5072E-01  1.6391E-01  2.5812E-01 -1.6366E-01
  5.3872E+00  1.8024E+01 -1.5589E-07  3.4892E-01  1.5498E-01  2.8836E-01 -1.5464E-01
  5.3992E+00  1.8064E+01 -1.4847E-07  3.4682E-01  1.8682E-01  2.7250E-01 -1.8657E-01
  5.4112E+00  1.8104E+01 -1.4139E-07  3.4474E-01  1.5326E-01  2.6240E-01 -1.5298E-01
  5.4232E+00  1.8144E+01 -1.3515E-07  3.4294E-01  1.6432E-01  2.8986E-01 -1.6400E-01
  5.4352E+00  1.8184E+01 -1.3045E-07  3.4080E-01  1.8235E-01  2.6630E-01 -1.8210E-01
  5.4471E+00  1.8224E+01 -1.2775E-07  3.3883E-01  1.4498E-01  2.6445E-01 -1.4467E-01
  5.4591E+00  1.8264E+01 -1.2572E-07  3.3700E-01  1.7196E-01  2.8339E-01 -1.7166E-01
  5.4711E+00  1.8304E+01 -1.2423E-07  3.3485E-01  1.7420E-01  2.6163E-01 -1.7395E-01
  5.4831E+00  1.8344E+01 -1.2331E-07  3.3300E-01  1.4245E-01  2.7324E-01 -1.4211E-01
  5.4951E+00  1.8384E+01 -1.2208E-07  3.3110E-01  1.7662E-01  2.7773E-01 -1.7634E-01
  5.5071E+00  1.8424E+01 -1.2112E-07  3.2899E-01  1.6361E-01  2.5933E-01 -1.6334E-01
  5.5191E+00  1.8464E+01 -1.2037E-07  3.2723E-01  1.4575E-01  2.8181E-01 -1.4539E-01
  5.5311E+00  1.8504E+01 -1.1925E-07  3.2526E-01  1.7765E-01  2.7245E-01 -1.7738E-01
  5.5431E+00  1.8544E+01 -1.1846E-07  3.2323E-01  1.5227E-01  2.5910E-01 -1.5199E-01
  5.5551E+00  1.8584E+01 -1.1765E-07  3.2151E-01  1.5264E-01  2.8523E-01 -1.5229E-01
  5.5671E+00  1.8624E+01 -1.1660E-07  3.1949E-01  1.7519E-01  2.6792E-01 -1.7492E-01
  5.5790E+00  1.8664E+01 -1.1591E-07  3.1756E-01  1.4281E-01  2.6187E-01 -1.4249E-01
  5.5910E+00  1.8704E+01 -1.1500E-07  3.1583E-01  1.5996E-01  2.8336E-01 -1.5963E-01
  5.6030E+00  1.8744E+01 -1.1401E-07  3.1379E-01  1.6938E-01  2.6400E-01 -1.6910E-01
  5.6150E+00  1.8784E+01 -1.1336E-07  3.1197E-01  1.3761E-01  2.6812E-01 -1.3726E-01
  5.6270E+00  1.8824E+01 -1.1235E-07  3.1019E-01  1.6544E-01  2.7882E-01 -1.6512E-01
  5.6390E+00  1.8864E+01 -1.1145E-07  3.0817E-01  1.6086E-01  2.6125E-01 -1.6057E-01
  5.6513E+00  1.8905E+01 -1.1076E-07  3.0640E-01  1.3841E-01  2.7719E-01 -1.3803E-01
  5.6633E+00  1.8945E+01 -1.0972E-07  3.0455E-01  1.6845E-01  2.7365E-01 -1.6815E-01
  5.6753E+00  1.8985E+01 -1.0892E-07  3.0259E-01  1.5000E-01  2.5990E-01 -1.4969E-01
  5.6873E+00  1.9025E+01 -1.0818E-07  3.0092E-01  1.4348E-01  2.8208E-01 -1.4309E-01
  5.6993E+00  1.9065E+01 -1.0715E-07  2.9902E-01  1.6748E-01  2.6950E-01 -1.6717E-01
  5.7112E+00  1.9105E+01 -1.0644E-07  2.9714E-01  1.4059E-01  2.6118E-01 -1.4025E-01
  5.7232E+00  1.9145E+01 -1.0560E-07  2.9548E-01  1.5001E-01  2.8209E-01 -1.4964E-01
  5.7352E+00  1.9185E+01 -1.0464E-07  2.9355E-01  1.6336E-01  2.6598E-01 -1.6306E-01
  5.7472E+00  1.9225E+01 -1.0399E-07  2.9177E-01  1.3412E-01  2.6563E-01 -1.3374E-01
  5.7592E+00  1.9265E+01 -1.0306E-07  2.9008E-01  1.5575E-01  2.7903E-01 -1.5540E-01
  5.7712E+00  1.9305E+01 -1.0217E-07  2.8815E-01  1.5675E-01  2.6315E-01 -1.5643E-01
  5.7832E+00  1.9345E+01 -1.0154E-07  2.8646E-01  1.3234E-01  2.7248E-01 -1.3194E-01
  5.7952E+00  1.9385E+01 -1.0055E-07  2.8472E-01  1.5915E-01  2.7507E-01 -1.5881E-01
  5.8072E+00  1.9425E+01 -9.9760E-08  2.8283E-01  1.4828E-01  2.6138E-01 -1.4795E-01
  5.8192E+00  1.9465E+01 -9.9091E-08  2.8120E-01  1.3507E-01  2.7841E-01 -1.3465E-01
  5.8312E+00  1.9505E+01 -9.8115E-08  2.7942E-01  1.5970E-01  2.7130E-01 -1.5936E-01
  5.8431E+00  1.9545E+01 -9.7409E-08  2.7759E-01  1.3934E-01  2.6133E-01 -1.3897E-01
  5.8551E+00  1.9585E+01 -9.6659E-08  2.7599E-01  1.4046E-01  2.8052E-01 -1.4004E-01
  5.8671E+00  1.9625E+01 -9.5721E-08  2.7416E-01  1.5753E-01  2.6801E-01 -1.5719E-01
  5.8791E+00  1.9665E+01 -9.5085E-08  2.7241E-01  1.3198E-01  2.6376E-01 -1.3159E-01
  5.8911E+00  1.9705E+01 -9.4249E-08  2.7081E-01  1.4605E-01  2.7905E-01 -1.4564E-01
  5.9031E+00  1.9745E+01 -9.3383E-08  2.6897E-01  1.5274E-01  2.6523E-01 -1.5239E-01
  5.9151E+00  1.9785E+01 -9.2792E-08  2.6731E-01  1.2808E-01  2.6882E-01 -1.2765E-01
  5.9271E+00  1.9825E+01 -9.1904E-08  2.6567E-01  1.5012E-01  2.7596E-01 -1.4973E-01
  5.9391E+00  1.9865E+01 -9.1122E-08  2.6385E-01  1.4588E-01  2.6314E-01 -1.4551E-01
  5.9511E+00  1.9905E+01 -9.0516E-08  2.6225E-01  1.2849E-01  2.7470E-01 -1.2803E-01
  5.9631E+00  1.9945E+01 -8.9603E-08  2.6057E-01  1.5198E-01  2.7266E-01 -1.5160E-01
  5.9751E+00  1.9985E+01 -8.8904E-08  2.5879E-01  1.3801E-01  2.6220E-01 -1.3762E-01
  5.9870E+00  2.0025E+01 -8.8242E-08  2.5724E-01  1.3222E-01  2.7824E-01 -1.3176E-01
  5.9990E+00  2.0065E+01 -8.7351E-08  2.5552E-01  1.5126E-01  2.6966E-01 -1.5088E-01
  6.0110E+00  2.0105E+01 -8.6722E-08  2.5380E-01  1.3050E-01  2.6325E-01 -1.3007E-01
  6.0230E+00  2.0145E+01 -8.5979E-08  2.5227E-01  1.3720E-01  2.7851E-01 -1.3675E-01
  6.0350E+00  2.0185E+01 -8.5133E-08  2.5052E-01  1.4807E-01  2.6718E-01 -1.4768E-01
  6.0473E+00  2.0226E+01 -8.4535E-08  2.4884E-01  1.2492E-01  2.6705E-01 -1.2445E-01
  6.0593E+00  2.0266E+01 -8.3709E-08  2.4728E-01  1.4221E-01  2.7620E-01 -1.4177E-01
  6.0713E+00  2.0306E+01 -8.2932E-08  2.4554E-01  1.4238E-01  2.6481E-01 -1.4197E-01
  6.0833E+00  2.0346E+01 -8.2353E-08  2.4398E-01  1.2368E-01  2.7206E-01 -1.2318E-01
  6.0953E+00  2.0386E+01 -8.1488E-08  2.4238E-01  1.4464E-01  2.7343E-01 -1.4420E-01
  6.1073E+00  2.0426E+01 -8.0793E-08  2.4066E-01  1.3560E-01  2.6350E-01 -1.3517E-01
  6.1192E+00  2.0466E+01 -8.0191E-08  2.3915E-01  1.2589E-01  2.7606E-01 -1.2538E-01
  6.1312E+00  2.0506E+01 -7.9358E-08  2.3751E-01  1.4483E-01  2.7078E-01 -1.4439E-01
  6.1432E+00  2.0546E+01 -7.8781E-08  2.3585E-01  1.2854E-01  2.6359E-01 -1.2807E-01
  6.1552E+00  2.0586E+01 -7.8221E-08  2.3436E-01  1.3007E-01  2.7737E-01 -1.2955E-01
  6.1672E+00  2.0626E+01 -7.7611E-08  2.3270E-01  1.4291E-01  2.6866E-01 -1.4247E-01
  6.1792E+00  2.0666E+01 -7.7236E-08  2.3110E-01  1.2286E-01  2.6611E-01 -1.2235E-01
  6.1912E+00  2.0706E+01 -7.6226E-08  2.2960E-01  1.3438E-01  2.7680E-01 -1.3387E-01
  6.2032E+00  2.0746E+01 -7.4146E-08  2.2793E-01  1.3918E-01  2.6683E-01 -1.3872E-01
  6.2152E+00  2.0786E+01 -7.1082E-08  2.2639E-01  1.2032E-01  2.6962E-01 -1.1977E-01
  6.2272E+00  2.0826E+01 -6.6848E-08  2.2487E-01  1.3792E-01  2.7418E-01 -1.3742E-01
  6.2392E+00  2.0866E+01 -6.2210E-08  2.2320E-01  1.3435E-01  2.6502E-01 -1.3387E-01
  6.2511E+00  2.0906E+01 -5.7446E-08  2.2171E-01  1.2152E-01  2.7362E-01 -1.2096E-01
  6.2631E+00  2.0946E+01 -5.2237E-08  2.2014E-01  1.3996E-01  2.7188E-01 -1.3947E-01
  6.2751E+00  2.0986E+01 -4.7184E-08  2.1850E-01  1.2894E-01  2.6439E-01 -1.2843E-01
  6.2871E+00  2.1026E+01 -4.2082E-08  2.1704E-01  1.2529E-01  2.7590E-01 -1.2471E-01
  6.2991E+00  2.1066E+01 -3.6742E-08  2.1543E-01  1.4001E-01  2.6978E-01 -1.3951E-01
  6.3111E+00  2.1106E+01 -3.1693E-08  2.1383E-01  1.2389E-01  2.6521E-01 -1.2334E-01
  6.3231E+00  2.1146E+01 -2.6455E-08  2.1236E-01  1.2988E-01  2.7585E-01 -1.2931E-01
  6.3351E+00  2.1186E+01 -2.1160E-08  2.1073E-01  1.3811E-01  2.6794E-01 -1.3760E-01
  6.3471E+00  2.1226E+01 -1.6162E-08  2.0918E-01  1.2060E-01  2.6776E-01 -1.2001E-01
  6.3591E+00  2.1266E+01 -1.0840E-08  2.0769E-01  1.3390E-01  2.7439E-01 -1.3334E-01
  6.3711E+00  2.1306E+01 -5.6403E-09  2.0605E-01  1.3461E-01  2.6642E-01 -1.3408E-01
  6.3830E+00  2.1346E+01 -6.3585E-10  2.0455E-01  1.2006E-01  2.7134E-01 -1.1944E-01
  6.3950E+00  2.1386E+01  4.7160E-09  2.0303E-01  1.3631E-01  2.7268E-01 -1.3576E-01
  6.4070E+00  2.1426E+01  9.5994E-09  2.0141E-01  1.2975E-01  2.6576E-01 -1.2919E-01
  6.4190E+00  2.1466E+01  1.3802E-08  1.9995E-01  1.2186E-01  2.7431E-01 -1.2122E-01
  6.4310E+00  2.1506E+01  1.7211E-08  1.9839E-01  1.3658E-01  2.7076E-01 -1.3602E-01
  6.4430E+00  2.1546E+01  1.9247E-08  1.9681E-01  1.2423E-01  2.6540E-01 -1.2363E-01
  6.4553E+00  2.1587E+01  2.0789E-08  1.9533E-01  1.2540E-01  2.7487E-01 -1.2475E-01
  6.4673E+00  2.1627E+01  2.2016E-08  1.9375E-01  1.3489E-01  2.6878E-01 -1.3431E-01
  6.4793E+00  2.1667E+01  2.2762E-08  1.9222E-01  1.1931E-01  2.6698E-01 -1.1866E-01
  6.4913E+00  2.1707E+01  2.3736E-08  1.9078E-01  1.2846E-01  2.7402E-01 -1.2781E-01
  6.5033E+00  2.1747E+01  2.4572E-08  1.8920E-01  1.3160E-01  2.6739E-01 -1.3099E-01
  6.5153E+00  2.1787E+01  2.5164E-08  1.8772E-01  1.1708E-01  2.6971E-01 -1.1638E-01
  6.5272E+00  2.1827E+01  2.6098E-08  1.8626E-01  1.3050E-01  2.7256E-01 -1.2985E-01
  6.5392E+00  2.1867E+01  2.6799E-08  1.8469E-01  1.2713E-01  2.6635E-01 -1.2649E-01
  6.5512E+00  2.1907E+01  2.7420E-08  1.8326E-01  1.1742E-01  2.7241E-01 -1.1669E-01
  6.5632E+00  2.1947E+01  2.8329E-08  1.8177E-01  1.3118E-01  2.7104E-01 -1.3052E-01
  6.5752E+00  2.1987E+01  2.8945E-08  1.8024E-01  1.2217E-01  2.6597E-01 -1.2149E-01
  6.5872E+00  2.2027E+01  2.9646E-08  1.7884E-01  1.1959E-01  2.7377E-01 -1.1884E-01
  6.5992E+00  2.2067E+01  3.0500E-08  1.7733E-01  1.3031E-01  2.6964E-01 -1.2964E-01
  6.6112E+00  2.2107E+01  3.1056E-08  1.7583E-01  1.1759E-01  2.6658E-01 -1.1685E-01
  6.6232E+00  2.2147E+01  3.1844E-08  1.7444E-01  1.2232E-01  2.7358E-01 -1.2157E-01
  6.6352E+00  2.2187E+01  3.2622E-08  1.7292E-01  1.2800E-01  2.6834E-01 -1.2730E-01
  6.6472E+00  2.2227E+01  3.3161E-08  1.7148E-01  1.1448E-01  2.6842E-01 -1.1368E-01
  6.6591E+00  2.2267E+01  3.4012E-08  1.7007E-01  1.2460E-01  2.7259E-01 -1.2384E-01
  6.6711E+00  2.2307E+01  3.4711E-08  1.6856E-01  1.2457E-01  2.6732E-01 -1.2383E-01
  6.6831E+00  2.2347E+01  3.5278E-08  1.6716E-01  1.1357E-01  2.7077E-01 -1.1273E-01
  6.6951E+00  2.2387E+01  3.6146E-08  1.6574E-01  1.2575E-01  2.7137E-01 -1.2498E-01
  6.7071E+00  2.2427E+01  3.6767E-08  1.6425E-01  1.2035E-01  2.6670E-01 -1.1956E-01
  6.7191E+00  2.2467E+01  3.7394E-08  1.6288E-01  1.1467E-01  2.7249E-01 -1.1380E-01
  6.7311E+00  2.2507E+01  3.8226E-08  1.6144E-01  1.2559E-01  2.7019E-01 -1.2479E-01
  6.7431E+00  2.2547E+01  3.8788E-08  1.5998E-01  1.1600E-01  2.6678E-01 -1.1515E-01
  6.7551E+00  2.2587E+01  3.9500E-08  1.5863E-01  1.1688E-01  2.7296E-01 -1.1598E-01
  6.7671E+00  2.2627E+01  4.0272E-08  1.5717E-01  1.2419E-01  2.6913E-01 -1.2336E-01
  6.7791E+00  2.2667E+01  4.0801E-08  1.5576E-01  1.1248E-01  2.6780E-01 -1.1156E-01
  6.7911E+00  2.2707E+01  4.1583E-08  1.5441E-01  1.1906E-01  2.7246E-01 -1.1815E-01
  6.8030E+00  2.2747E+01  4.2283E-08  1.5295E-01  1.2163E-01  2.6821E-01 -1.2075E-01
  6.8150E+00  2.2787E+01  4.2815E-08  1.5158E-01  1.1060E-01  2.6958E-01 -1.0962E-01
  6.8270E+00  2.2827E+01  4.3632E-08  1.5021E-01  1.2050E-01  2.7154E-01 -1.1957E-01
  6.8390E+00  2.2867E+01  4.4262E-08  1.4877E-01  1.1818E-01  2.6753E-01 -1.1725E-01
  6.8510E+00  2.2907E+01  4.4839E-08  1.4743E-01  1.1065E-01  2.7131E-01 -1.0962E-01
  6.8633E+00  2.2948E+01  4.5665E-08  1.4601E-01  1.2101E-01  2.7048E-01 -1.2005E-01
  6.8753E+00  2.2988E+01  4.6229E-08  1.4460E-01  1.1401E-01  2.6726E-01 -1.1301E-01
  6.8873E+00  2.3028E+01  4.6884E-08  1.4328E-01  1.1240E-01  2.7224E-01 -1.1133E-01
  6.8993E+00  2.3068E+01  4.7642E-08  1.4189E-01  1.2014E-01  2.6960E-01 -1.1915E-01
  6.9113E+00  2.3108E+01  4.8161E-08  1.4050E-01  1.1052E-01  2.6777E-01 -1.0944E-01
  6.9233E+00  2.3148E+01  4.8880E-08  1.3920E-01  1.1430E-01  2.7209E-01 -1.1320E-01
  6.9352E+00  2.3188E+01  4.9570E-08  1.3780E-01  1.1822E-01  2.6883E-01 -1.1717E-01
  6.9472E+00  2.3228E+01  5.0082E-08  1.3645E-01  1.0818E-01  2.6901E-01 -1.0702E-01
  6.9592E+00  2.3268E+01  5.0847E-08  1.3514E-01  1.1580E-01  2.7146E-01 -1.1468E-01
  6.9712E+00  2.3308E+01  5.1473E-08  1.3374E-01  1.1548E-01  2.6820E-01 -1.1436E-01
  6.9832E+00  2.3348E+01  5.2013E-08  1.3244E-01  1.0750E-01  2.7047E-01 -1.0626E-01
  6.9952E+00  2.3388E+01  5.2785E-08  1.3111E-01  1.1645E-01  2.7071E-01 -1.1528E-01
  7.0072E+00  2.3428E+01  5.3360E-08  1.2973E-01  1.1192E-01  2.6790E-01 -1.1071E-01
  7.0192E+00  2.3468E+01  5.3884E-08  1.2849E-01  9.9404E-02  2.6911E-01 -9.8013E-02
  7.0312E+00  2.3508E+01  5.4595E-08  1.2733E-01  9.7638E-02  2.7003E-01 -9.6186E-02
  7.0432E+00  2.3548E+01  5.5320E-08  1.2618E-01  9.7872E-02  2.6990E-01 -9.6398E-02
  7.0552E+00  2.3588E+01  5.6037E-08  1.2502E-01  9.7934E-02  2.6986E-01 -9.6433E-02
  7.0672E+00  2.3628E+01  5.6753E-08  1.2386E-01  9.7934E-02  2.6986E-01 -9.6405E-02
  7.0791E+00  2.3668E+01  5.7469E-08  1.2271E-01  9.7934E-02  2.6986E-01 -9.6376E-02
  7.0911E+00  2.3708E+01  5.8185E-08  1.2155E-01  9.7934E-02  2.6986E-01 -9.6346E-02
  7.1031E+00  2.3748E+01  5.8901E-08  1.2040E-01  9.7934E-02  2.6986E-01 -9.6315E-02
  7.1151E+00  2.3788E+01  5.9617E-08  1.1924E-01  9.7934E-02  2.6986E-01 -9.6283E-02
  7.1271E+00  2.3828E+01  6.0333E-08  1.1809E-01  9.7934E-02  2.6987E-01 -9.6250E-02
  7.1391E+00  2.3868E+01  6.1049E-08  1.1693E-01  9.7934E-02  2.6987E-01 -9.6216E-02
  7.1511E+00  2.3908E+01  6.1765E-08  1.1578E-01  9.7934E-02  2.6987E-01 -9.6182E-02
  7.1631E+00  2.3948E+01  6.2481E-08  1.1463E-01  9.7934E-02  2.6987E-01 -9.6146E-02
  7.1751E+00  2.3988E+01  6.3197E-08  1.1348E-01  9.7934E-02  2.6987E-01 -9.6109E-02
  7.1871E+00  2.4028E+01  6.3913E-08  1.1232E-01  9.7934E-02  2.6987E-01 -9.6071E-02
  7.1991E+00  2.4068E+01  6.4629E-08  1.1117E-01  9.7934E-02  2.6987E-01 -9.6032E-02
  7.2110E+00  2.4108E+01  6.5345E-08  1.1002E-01  9.7934E-02  2.6988E-01 -9.5991E-02
  7.2230E+00  2.4148E+01  6.6061E-08  1.0887E-01  9.7934E-02  2.6988E-01 -9.5950E-02
  7.2350E+00  2.4188E+01  6.6778E-08  1.0772E-01  9.7934E-02  2.6988E-01 -9.5907E-02
  7.2470E+00  2.4228E+01  6.7494E-08  1.0657E-01  9.7934E-02  2.6988E-01 -9.5862E-02
  7.2590E+00  2.4268E+01  6.8210E-08  1.0542E-01  9.7934E-02  2.6988E-01 -9.5816E-02
  7.2710E+00  2.4308E+01  6.8926E-08  1.0427E-01  9.7934E-02  2.6988E-01 -9.5769E-02
  7.2833E+00  2.4349E+01  6.9660E-08  1.0309E-01  9.7934E-02  2.6989E-01 -9.5718E-02
  7.2953E+00  2.4389E+01  7.0376E-08  1.0195E-01  9.7934E-02  2.6989E-01 -9.5668E-02
  7.3073E+00  2.4429E+01  7.1092E-08  1.0080E-01  9.7934E-02  2.6989E-01 -9.5615E-02
  7.3193E+00  2.4469E+01  7.1808E-08  9.9654E-02  9.7934E-02  2.6989E-01 -9.5561E-02
  7.3313E+00  2.4509E+01  7.2524E-08  9.8508E-02  9.7934E-02  2.6989E-01 -9.5505E-02
  7.3433E+00  2.4549E+01  7.3240E-08  9.7364E-02  9.7934E-02  2.6989E-01 -9.5446E-02
  7.3552E+00  2.4589E+01  7.3956E-08  9.6219E-02  9.7934E-02  2.6989E-01 -9.5386E-02
  7.3672E+00  2.4629E+01  7.4672E-08  9.5076E-02  9.7934E-02  2.6990E-01 -9.5323E-02
  7.3792E+00  2.4669E+01  7.5388E-08  9.3933E-02  9.7934E-02  2.6990E-01 -9.5259E-02
  7.3912E+00  2.4709E+01  7.6104E-08  9.2792E-02  9.7934E-02  2.6990E-01 -9.5191E-02
  7.4032E+00  2.4749E+01  7.6820E-08  9.1650E-02  9.7934E-02  2.6990E-01 -9.5122E-02
  7.4152E+00  2.4789E+01  7.7536E-08  9.0510E-02  9.7934E-02  2.6990E-01 -9.5049E-02
  7.4272E+00  2.4829E+01  7.8253E-08  8.9371E-02  9.7934E-02  2.6990E-01 -9.4974E-02
  7.4392E+00  2.4869E+01  7.8969E-08  8.8233E-02  9.7934E-02  2.6991E-01 -9.4896E-02
  7.4512E+00  2.4909E+01  7.9685E-08  8.7095E-02  9.7934E-02  2.6991E-01 -9.4815E-02
  7.4632E+00  2.4949E+01  8.0401E-08  8.5959E-02  9.7934E-02  2.6991E-01 -9.4730E-02
  7.4752E+00  2.4989E+01  8.1117E-08  8.4823E-02  9.7934E-02  2.6991E-01 -9.4642E-02
  7.4871E+00  2.5029E+01  8.1833E-08  8.3689E-02  9.7934E-02  2.6991E-01 -9.4551E-02
  7.4991E+00  2.5069E+01  8.2549E-08  8.2556E-02  9.7934E-02  2.6991E-01 -9.4456E-02
  7.5111E+00  2.5109E+01  8.3265E-08  8.1424E-02  9.7934E-02  2.6992E-01 -9.4356E-02
  7.5231E+00  2.5149E+01  8.3981E-08  8.0293E-02  9.7934E-02  2.6992E-01 -9.4253E-02
  7.5351E+00  2.5189E+01  8.4697E-08  7.9163E-02  9.7934E-02  2.6992E-01 -9.4145E-02
  7.5471E+00  2.5229E+01  8.5413E-08  7.8035E-02  9.7934E-02  2.6992E-01 -9.4032E-02
  7.5591E+00  2.5269E+01  8.6129E-08  7.6908E-02  9.7934E-02  2.6992E-01 -9.3915E-02
  7.5711E+00  2.5309E+01  8.6845E-08  7.5783E-02  9.7934E-02  2.6992E-01 -9.3792E-02
  7.5831E+00  2.5349E+01  8.7561E-08  7.4659E-02  9.7934E-02  2.6992E-01 -9.3663E-02
  7.5951E+00  2.5389E+01  8.8277E-08  7.3537E-02  9.7934E-02  2.6993E-01 -9.3529E-02
  7.6071E+00  2.5429E+01  8.8994E-08  7.2416E-02  9.7934E-02  2.6993E-01 -9.3388E-02
  7.6191E+00  2.5469E+01  8.9710E-08  7.1297E-02  9.7934E-02  2.6993E-01 -9.3240E-02
  7.6310E+00  2.5509E+01  9.0426E-08  7.0180E-02  9.7934E-02  2.6993E-01 -9.3086E-02
  7.6430E+00  2.5549E+01  9.1142E-08  6.9065E-02  9.7934E-02  2.6993E-01 -9.2924E-02
  7.6550E+00  2.5589E+01  9.1858E-08  6.7951E-02  9.7934E-02  2.6993E-01 -9.2753E-02
  7.6670E+00  2.5629E+01  9.2574E-08  6.6840E-02  9.7934E-02  2.6994E-01 -9.2575E-02
  7.6790E+00  2.5669E+01  9.3290E-08  6.5731E-02  9.7934E-02  2.6994E-01 -9.2387E-02
  7.6913E+00  2.5710E+01  9.4024E-08  6.4597E-02  9.7934E-02  2.6994E-01 -9.2184E-02
  7.7033E+00  2.5750E+01  9.4740E-08  6.3493E-02  9.7934E-02  2.6994E-01 -9.1976E-02
  7.7153E+00  2.5790E+01  9.5456E-08  6.2391E-02  9.7934E-02  2.6994E-01 -9.1756E-02
  7.7273E+00  2.5830E+01  9.6172E-08  6.1293E-02  9.7934E-02  2.6994E-01 -9.1525E-02
  7.7393E+00  2.5870E+01  9.6888E-08  6.0196E-02  9.7934E-02  2.6994E-01 -9.1281E-02
  7.7513E+00  2.5910E+01  9.7604E-08  5.9103E-02  9.7934E-02  2.6995E-01 -9.1023E-02
  7.7632E+00  2.5950E+01  9.8320E-08  5.8014E-02  9.7934E-02  2.6995E-01 -9.0751E-02
  7.7752E+00  2.5990E+01  9.9036E-08  5.6927E-02  9.7934E-02  2.6995E-01 -9.0462E-02
  7.7872E+00  2.6030E+01  9.9752E-08  5.5844E-02  9.7934E-02  2.6995E-01 -9.0157E-02
  7.7992E+00  2.6070E+01  1.0047E-07  5.4765E-02  9.7934E-02  2.6995E-01 -8.9833E-02
  7.8112E+00  2.6110E+01  1.0118E-07  5.3690E-02  9.7934E-02  2.6995E-01 -8.9490E-02
  7.8232E+00  2.6150E+01  1.0190E-07  5.2619E-02  9.7934E-02  2.6996E-01 -8.9126E-02
  7.8352E+00  2.6190E+01  1.0262E-07  5.1553E-02  9.7934E-02  2.6996E-01 -8.8739E-02
  7.8472E+00  2.6230E+01  1.0333E-07  5.0491E-02  9.7934E-02  2.6996E-01 -8.8327E-02
  7.8592E+00  2.6270E+01  1.0405E-07  4.9435E-02  9.7934E-02  2.6996E-01 -8.7888E-02
  7.8712E+00  2.6310E+01  1.0476E-07  4.8383E-02  9.7934E-02  2.6996E-01 -8.7420E-02
  7.8832E+00  2.6350E+01  1.0548E-07  4.7338E-02  9.7934E-02  2.6996E-01 -8.6921E-02
  7.8952E+00  2.6390E+01  1.0620E-07  4.6299E-02  9.7934E-02  2.6997E-01 -8.6387E-02
  7.9071E+00  2.6430E+01  1.0691E-07  4.5267E-02  9.7934E-02  2.6997E-01 -8.5817E-02
  7.9191E+00  2.6470E+01  1.0763E-07  4.4241E-02  9.7934E-02  2.6997E-01 -8.5206E-02
  7.9311E+00  2.6510E+01  1.0835E-07  4.3223E-02  9.7934E-02  2.6997E-01 -8.4552E-02
  7.9431E+00  2.6550E+01  1.0906E-07  4.2214E-02  9.7934E-02  2.6997E-01 -8.3850E-02
  7.9551E+00  2.6590E+01  1.0978E-07  4.1213E-02  9.7915E-02  2.6997E-01 -8.3074E-02
  7.9671E+00  2.6630E+01  1.1049E-07  4.0222E-02  9.7848E-02  2.6996E-01 -8.2184E-02
  7.9791E+00  2.6670E+01  1.1120E-07  3.9240E-02  9.8372E-02  2.7001E-01 -8.1934E-02
  7.9911E+00  2.6710E+01  1.1193E-07  3.8241E-02  1.0182E-01  2.7007E-01 -8.5180E-02
  8.0031E+00  2.6750E+01  1.1247E-07  3.7212E-02  1.0265E-01  2.6997E-01 -8.5304E-02
  8.0151E+00  2.6790E+01  1.1294E-07  3.6215E-02  9.9912E-02  2.6997E-01 -8.0996E-02
  8.0271E+00  2.6830E+01  1.1359E-07  3.5242E-02  1.0155E-01  2.7004E-01 -8.1946E-02
  8.0390E+00  2.6870E+01  1.1408E-07  3.4263E-02  1.0119E-01  2.6997E-01 -8.0408E-02
  8.0510E+00  2.6910E+01  1.1459E-07  3.3326E-02  9.9172E-02  2.7001E-01 -7.6574E-02
  8.0630E+00  2.6950E+01  1.1522E-07  3.2402E-02  1.0092E-01  2.7001E-01 -7.7508E-02
  8.0750E+00  2.6990E+01  1.1569E-07  3.1485E-02  9.9747E-02  2.6999E-01 -7.4559E-02
  8.0870E+00  2.7030E+01  1.1625E-07  3.0615E-02  9.8733E-02  2.7001E-01 -7.1585E-02
  8.0990E+00  2.7070E+01  1.1685E-07  2.9753E-02  1.0003E-01  2.7001E-01 -7.1703E-02
  8.1113E+00  2.7111E+01  1.1733E-07  2.8894E-02  9.8379E-02  2.7001E-01 -6.7504E-02
  8.1233E+00  2.7151E+01  1.1795E-07  2.8103E-02  9.8397E-02  2.6999E-01 -6.5512E-02
  8.1353E+00  2.7191E+01  1.1854E-07  2.7321E-02  9.8931E-02  2.7002E-01 -6.4216E-02
  8.1473E+00  2.7231E+01  1.1910E-07  2.6579E-02  9.7326E-02  2.7002E-01 -5.9358E-02
  8.1593E+00  2.7271E+01  1.1991E-07  2.5881E-02  9.7891E-02  2.6998E-01 -5.7784E-02
  8.1713E+00  2.7311E+01  1.2078E-07  2.5201E-02  9.7778E-02  2.7004E-01 -5.4966E-02
  8.1832E+00  2.7351E+01  1.2199E-07  2.4574E-02  9.6544E-02  2.7001E-01 -4.9801E-02
  8.1952E+00  2.7391E+01  1.2378E-07  2.3989E-02  9.7192E-02  2.6999E-01 -4.8022E-02
  8.2072E+00  2.7431E+01  1.2589E-07  2.3435E-02  9.6657E-02  2.7006E-01 -4.3722E-02
  8.2192E+00  2.7471E+01  1.2842E-07  2.2945E-02  9.5937E-02  2.6998E-01 -3.8613E-02
  8.2312E+00  2.7511E+01  1.3121E-07  2.2496E-02  9.6334E-02  2.7000E-01 -3.6089E-02
  8.2432E+00  2.7551E+01  1.3397E-07  2.2093E-02  9.5655E-02  2.7007E-01 -3.0517E-02
  8.2552E+00  2.7591E+01  1.3691E-07  2.1761E-02  9.5350E-02  2.6996E-01 -2.5728E-02
  8.2672E+00  2.7631E+01  1.3984E-07  2.1471E-02  9.5389E-02  2.7003E-01 -2.2204E-02
  8.2792E+00  2.7671E+01  1.4270E-07  2.1241E-02  9.4817E-02  2.7007E-01 -1.5773E-02
  8.2912E+00  2.7711E+01  1.4571E-07  2.1082E-02  9.4663E-02  2.6996E-01 -1.1465E-02
  8.3032E+00  2.7751E+01  1.4860E-07  2.0968E-02  9.4437E-02  2.7005E-01 -7.0278E-03
  8.3151E+00  2.7791E+01  1.5147E-07  2.0924E-02  9.4119E-02  2.7004E-01 -3.7538E-04
  8.3271E+00  2.7831E+01  1.5445E-07  2.0944E-02  9.3846E-02  2.6997E-01  3.3474E-03
  8.3391E+00  2.7871E+01  1.5727E-07  2.1011E-02  9.3561E-02  2.7007E-01  8.3835E-03
  8.3511E+00  2.7911E+01  1.6012E-07  2.1151E-02  9.3465E-02  2.7000E-01  1.4495E-02
  8.3631E+00  2.7951E+01  1.6298E-07  2.1344E-02  9.2938E-02  2.7000E-01  1.7613E-02
  8.3751E+00  2.7991E+01  1.6563E-07  2.1584E-02  9.2820E-02  2.7008E-01  2.2883E-02
  8.3871E+00  2.8031E+01  1.6825E-07  2.1892E-02  9.2736E-02  2.6997E-01  2.7789E-02
  8.3991E+00  2.8071E+01  1.7060E-07  2.2239E-02  9.2012E-02  2.7002E-01  3.0412E-02
  8.4111E+00  2.8111E+01  1.7247E-07  2.2633E-02  9.2231E-02  2.7007E-01  3.5615E-02
  8.4231E+00  2.8151E+01  1.7402E-07  2.3085E-02  9.1873E-02  2.6997E-01  3.8931E-02
  8.4351E+00  2.8191E+01  1.7506E-07  2.3563E-02  9.1155E-02  2.7003E-01  4.1273E-02
  8.4471E+00  2.8231E+01  1.7580E-07  2.4087E-02  9.1734E-02  2.7005E-01  4.6128E-02
  8.4590E+00  2.8271E+01  1.7652E-07  2.4654E-02  9.0892E-02  2.6999E-01  4.7834E-02
  8.4710E+00  2.8311E+01  1.7703E-07  2.5238E-02  9.0431E-02  2.7004E-01  5.0149E-02
  8.4830E+00  2.8351E+01  1.7755E-07  2.5866E-02  9.1190E-02  2.7003E-01  5.4322E-02
  8.4950E+00  2.8391E+01  1.7812E-07  2.6522E-02  8.9866E-02  2.7001E-01  5.4755E-02
  8.5070E+00  2.8431E+01  1.7854E-07  2.7190E-02  8.9895E-02  2.7004E-01  5.7288E-02
  8.5190E+00  2.8471E+01  1.7906E-07  2.7900E-02  9.0463E-02  2.7002E-01  6.0372E-02
  8.5313E+00  2.8512E+01  1.7958E-07  2.8639E-02  8.8865E-02  2.7002E-01  6.0118E-02
  8.5433E+00  2.8552E+01  1.7999E-07  2.9374E-02  8.9591E-02  2.7002E-01  6.3097E-02
  8.5553E+00  2.8592E+01  1.8053E-07  3.0146E-02  8.9444E-02  2.7004E-01  6.4604E-02
  8.5673E+00  2.8632E+01  1.8099E-07  3.0916E-02  8.8020E-02  2.7002E-01  6.4283E-02
  8.5793E+00  2.8672E+01  1.8141E-07  3.1704E-02  8.9341E-02  2.7001E-01  6.7558E-02
  8.5913E+00  2.8712E+01  1.8196E-07  3.2520E-02  8.8297E-02  2.7006E-01  6.7524E-02
  8.6032E+00  2.8752E+01  1.8238E-07  3.3326E-02  8.7379E-02  2.7000E-01  6.7635E-02
  8.6152E+00  2.8792E+01  1.8283E-07  3.4157E-02  8.9002E-02  2.7002E-01  7.0865E-02
  8.6272E+00  2.8832E+01  1.8335E-07  3.5002E-02  8.7114E-02  2.7006E-01  6.9562E-02
  8.6392E+00  2.8872E+01  1.8375E-07  3.5836E-02  8.6990E-02  2.6997E-01  7.0450E-02
  8.6512E+00  2.8912E+01  1.8423E-07  3.6701E-02  8.8377E-02  2.7006E-01  7.3052E-02
  8.6632E+00  2.8952E+01  1.8472E-07  3.7565E-02  8.6006E-02  2.7005E-01  7.1046E-02
  8.6752E+00  2.8992E+01  1.8511E-07  3.8423E-02  8.6838E-02  2.6993E-01  7.2880E-02
  8.6872E+00  2.9032E+01  1.8563E-07  3.9312E-02  8.7389E-02  2.7012E-01  7.4245E-02
  8.6992E+00  2.9072E+01  1.8608E-07  4.0187E-02  8.5084E-02  2.7002E-01  7.2245E-02
  8.7112E+00  2.9112E+01  1.8648E-07  4.1066E-02  8.6839E-02  2.6991E-01  7.4965E-02
  8.7232E+00  2.9152E+01  1.8700E-07  4.1972E-02  8.6126E-02  2.7017E-01  7.4711E-02
  8.7351E+00  2.9192E+01  1.8741E-07  4.2854E-02  8.4426E-02  2.6997E-01  7.3349E-02
  8.7471E+00  2.9232E+01  1.8783E-07  4.3752E-02  8.6791E-02  2.6994E-01  7.6584E-02
  8.7591E+00  2.9272E+01  1.8835E-07  4.4665E-02  8.4758E-02  2.7017E-01  7.4749E-02
  8.7711E+00  2.9312E+01  1.8873E-07  4.5554E-02  8.4065E-02  2.6990E-01  7.4466E-02
  8.7831E+00  2.9352E+01  1.8919E-07  4.6468E-02  8.6423E-02  2.7005E-01  7.7533E-02
  8.7951E+00  2.9392E+01  1.8967E-07  4.7382E-02  8.3472E-02  2.7014E-01  7.4640E-02
  8.8071E+00  2.9432E+01  1.9005E-07  4.8277E-02  8.4024E-02  2.6982E-01  7.5674E-02
  8.8191E+00  2.9472E+01  1.9054E-07  4.9204E-02  8.5576E-02  2.7019E-01  7.7724E-02
  8.8311E+00  2.9512E+01  1.9098E-07  5.0115E-02  8.2404E-02  2.7007E-01  7.4579E-02
  8.8431E+00  2.9552E+01  1.9136E-07  5.1018E-02  8.4230E-02  2.6976E-01  7.6935E-02
  8.8551E+00  2.9592E+01  1.9187E-07  5.1952E-02  8.4286E-02  2.7030E-01  7.7265E-02
  8.8671E+00  2.9632E+01  1.9227E-07  5.2858E-02  8.1629E-02  2.6998E-01  7.4677E-02
  8.8790E+00  2.9672E+01  1.9268E-07  5.3770E-02  8.4468E-02  2.6978E-01  7.8051E-02
  8.8910E+00  2.9712E+01  1.9318E-07  5.4705E-02  8.2775E-02  2.7033E-01  7.6444E-02
  8.9030E+00  2.9752E+01  1.9355E-07  5.5606E-02  8.1225E-02  2.6986E-01  7.5042E-02
  8.9150E+00  2.9792E+01  1.9399E-07  5.6529E-02  8.4444E-02  2.6993E-01  7.8739E-02
  8.9270E+00  2.9832E+01  1.9447E-07  5.7459E-02  8.1290E-02  2.7028E-01  7.5553E-02
  8.9390E+00  2.9872E+01  1.9483E-07  5.8358E-02  8.1214E-02  2.6972E-01  7.5713E-02
  8.9513E+00  2.9913E+01  1.9531E-07  5.9314E-02  8.3826E-02  2.7021E-01  7.8686E-02
  8.9633E+00  2.9953E+01  1.9575E-07  6.0233E-02  7.9949E-02  2.7016E-01  7.4740E-02
  8.9753E+00  2.9993E+01  1.9612E-07  6.1134E-02  8.1639E-02  2.6959E-01  7.6751E-02
  8.9873E+00  3.0033E+01  1.9661E-07  6.2072E-02  8.2597E-02  2.7044E-01  7.7906E-02
  8.9993E+00  3.0073E+01  1.9700E-07  6.2980E-02  7.9049E-02  2.7002E-01  7.4320E-02
  9.0113E+00  3.0113E+01  1.9739E-07  6.3886E-02  8.2118E-02  2.6958E-01  7.7748E-02
  9.0232E+00  3.0153E+01  1.9789E-07  6.4824E-02  8.1000E-02  2.7053E-01  7.6681E-02
  9.0352E+00  3.0193E+01  1.9826E-07  6.5721E-02  7.8575E-02  2.6984E-01  7.4288E-02
  9.0472E+00  3.0233E+01  1.9868E-07  6.6636E-02  8.2414E-02  2.6975E-01  7.8474E-02
  9.0592E+00  3.0273E+01  1.9915E-07  6.7566E-02  7.9324E-02  2.7048E-01  7.5330E-02
  9.0712E+00  3.0313E+01  1.9951E-07  6.8456E-02  7.8532E-02  2.6964E-01  7.4652E-02
  9.0832E+00  3.0353E+01  1.9997E-07  6.9380E-02  8.2155E-02  2.7010E-01  7.8557E-02
  9.0952E+00  3.0393E+01  2.0042E-07  7.0297E-02  7.7843E-02  2.7034E-01  7.4148E-02
  9.1072E+00  3.0433E+01  2.0079E-07  7.1185E-02  7.8911E-02  2.6944E-01  7.5406E-02
  9.1192E+00  3.0473E+01  2.0129E-07  7.2114E-02  8.1177E-02  2.7049E-01  7.7849E-02
  9.1312E+00  3.0513E+01  2.0174E-07  7.3017E-02  7.6727E-02  2.7014E-01  7.3312E-02
  9.1432E+00  3.0553E+01  2.0220E-07  7.3907E-02  7.9573E-02  2.6933E-01  7.6404E-02
  9.1551E+00  3.0593E+01  2.0286E-07  7.4838E-02  7.9605E-02  2.7074E-01  7.6495E-02
  9.1671E+00  3.0633E+01  2.0358E-07  7.5726E-02  7.6044E-02  2.6989E-01  7.2898E-02
  9.1791E+00  3.0673E+01  2.0463E-07  7.6622E-02  8.0194E-02  2.6944E-01  7.7312E-02
  9.1911E+00  3.0713E+01  2.0615E-07  7.7546E-02  7.7788E-02  2.7075E-01  7.4866E-02
  9.2031E+00  3.0753E+01  2.0792E-07  7.8423E-02  7.5864E-02  2.6962E-01  7.2976E-02
  9.2151E+00  3.0793E+01  2.1003E-07  7.9328E-02  8.0363E-02  2.6983E-01  7.7713E-02
  9.2271E+00  3.0833E+01  2.1229E-07  8.0240E-02  7.6050E-02  2.7060E-01  7.3303E-02
  9.2391E+00  3.0873E+01  2.1453E-07  8.1110E-02  7.6171E-02  2.6934E-01  7.3529E-02
  9.2511E+00  3.0913E+01  2.1694E-07  8.2022E-02  7.9739E-02  2.7040E-01  7.7266E-02
  9.2631E+00  3.0953E+01  2.1929E-07  8.2917E-02  7.4612E-02  2.7034E-01  7.2035E-02
  9.2751E+00  3.0993E+01  2.2160E-07  8.3785E-02  7.6851E-02  2.6911E-01  7.4440E-02
  9.2871E+00  3.1033E+01  2.2405E-07  8.4701E-02  7.8322E-02  2.7087E-01  7.5987E-02
  9.2990E+00  3.1073E+01  2.2637E-07  8.5578E-02  7.3652E-02  2.7003E-01  7.1243E-02
  9.3110E+00  3.1113E+01  2.2871E-07  8.6450E-02  7.7689E-02  2.6909E-01  7.5482E-02
  9.3230E+00  3.1153E+01  2.3112E-07  8.7363E-02  7.6430E-02  2.7104E-01  7.4208E-02
  9.3350E+00  3.1193E+01  2.3339E-07  8.8224E-02  7.3247E-02  2.6968E-01  7.1008E-02
  9.3470E+00  3.1233E+01  2.3571E-07  8.9104E-02  7.8268E-02  2.6943E-01  7.6232E-02
  9.3590E+00  3.1273E+01  2.3802E-07  9.0006E-02  7.4452E-02  2.7093E-01  7.2335E-02
  9.3713E+00  3.1314E+01  2.4019E-07  9.0877E-02  7.3499E-02  2.6926E-01  7.1434E-02
  9.3833E+00  3.1354E+01  2.4232E-07  9.1768E-02  7.8107E-02  2.7020E-01  7.6199E-02
  9.3953E+00  3.1394E+01  2.4416E-07  9.2651E-02  7.2646E-02  2.7059E-01  7.0632E-02
  9.4073E+00  3.1434E+01  2.4561E-07  9.3497E-02  7.4212E-02  2.6893E-01  7.2313E-02
  9.4193E+00  3.1474E+01  2.4680E-07  9.4394E-02  7.6975E-02  2.7092E-01  7.5160E-02
  9.4313E+00  3.1514E+01  2.4754E-07  9.5258E-02  7.1499E-02  2.7020E-01  6.9597E-02
  9.4432E+00  3.1554E+01  2.4809E-07  9.6106E-02  7.5249E-02  2.6877E-01  7.3505E-02
  9.4552E+00  3.1594E+01  2.4866E-07  9.7004E-02  7.5157E-02  2.7130E-01  7.3416E-02
  9.4672E+00  3.1634E+01  2.4902E-07  9.7849E-02  7.0915E-02  2.6976E-01  6.9129E-02
  9.4792E+00  3.1674E+01  2.4944E-07  9.8706E-02  7.6177E-02  2.6901E-01  7.4564E-02
  9.4912E+00  3.1714E+01  2.4989E-07  9.9595E-02  7.3100E-02  2.7127E-01  7.1424E-02
  9.5032E+00  3.1754E+01  2.5020E-07  1.0043E-01  7.0957E-02  2.6929E-01  6.9293E-02
  9.5152E+00  3.1794E+01  2.5064E-07  1.0129E-01  7.6508E-02  2.6973E-01  7.4995E-02
  9.5272E+00  3.1834E+01  2.5104E-07  1.0217E-01  7.1213E-02  2.7096E-01  6.9605E-02
  9.5392E+00  3.1874E+01  2.5135E-07  1.0299E-01  7.1599E-02  2.6883E-01  7.0058E-02
  9.5512E+00  3.1914E+01  2.5181E-07  1.0387E-01  7.5871E-02  2.7070E-01  7.4429E-02
  9.5632E+00  3.1954E+01  2.5216E-07  1.0472E-01  6.9739E-02  2.7051E-01  6.8202E-02
  9.5752E+00  3.1994E+01  2.5249E-07  1.0555E-01  7.2665E-02  2.6849E-01  7.1244E-02
  9.5871E+00  3.2034E+01  2.5295E-07  1.0643E-01  7.4305E-02  2.7143E-01  7.2913E-02
  9.5991E+00  3.2074E+01  2.5326E-07  1.0726E-01  6.8860E-02  2.6999E-01  6.7402E-02
  9.6111E+00  3.2114E+01  2.5363E-07  1.0809E-01  7.3867E-02  2.6850E-01  7.2552E-02
  9.6231E+00  3.2154E+01  2.5408E-07  1.0897E-01  7.2222E-02  2.7164E-01  7.0871E-02
  9.6351E+00  3.2194E+01  2.5437E-07  1.0979E-01  6.8647E-02  2.6941E-01  6.7276E-02
  9.6471E+00  3.2234E+01  2.5479E-07  1.1063E-01  7.4699E-02  2.6910E-01  7.3469E-02
  9.6591E+00  3.2274E+01  2.5519E-07  1.1150E-01  7.0087E-02  2.7141E-01  6.8777E-02
  9.6711E+00  3.2314E+01  2.5548E-07  1.1230E-01  6.9065E-02  2.6882E-01  6.7787E-02
  9.6831E+00  3.2354E+01  2.5593E-07  1.1315E-01  7.4635E-02  2.7021E-01  7.3464E-02
  9.6951E+00  3.2394E+01  2.5629E-07  1.1400E-01  6.8307E-02  2.7092E-01  6.7043E-02
  9.7071E+00  3.2434E+01  2.5660E-07  1.1480E-01  7.0066E-02  2.6831E-01  6.8881E-02
  9.7190E+00  3.2474E+01  2.5707E-07  1.1566E-01  7.3497E-02  2.7133E-01  7.2363E-02
  9.7310E+00  3.2514E+01  2.5739E-07  1.1649E-01  6.7101E-02  2.7031E-01  6.5889E-02
  9.7430E+00  3.2554E+01  2.5774E-07  1.1729E-01  7.1415E-02  2.6808E-01  7.0318E-02
  9.7550E+00  3.2594E+01  2.5819E-07  1.1816E-01  7.1527E-02  2.7194E-01  7.0420E-02
  9.7670E+00  3.2634E+01  2.5848E-07  1.1896E-01  6.6538E-02  2.6964E-01  6.5388E-02
  9.7790E+00  3.2674E+01  2.5887E-07  1.1978E-01  7.2634E-02  2.6843E-01  7.1610E-02
  9.7913E+00  3.2715E+01  2.5930E-07  1.2065E-01  6.9064E-02  2.7187E-01  6.7979E-02
  9.8033E+00  3.2755E+01  2.5958E-07  1.2144E-01  6.6808E-02  2.6887E-01  6.5730E-02
  9.8153E+00  3.2795E+01  2.6001E-07  1.2227E-01  7.3204E-02  2.6965E-01  7.2233E-02
  9.8273E+00  3.2835E+01  2.6037E-07  1.2311E-01  6.7046E-02  2.7136E-01  6.5989E-02
  9.8393E+00  3.2875E+01  2.6067E-07  1.2389E-01  6.7716E-02  2.6821E-01  6.6713E-02
  9.8513E+00  3.2915E+01  2.6112E-07  1.2473E-01  7.2497E-02  2.7108E-01  7.1556E-02
  9.8632E+00  3.2955E+01  2.6144E-07  1.2554E-01  6.5527E-02  2.7067E-01  6.4505E-02
  9.8752E+00  3.2995E+01  2.6176E-07  1.2632E-01  6.9078E-02  2.6776E-01  6.8148E-02
  9.8872E+00  3.3035E+01  2.6221E-07  1.2717E-01  7.0755E-02  2.7210E-01  6.9832E-02
  9.8992E+00  3.3075E+01  2.6250E-07  1.2796E-01  6.4699E-02  2.6991E-01  6.3722E-02
  9.9112E+00  3.3115E+01  2.6287E-07  1.2875E-01  7.0544E-02  2.6786E-01  6.9677E-02
  9.9232E+00  3.3155E+01  2.6330E-07  1.2960E-01  6.8475E-02  2.7236E-01  6.7566E-02
  9.9352E+00  3.3195E+01  2.6357E-07  1.3037E-01  6.4628E-02  2.6909E-01  6.3703E-02
  9.9472E+00  3.3235E+01  2.6399E-07  1.3117E-01  7.1531E-02  2.6879E-01  7.0712E-02
  9.9592E+00  3.3275E+01  2.6437E-07  1.3200E-01  6.6185E-02  2.7197E-01  6.5292E-02
  9.9712E+00  3.3315E+01  2.6465E-07  1.3277E-01  6.5262E-02  2.6828E-01  6.4396E-02
  9.9832E+00  3.3355E+01  2.6510E-07  1.3358E-01  7.1467E-02  2.7038E-01  7.0677E-02
  9.9952E+00  3.3395E+01  2.6543E-07  1.3439E-01  6.4327E-02  2.7124E-01  6.3456E-02
  1.0007E+01  3.3435E+01  2.6573E-07  1.3515E-01  6.6530E-02  2.6761E-01  6.5724E-02
  1.0019E+01  3.3475E+01  2.6619E-07  1.3598E-01  7.0201E-02  2.7195E-01  6.9425E-02
  1.0031E+01  3.3515E+01  2.6648E-07  1.3676E-01  6.3130E-02  2.7039E-01  6.2289E-02
  1.0043E+01  3.3555E+01  2.6682E-07  1.3753E-01  6.8147E-02  2.6735E-01  6.7398E-02
  1.0055E+01  3.3595E+01  2.6726E-07  1.3836E-01  6.8047E-02  2.7274E-01  6.7278E-02
  1.0067E+01  3.3635E+01  2.6753E-07  1.3912E-01  6.2659E-02  2.6946E-01  6.1856E-02
  1.0079E+01  3.3675E+01  2.6792E-07  1.3990E-01  6.9562E-02  2.6791E-01  6.8859E-02
  1.0091E+01  3.3715E+01  2.6832E-07  1.4072E-01  6.5623E-02  2.7262E-01  6.4862E-02
  1.0103E+01  3.3755E+01  2.6860E-07  1.4146E-01  6.2987E-02  2.6851E-01  6.2230E-02
  1.0115E+01  3.3795E+01  2.6905E-07  1.4226E-01  7.0165E-02  2.6942E-01  6.9492E-02
  1.0127E+01  3.3835E+01  2.6942E-07  1.4306E-01  6.3455E-02  2.7193E-01  6.2706E-02
  1.0139E+01  3.3875E+01  2.6978E-07  1.4380E-01  6.4061E-02  2.6761E-01  6.3354E-02
  1.0151E+01  3.3915E+01  2.7037E-07  1.4460E-01  6.9518E-02  2.7138E-01  6.8858E-02
  1.0163E+01  3.3955E+01  2.7095E-07  1.4538E-01  6.1834E-02  2.7098E-01  6.1105E-02
  1.0175E+01  3.3995E+01  2.7182E-07  1.4612E-01  6.5639E-02  2.6702E-01  6.4982E-02
  1.0187E+01  3.4035E+01  2.7316E-07  1.4693E-01  6.7711E-02  2.7284E-01  6.7055E-02
  1.0199E+01  3.4075E+01  2.7465E-07  1.4769E-01  6.0967E-02  2.6997E-01  6.0264E-02
  1.0211E+01  3.4115E+01  2.7646E-07  1.4844E-01  6.7327E-02  2.6712E-01  6.6713E-02
  1.0223E+01  3.4156E+01  2.7847E-07  1.4927E-01  6.5019E-02  2.7317E-01  6.4363E-02
  1.0235E+01  3.4196E+01  2.8033E-07  1.5000E-01  6.0992E-02  2.6875E-01  6.0325E-02
  1.0247E+01  3.4236E+01  2.8238E-07  1.5077E-01  6.8588E-02  2.6851E-01  6.8004E-02
  1.0259E+01  3.4276E+01  2.8437E-07  1.5156E-01  6.2559E-02  2.7259E-01  6.1909E-02
  1.0271E+01  3.4316E+01  2.8627E-07  1.5228E-01  6.1772E-02  2.6768E-01  6.1145E-02
  1.0283E+01  3.4356E+01  2.8837E-07  1.5307E-01  6.8444E-02  2.7066E-01  6.7875E-02
  1.0295E+01  3.4396E+01  2.9031E-07  1.5384E-01  6.0598E-02  2.7159E-01  5.9958E-02
  1.0307E+01  3.4436E+01  2.9224E-07  1.5455E-01  6.3220E-02  2.6682E-01  6.2637E-02
  1.0319E+01  3.4476E+01  2.9432E-07  1.5535E-01  6.6996E-02  2.7266E-01  6.6429E-02
  1.0331E+01  3.4516E+01  2.9619E-07  1.5609E-01  5.9373E-02  2.7043E-01  5.8751E-02
  1.0343E+01  3.4556E+01  2.9813E-07  1.5682E-01  6.5009E-02  2.6656E-01  6.4466E-02
  1.0355E+01  3.4596E+01  3.0012E-07  1.5761E-01  6.4629E-02  2.7361E-01  6.4060E-02
  1.0367E+01  3.4636E+01  3.0186E-07  1.5833E-01  5.8946E-02  2.6922E-01  5.8350E-02
  1.0379E+01  3.4676E+01  3.0366E-07  1.5907E-01  6.6528E-02  2.6738E-01  6.6015E-02
  1.0391E+01  3.4716E+01  3.0525E-07  1.5985E-01  6.2028E-02  2.7340E-01  6.1459E-02
  1.0403E+01  3.4756E+01  3.0642E-07  1.6056E-01  5.9397E-02  2.6804E-01  5.8834E-02
  1.0415E+01  3.4796E+01  3.0743E-07  1.6132E-01  6.7136E-02  2.6944E-01  6.6640E-02
  1.0427E+01  3.4836E+01  3.0802E-07  1.6208E-01  5.9770E-02  2.7245E-01  5.9206E-02
  1.0439E+01  3.4876E+01  3.0840E-07  1.6278E-01  6.0671E-02  2.6688E-01  6.0146E-02
  1.0451E+01  3.4916E+01  3.0891E-07  1.6355E-01  6.6400E-02  2.7191E-01  6.5908E-02
  1.0463E+01  3.4956E+01  3.0918E-07  1.6429E-01  5.8142E-02  2.7117E-01  5.7589E-02
  1.0475E+01  3.4996E+01  3.0950E-07  1.6499E-01  6.2470E-02  2.6615E-01  6.1982E-02
  1.0487E+01  3.5036E+01  3.0994E-07  1.6577E-01  6.4452E-02  2.7367E-01  6.3957E-02
  1.0499E+01  3.5076E+01  3.1017E-07  1.6648E-01  5.7345E-02  2.6983E-01  5.6812E-02
  1.0511E+01  3.5116E+01  3.1053E-07  1.6719E-01  6.4357E-02  2.6637E-01  6.3900E-02
  1.0523E+01  3.5156E+01  3.1092E-07  1.6797E-01  6.1896E-02  2.7406E-01  6.1399E-02
  1.0535E+01  3.5196E+01  3.1114E-07  1.6866E-01  5.7445E-02  2.6846E-01  5.6937E-02
  1.0547E+01  3.5236E+01  3.1155E-07  1.6939E-01  6.5640E-02  2.6797E-01  6.5204E-02
  1.0559E+01  3.5276E+01  3.1187E-07  1.7015E-01  5.9357E-02  2.7334E-01  5.8860E-02
  1.0571E+01  3.5316E+01  3.1211E-07  1.7083E-01  5.8366E-02  2.6711E-01  5.7889E-02
  1.0583E+01  3.5356E+01  3.1255E-07  1.7158E-01  6.5665E-02  2.7065E-01  6.5235E-02
  1.0595E+01  3.5396E+01  3.1282E-07  1.7232E-01  5.7345E-02  2.7206E-01  5.6853E-02
  1.0607E+01  3.5436E+01  3.1309E-07  1.7300E-01  6.0012E-02  2.6600E-01  5.9569E-02
  1.0619E+01  3.5476E+01  3.1353E-07  1.7376E-01  6.4285E-02  2.7320E-01  6.3854E-02
  1.0631E+01  3.5516E+01  3.1374E-07  1.7447E-01  5.6115E-02  2.7057E-01  5.5635E-02
  1.0643E+01  3.5557E+01  3.1408E-07  1.7517E-01  6.2298E-02  2.6568E-01  6.1887E-02
  1.0655E+01  3.5597E+01  3.1447E-07  1.7594E-01  6.1631E-02  2.7450E-01  6.1192E-02
  1.0667E+01  3.5637E+01  3.1468E-07  1.7662E-01  5.5786E-02  2.6888E-01  5.5326E-02
  1.0679E+01  3.5677E+01  3.1506E-07  1.7733E-01  6.3979E-02  2.6679E-01  6.3590E-02
  1.0691E+01  3.5717E+01  3.1540E-07  1.7808E-01  5.8969E-02  2.7411E-01  5.8528E-02
  1.0703E+01  3.5757E+01  3.1561E-07  1.7875E-01  5.6423E-02  2.6737E-01  5.5990E-02
  1.0715E+01  3.5797E+01  3.1604E-07  1.7947E-01  6.4616E-02  2.6936E-01  6.4236E-02
  1.0727E+01  3.5837E+01  3.1631E-07  1.8021E-01  5.6679E-02  2.7287E-01  5.6239E-02
  1.0739E+01  3.5877E+01  3.1655E-07  1.8087E-01  5.7892E-02  2.6602E-01  5.7488E-02
  1.0751E+01  3.5917E+01  3.1699E-07  1.8161E-01  6.3786E-02  2.7249E-01  6.3406E-02
  1.0763E+01  3.5957E+01  3.1721E-07  1.8232E-01  5.5059E-02  2.7130E-01  5.4627E-02
  1.0775E+01  3.5997E+01  3.1750E-07  1.8298E-01  5.9880E-02  2.6522E-01  5.9505E-02
  1.0787E+01  3.6037E+01  3.1792E-07  1.8373E-01  6.1702E-02  2.7458E-01  6.1316E-02
  1.0799E+01  3.6077E+01  3.1811E-07  1.8441E-01  5.4329E-02  2.6964E-01  5.3911E-02
  1.0811E+01  3.6117E+01  3.1846E-07  1.8509E-01  6.1911E-02  2.6560E-01  6.1560E-02
  1.0823E+01  3.6157E+01  3.1882E-07  1.8584E-01  5.9029E-02  2.7494E-01  5.8638E-02
  1.0835E+01  3.6197E+01  3.1901E-07  1.8650E-01  5.4548E-02  2.6797E-01  5.4150E-02
  1.0847E+01  3.6237E+01  3.1942E-07  1.8720E-01  6.3244E-02  2.6764E-01  6.2906E-02
  1.0859E+01  3.6277E+01  3.1971E-07  1.8793E-01  5.6418E-02  2.7397E-01  5.6025E-02
  1.0871E+01  3.6317E+01  3.1992E-07  1.8857E-01  5.5629E-02  2.6636E-01  5.5256E-02
  1.0883E+01  3.6357E+01  3.2035E-07  1.8929E-01  6.3211E-02  2.7096E-01  6.2876E-02
  1.0895E+01  3.6397E+01  3.2058E-07  1.9000E-01  5.4391E-02  2.7237E-01  5.4000E-02
  1.0907E+01  3.6437E+01  3.2085E-07  1.9065E-01  5.7457E-02  2.6510E-01  5.7111E-02
  1.0919E+01  3.6477E+01  3.2127E-07  1.9138E-01  6.1711E-02  2.7405E-01  6.1370E-02
  1.0931E+01  3.6517E+01  3.2146E-07  1.9206E-01  5.3201E-02  2.7057E-01  5.2820E-02
  1.0943E+01  3.6557E+01  3.2178E-07  1.9271E-01  5.9645E-02  2.6477E-01  5.9323E-02
  1.0955E+01  3.6597E+01  3.2216E-07  1.9345E-01  5.9197E-02  2.7547E-01  5.8850E-02
  1.0967E+01  3.6637E+01  3.2234E-07  1.9410E-01  5.2909E-02  2.6873E-01  5.2542E-02
  1.0979E+01  3.6677E+01  3.2272E-07  1.9478E-01  6.1494E-02  2.6601E-01  6.1188E-02
  1.0991E+01  3.6717E+01  3.2303E-07  1.9550E-01  5.6438E-02  2.7506E-01  5.6086E-02
  1.1003E+01  3.6757E+01  3.2323E-07  1.9614E-01  5.3583E-02  2.6696E-01  5.3237E-02
  1.1015E+01  3.6797E+01  3.2364E-07  1.9683E-01  6.2270E-02  2.6907E-01  6.1971E-02
  1.1027E+01  3.6837E+01  3.2389E-07  1.9754E-01  5.4049E-02  2.7361E-01  5.3696E-02
  1.1039E+01  3.6877E+01  3.2412E-07  1.9817E-01  5.5137E-02  2.6535E-01  5.4815E-02
  1.1051E+01  3.6917E+01  3.2455E-07  1.9888E-01  6.1509E-02  2.7286E-01  6.1207E-02
  1.1063E+01  3.6957E+01  3.2475E-07  1.9956E-01  5.2353E-02  2.7171E-01  5.2005E-02
  1.1075E+01  3.6998E+01  3.2505E-07  2.0021E-01  5.7538E-02  2.6435E-01  5.7242E-02
  1.1087E+01  3.7038E+01  3.2545E-07  2.0093E-01  5.9148E-02  2.7564E-01  5.8837E-02
  1.1099E+01  3.7078E+01  3.2563E-07  2.0158E-01  5.1593E-02  2.6949E-01  5.1256E-02
  1.1111E+01  3.7118E+01  3.2599E-07  2.0223E-01  5.9684E-02  2.6491E-01  5.9405E-02
  1.1123E+01  3.7158E+01  3.2635E-07  2.0295E-01  5.6377E-02  2.7593E-01  5.6060E-02
  1.1135E+01  3.7198E+01  3.2659E-07  2.0358E-01  5.1928E-02  2.6750E-01  5.1608E-02
  1.1147E+01  3.7238E+01  3.2710E-07  2.0425E-01  6.1038E-02  2.6745E-01  6.0769E-02
  1.1159E+01  3.7278E+01  3.2760E-07  2.0495E-01  5.3715E-02  2.7470E-01  5.3395E-02
  1.1171E+01  3.7318E+01  3.2826E-07  2.0557E-01  5.3157E-02  2.6568E-01  5.2858E-02
  1.1183E+01  3.7358E+01  3.2945E-07  2.0626E-01  6.0931E-02  2.7154E-01  6.0661E-02
  1.1195E+01  3.7398E+01  3.3074E-07  2.0693E-01  5.1681E-02  2.7284E-01  5.1362E-02
  1.1207E+01  3.7438E+01  3.3229E-07  2.0755E-01  5.5129E-02  2.6428E-01  5.4852E-02
  1.1219E+01  3.7478E+01  3.3408E-07  2.0826E-01  5.9283E-02  2.7505E-01  5.9007E-02
  1.1231E+01  3.7518E+01  3.3565E-07  2.0890E-01  5.0503E-02  2.7061E-01  5.0192E-02
  1.1243E+01  3.7558E+01  3.3738E-07  2.0953E-01  5.7409E-02  2.6395E-01  5.7151E-02
  1.1255E+01  3.7598E+01  3.3917E-07  2.1024E-01  5.6609E-02  2.7659E-01  5.6324E-02
  1.1267E+01  3.7638E+01  3.4076E-07  2.1086E-01  5.0250E-02  2.6843E-01  4.9951E-02
  1.1279E+01  3.7678E+01  3.4256E-07  2.1151E-01  5.9267E-02  2.6554E-01  5.9021E-02
  1.1291E+01  3.7718E+01  3.4428E-07  2.1220E-01  5.3727E-02  2.7597E-01  5.3437E-02
  1.1303E+01  3.7758E+01  3.4588E-07  2.1281E-01  5.0998E-02  2.6631E-01  5.0716E-02
  1.1315E+01  3.7798E+01  3.4771E-07  2.1348E-01  5.9955E-02  2.6918E-01  5.9712E-02
  1.1327E+01  3.7838E+01  3.4934E-07  2.1415E-01  5.1265E-02  2.7414E-01  5.0973E-02
  1.1339E+01  3.7878E+01  3.5095E-07  2.1475E-01  5.2649E-02  2.6448E-01  5.2387E-02
  1.1351E+01  3.7918E+01  3.5274E-07  2.1543E-01  5.9036E-02  2.7362E-01  5.8789E-02
  1.1363E+01  3.7958E+01  3.5422E-07  2.1608E-01  4.9545E-02  2.7189E-01  4.9256E-02
  1.1375E+01  3.7998E+01  3.5574E-07  2.1668E-01  5.4858E-02  2.6347E-01  5.4615E-02
  1.1387E+01  3.8038E+01  3.5722E-07  2.1738E-01  5.6776E-02  2.7663E-01  5.6520E-02
  1.1399E+01  3.8078E+01  3.5820E-07  2.1799E-01  4.8809E-02  2.6965E-01  4.8528E-02
  1.1411E+01  3.8118E+01  3.5906E-07  2.1861E-01  5.7109E-02  2.6419E-01  5.6881E-02
  1.1423E+01  3.8158E+01  3.5961E-07  2.1930E-01  5.3925E-02  2.7716E-01  5.3662E-02
  1.1435E+01  3.8198E+01  3.5983E-07  2.1990E-01  4.9134E-02  2.6725E-01  4.8867E-02
  1.1447E+01  3.8238E+01  3.6026E-07  2.2054E-01  5.8600E-02  2.6683E-01  5.8380E-02
  1.1459E+01  3.8278E+01  3.6051E-07  2.2121E-01  5.1180E-02  2.7560E-01  5.0913E-02
  1.1471E+01  3.8318E+01  3.6071E-07  2.2180E-01  5.0401E-02  2.6502E-01  5.0152E-02
  1.1483E+01  3.8358E+01  3.6114E-07  2.2246E-01  5.8600E-02  2.7140E-01  5.8378E-02
  1.1495E+01  3.8399E+01  3.6133E-07  2.2312E-01  4.8922E-02  2.7303E-01  4.8655E-02
  1.1507E+01  3.8439E+01  3.6158E-07  2.2371E-01  5.2763E-02  2.6327E-01  5.2535E-02
  1.1519E+01  3.8479E+01  3.6199E-07  2.2439E-01  5.6784E-02  2.7604E-01  5.6554E-02
  1.1531E+01  3.8519E+01  3.6213E-07  2.2500E-01  4.7840E-02  2.7052E-01  4.7579E-02
  1.1543E+01  3.8559E+01  3.6245E-07  2.2560E-01  5.5200E-02  2.6308E-01  5.4989E-02
  1.1555E+01  3.8599E+01  3.6280E-07  2.2628E-01  5.4064E-02  2.7766E-01  5.3825E-02
  1.1567E+01  3.8639E+01  3.6294E-07  2.2687E-01  4.7731E-02  2.6800E-01  4.7481E-02
  1.1579E+01  3.8679E+01  3.6332E-07  2.2749E-01  5.7151E-02  2.6503E-01  5.6949E-02
  1.1591E+01  3.8719E+01  3.6359E-07  2.2816E-01  5.1188E-02  2.7681E-01  5.0944E-02
  1.1603E+01  3.8759E+01  3.6375E-07  2.2874E-01  4.8657E-02  2.6553E-01  4.8423E-02
  1.1615E+01  3.8799E+01  3.6416E-07  2.2938E-01  5.7844E-02  2.6926E-01  5.7643E-02
  1.1627E+01  3.8839E+01  3.6435E-07  2.3003E-01  4.8779E-02  2.7455E-01  4.8533E-02
  1.1639E+01  3.8879E+01  3.6455E-07  2.3060E-01  5.0502E-02  2.6349E-01  5.0285E-02
  1.1651E+01  3.8919E+01  3.6497E-07  2.3126E-01  5.6872E-02  2.7437E-01  5.6665E-02
  1.1663E+01  3.8959E+01  3.6510E-07  2.3188E-01  4.7149E-02  2.7191E-01  4.6906E-02
  1.1675E+01  3.8999E+01  3.6537E-07  2.3246E-01  5.2887E-02  2.6243E-01  5.2687E-02
  1.1687E+01  3.9039E+01  3.6574E-07  2.3313E-01  5.4551E-02  2.7764E-01  5.4335E-02
  1.1699E+01  3.9079E+01  3.6586E-07  2.3371E-01  4.6528E-02  2.6920E-01  4.6293E-02
  1.1711E+01  3.9119E+01  3.6619E-07  2.3431E-01  5.5242E-02  2.6321E-01  5.5054E-02
  1.1723E+01  3.9159E+01  3.6649E-07  2.3498E-01  5.1652E-02  2.7798E-01  5.1430E-02
  1.1735E+01  3.9199E+01  3.6662E-07  2.3555E-01  4.6970E-02  2.6655E-01  4.6747E-02
  1.1747E+01  3.9239E+01  3.6701E-07  2.3616E-01  5.6726E-02  2.6656E-01  5.6543E-02
  1.1759E+01  3.9279E+01  3.6722E-07  2.3681E-01  4.8887E-02  2.7622E-01  4.8660E-02
  1.1771E+01  3.9319E+01  3.6739E-07  2.3737E-01  4.8364E-02  2.6412E-01  4.8157E-02
  1.1783E+01  3.9359E+01  3.6780E-07  2.3801E-01  5.6637E-02  2.7187E-01  5.6451E-02
  1.1795E+01  3.9399E+01  3.6795E-07  2.3863E-01  4.6806E-02  2.7356E-01  4.6580E-02
  1.1807E+01  3.9439E+01  3.6818E-07  2.3919E-01  5.0561E-02  2.6236E-01  5.0370E-02
  1.1819E+01  3.9479E+01  3.6857E-07  2.3985E-01  5.4943E-02  2.7670E-01  5.4749E-02
  1.1831E+01  3.9519E+01  3.6869E-07  2.4044E-01  4.5671E-02  2.7067E-01  4.5450E-02
  1.1843E+01  3.9559E+01  3.6899E-07  2.4101E-01  5.3099E-02  2.6207E-01  5.2922E-02
  1.1855E+01  3.9599E+01  3.6932E-07  2.4167E-01  5.2203E-02  2.7872E-01  5.2001E-02
  1.1867E+01  3.9639E+01  3.6944E-07  2.4224E-01  4.5534E-02  2.6780E-01  4.5322E-02
  1.1879E+01  3.9679E+01  3.6981E-07  2.4283E-01  5.5172E-02  2.6412E-01  5.5003E-02
  1.1891E+01  3.9719E+01  3.7006E-07  2.4348E-01  4.9268E-02  2.7784E-01  4.9060E-02
  1.1903E+01  3.9759E+01  3.7021E-07  2.4403E-01  4.6463E-02  2.6506E-01  4.6265E-02
  1.1915E+01  3.9799E+01  3.7062E-07  2.4465E-01  5.5983E-02  2.6885E-01  5.5815E-02
  1.1927E+01  3.9840E+01  3.7081E-07  2.4529E-01  4.6579E-02  2.7501E-01  4.6369E-02
  1.1939E+01  3.9880E+01  3.7102E-07  2.4583E-01  4.8628E-02  2.6256E-01  4.8446E-02
  1.1951E+01  3.9920E+01  3.7143E-07  2.4647E-01  5.4907E-02  2.7529E-01  5.4731E-02
  1.1963E+01  3.9960E+01  3.7156E-07  2.4706E-01  4.4994E-02  2.7199E-01  4.4787E-02
  1.1975E+01  4.0000E+01  3.7183E-07  2.4762E-01  5.1121E-02  2.6150E-01  5.0954E-02
  1.2000E+01  4.0083E+01  3.7232E-07  2.4887E-01  4.4535E-02  2.6844E-01  4.4335E-02
