  1.1129E-02  5.7520E-02  1.0174E-07  2.4091E-01  2.5980E+00  2.8253E-01 -2.5578E+00
  2.3219E-02  9.9520E-02  1.3486E-07  2.3253E-01  1.2903E+00  2.5049E-01  1.2657E+00
  3.5217E-02  1.4052E-01  1.9601E-07  2.6337E-01  2.9754E+00  2.9897E-01  2.9649E+00
  4.7247E-02  1.8152E-01  3.0136E-07  2.7859E-01  7.4644E-01  3.2814E-01 -7.1262E-01
  5.9085E-02  2.2152E-01  3.1199E-07  2.6154E-01  1.4021E+00  2.5254E-01 -1.3959E+00
  7.1286E-02  2.6252E-01  2.9171E-07  2.5604E-01  6.1278E-01  2.5544E-01  6.0237E-01
  8.3205E-02  3.0252E-01  3.0760E-07  2.7073E-01  1.3906E+00  2.7664E-01  1.3860E+00
  9.5126E-02  3.4252E-01  3.5165E-07  2.7752E-01  4.4971E-01  3.1713E-01 -4.3393E-01
  1.0706E-01  3.8252E-01  3.5848E-07  2.6556E-01  1.1618E+00  2.5720E-01 -1.1589E+00
  1.1902E-01  4.2252E-01  3.4529E-07  2.5712E-01  1.4816E-01  2.5025E-01 -1.2965E-01
  1.3128E-01  4.6352E-01  3.5432E-07  2.6176E-01  7.4807E-01  2.6771E-01  7.4455E-01
  1.4324E-01  5.0352E-01  3.8260E-07  2.7199E-01  8.9745E-01  2.8106E-01  8.9443E-01
  1.5520E-01  5.4352E-01  4.1216E-07  2.8242E-01  8.4776E-01  2.7576E-01  8.4486E-01
  1.6716E-01  5.8352E-01  4.4011E-07  2.9227E-01  8.1054E-01  2.7338E-01  8.0775E-01
  1.7912E-01  6.2352E-01  4.7205E-07  3.0183E-01  7.9660E-01  2.7527E-01  7.9390E-01
  1.9108E-01  6.6352E-01  5.2034E-07  3.1125E-01  7.8220E-01  2.7813E-01  7.7955E-01
  2.0305E-01  7.0352E-01  5.9949E-07  3.2041E-01  7.5195E-01  2.7751E-01  7.4937E-01
  2.1501E-01  7.4352E-01  7.1399E-07  3.2910E-01  7.0456E-01  2.7638E-01  7.0196E-01
  2.2727E-01  7.8452E-01  8.6092E-07  3.3733E-01  6.4212E-01  2.7635E-01  6.3941E-01
  2.3923E-01  8.2452E-01  1.0237E-06  3.4457E-01  5.7226E-01  2.7683E-01  5.6933E-01
  2.5119E-01  8.6452E-01  1.1987E-06  3.5093E-01  4.9681E-01  2.7737E-01  4.9354E-01
  2.6315E-01  9.0452E-01  1.3811E-06  3.5636E-01  4.1777E-01  2.7788E-01  4.1399E-01
  2.7511E-01  9.4452E-01  1.5673E-06  3.6082E-01  3.3652E-01  2.7834E-01  3.3191E-01
  2.8707E-01  9.8452E-01  1.7545E-06  3.6429E-01  2.5418E-01  2.7877E-01  2.4814E-01
  2.9903E-01  1.0245E+00  1.9401E-06  3.6675E-01  1.7227E-01  2.7916E-01  1.6333E-01
  3.1129E-01  1.0655E+00  2.1263E-06  3.6821E-01  9.3512E-02  2.7952E-01  7.5905E-02
  3.2325E-01  1.1055E+00  2.3018E-06  3.6861E-01  5.5406E-02  2.7984E-01 -9.2965E-03
  3.3521E-01  1.1455E+00  2.4690E-06  3.6799E-01  1.0858E-01  2.8012E-01 -9.3755E-02
  3.4717E-01  1.1855E+00  2.6260E-06  3.6637E-01  1.8501E-01  2.8032E-01 -1.7663E-01
  3.5913E-01  1.2255E+00  2.7708E-06  3.6378E-01  2.6261E-01  2.8045E-01 -2.5669E-01
  3.7109E-01  1.2655E+00  2.9015E-06  3.6025E-01  3.3664E-01  2.8061E-01 -3.3194E-01
  3.8305E-01  1.3055E+00  3.0158E-06  3.5587E-01  4.0316E-01  2.8129E-01 -3.9913E-01
  3.9502E-01  1.3455E+00  3.1110E-06  3.5075E-01  4.5708E-01  2.8343E-01 -4.5337E-01
  4.0728E-01  1.3865E+00  3.1851E-06  3.4495E-01  4.9412E-01  2.8581E-01 -4.9051E-01
  4.1924E-01  1.4265E+00  3.2316E-06  3.3896E-01  5.1224E-01  2.8330E-01 -5.0869E-01
  4.3120E-01  1.4665E+00  3.2546E-06  3.3283E-01  5.1886E-01  2.7796E-01 -5.1537E-01
  4.4316E-01  1.5065E+00  3.2609E-06  3.2665E-01  5.2076E-01  2.7492E-01 -5.1723E-01
  4.5512E-01  1.5465E+00  3.2579E-06  3.2046E-01  5.2125E-01  2.7400E-01 -5.1761E-01
  4.6708E-01  1.5865E+00  3.2502E-06  3.1427E-01  5.2139E-01  2.7382E-01 -5.1761E-01
  4.7904E-01  1.6265E+00  3.2402E-06  3.0808E-01  5.2143E-01  2.7381E-01 -5.1750E-01
  4.9100E-01  1.6665E+00  3.2292E-06  3.0189E-01  5.2145E-01  2.7383E-01 -5.1735E-01
  5.0326E-01  1.7075E+00  3.2174E-06  2.9555E-01  5.2145E-01  2.7387E-01 -5.1718E-01
  5.1522E-01  1.7475E+00  3.2055E-06  2.8937E-01  5.2146E-01  2.7390E-01 -5.1699E-01
  5.2718E-01  1.7875E+00  3.1934E-06  2.8319E-01  5.2146E-01  2.7394E-01 -5.1679E-01
  5.3914E-01  1.8275E+00  3.1812E-06  2.7701E-01  5.2146E-01  2.7398E-01 -5.1658E-01
  5.5110E-01  1.8675E+00  3.1690E-06  2.7083E-01  5.2146E-01  2.7402E-01 -5.1635E-01
  5.6306E-01  1.9075E+00  3.1567E-06  2.6466E-01  5.2146E-01  2.7405E-01 -5.1611E-01
  5.7503E-01  1.9475E+00  3.1443E-06  2.5849E-01  5.2146E-01  2.7409E-01 -5.1585E-01
  5.8729E-01  1.9885E+00  3.1317E-06  2.5217E-01  5.2146E-01  2.7413E-01 -5.1556E-01
  5.9925E-01  2.0285E+00  3.1193E-06  2.4600E-01  5.2146E-01  2.7417E-01 -5.1526E-01
  6.1121E-01  2.0685E+00  3.1069E-06  2.3985E-01  5.2146E-01  2.7417E-01 -5.1493E-01
  6.2317E-01  2.1085E+00  3.0945E-06  2.3369E-01  5.2146E-01  2.7421E-01 -5.1458E-01
  6.3513E-01  2.1485E+00  3.0821E-06  2.2754E-01  5.2146E-01  2.7425E-01 -5.1420E-01
  6.4709E-01  2.1885E+00  3.0697E-06  2.2139E-01  5.2146E-01  2.7428E-01 -5.1378E-01
  6.5905E-01  2.2285E+00  3.0573E-06  2.1525E-01  5.2146E-01  2.7432E-01 -5.1333E-01
  6.7101E-01  2.2685E+00  3.0449E-06  2.0911E-01  5.2146E-01  2.7436E-01 -5.1284E-01
  6.8327E-01  2.3095E+00  3.0322E-06  2.0283E-01  5.2146E-01  2.7440E-01 -5.1229E-01
  6.9523E-01  2.3495E+00  3.0198E-06  1.9671E-01  5.2146E-01  2.7443E-01 -5.1171E-01
  7.0719E-01  2.3895E+00  3.0074E-06  1.9059E-01  5.2146E-01  2.7447E-01 -5.1106E-01
  7.1915E-01  2.4295E+00  2.9950E-06  1.8449E-01  5.2146E-01  2.7451E-01 -5.1035E-01
  7.3111E-01  2.4695E+00  2.9826E-06  1.7839E-01  5.2146E-01  2.7455E-01 -5.0957E-01
  7.4307E-01  2.5095E+00  2.9702E-06  1.7230E-01  5.2146E-01  2.7459E-01 -5.0870E-01
  7.5503E-01  2.5495E+00  2.9578E-06  1.6622E-01  5.2146E-01  2.7462E-01 -5.0773E-01
  7.6729E-01  2.5905E+00  2.9450E-06  1.6001E-01  5.2146E-01  2.7466E-01 -5.0662E-01
  7.7926E-01  2.6305E+00  2.9326E-06  1.5396E-01  5.2146E-01  2.7470E-01 -5.0541E-01
  7.9122E-01  2.6705E+00  2.9202E-06  1.4792E-01  5.2146E-01  2.7474E-01 -5.0405E-01
  8.0318E-01  2.7105E+00  2.9078E-06  1.4190E-01  5.2146E-01  2.7478E-01 -5.0250E-01
  8.1514E-01  2.7505E+00  2.8954E-06  1.3590E-01  5.2146E-01  2.7481E-01 -5.0075E-01
  8.2710E-01  2.7905E+00  2.8830E-06  1.2993E-01  5.2146E-01  2.7485E-01 -4.9875E-01
  8.3906E-01  2.8305E+00  2.8706E-06  1.2398E-01  5.2146E-01  2.7489E-01 -4.9646E-01
  8.5102E-01  2.8705E+00  2.8582E-06  1.1806E-01  5.2146E-01  2.7493E-01 -4.9381E-01
  8.6328E-01  2.9115E+00  2.8455E-06  1.1202E-01  5.2146E-01  2.7497E-01 -4.9065E-01
  8.7524E-01  2.9515E+00  2.8331E-06  1.0618E-01  5.2146E-01  2.7500E-01 -4.8703E-01
  8.8720E-01  2.9915E+00  2.8207E-06  1.0038E-01  5.2146E-01  2.7504E-01 -4.8276E-01
  8.9916E-01  3.0315E+00  2.8083E-06  9.4637E-02  5.2146E-01  2.7508E-01 -4.7769E-01
  9.1112E-01  3.0715E+00  2.7959E-06  8.8962E-02  5.2146E-01  2.7512E-01 -4.7161E-01
  9.2308E-01  3.1115E+00  2.7835E-06  8.3366E-02  5.2146E-01  2.7516E-01 -4.6425E-01
  9.3504E-01  3.1515E+00  2.7711E-06  7.7868E-02  5.2146E-01  2.7519E-01 -4.5527E-01
  9.4701E-01  3.1915E+00  2.7587E-06  7.2489E-02  5.2146E-01  2.7523E-01 -4.4418E-01
  9.5927E-01  3.2325E+00  2.7460E-06  6.7131E-02  5.2146E-01  2.7527E-01 -4.2998E-01
  9.7123E-01  3.2725E+00  2.7336E-06  6.2091E-02  5.2146E-01  2.7531E-01 -4.1250E-01
  9.8319E-01  3.3125E+00  2.7212E-06  5.7289E-02  5.2146E-01  2.7535E-01 -3.9032E-01
  9.9515E-01  3.3525E+00  2.7088E-06  5.2786E-02  5.2146E-01  2.7539E-01 -3.6200E-01
  1.0071E+00  3.3925E+00  2.6964E-06  4.8668E-02  5.2146E-01  2.7542E-01 -3.2580E-01
  1.0191E+00  3.4325E+00  2.6840E-06  4.5040E-02  5.2146E-01  2.7546E-01 -2.7984E-01
  1.0310E+00  3.4725E+00  2.6716E-06  4.2029E-02  5.2146E-01  2.7550E-01 -2.2251E-01
  1.0433E+00  3.5135E+00  2.6589E-06  3.9729E-02  5.2146E-01  2.7554E-01 -1.5149E-01
  1.0553E+00  3.5535E+00  2.6465E-06  3.8389E-02  5.2146E-01  2.7558E-01 -7.2056E-02
  1.0672E+00  3.5935E+00  2.6341E-06  3.8038E-02  5.2146E-01  2.7562E-01  1.2776E-02
  1.0792E+00  3.6335E+00  2.6217E-06  3.8702E-02  5.2146E-01  2.7565E-01  9.6590E-02
  1.0911E+00  3.6735E+00  2.6093E-06  4.0330E-02  5.2146E-01  2.7569E-01  1.7333E-01
  1.1031E+00  3.7135E+00  2.5969E-06  4.2814E-02  5.2146E-01  2.7573E-01  2.3923E-01
  1.1151E+00  3.7535E+00  2.5845E-06  4.6015E-02  5.2146E-01  2.7577E-01  2.9327E-01
  1.1270E+00  3.7935E+00  2.5721E-06  4.9794E-02  5.2146E-01  2.7581E-01  3.3632E-01
  1.1393E+00  3.8345E+00  2.5594E-06  5.4142E-02  5.2146E-01  2.7585E-01  3.7089E-01
  1.1512E+00  3.8745E+00  2.5470E-06  5.8745E-02  5.2146E-01  2.7589E-01  3.9719E-01
  1.1632E+00  3.9145E+00  2.5346E-06  6.3627E-02  5.2146E-01  2.7592E-01  4.1782E-01
  1.1752E+00  3.9545E+00  2.5222E-06  6.8729E-02  5.2146E-01  2.7596E-01  4.3413E-01
  1.1871E+00  3.9945E+00  2.5098E-06  7.4004E-02  5.2146E-01  2.7600E-01  4.4713E-01
  1.1991E+00  4.0345E+00  2.4974E-06  7.9419E-02  5.2146E-01  2.7604E-01  4.5759E-01
  1.2110E+00  4.0745E+00  2.4850E-06  8.4947E-02  5.2146E-01  2.7608E-01  4.6610E-01
  1.2230E+00  4.1145E+00  2.4726E-06  9.0567E-02  5.2146E-01  2.7612E-01  4.7308E-01
  1.2353E+00  4.1555E+00  2.4599E-06  9.6407E-02  5.2146E-01  2.7616E-01  4.7901E-01
  1.2472E+00  4.1955E+00  2.4475E-06  1.0217E-01  5.2146E-01  2.7620E-01  4.8383E-01
  1.2592E+00  4.2355E+00  2.4351E-06  1.0798E-01  5.2146E-01  2.7623E-01  4.8790E-01
  1.2711E+00  4.2755E+00  2.4227E-06  1.1384E-01  5.2146E-01  2.7627E-01  4.9136E-01
  1.2831E+00  4.3155E+00  2.4103E-06  1.1974E-01  5.2146E-01  2.7631E-01  4.9432E-01
  1.2951E+00  4.3555E+00  2.3979E-06  1.2567E-01  5.2146E-01  2.7635E-01  4.9688E-01
  1.3070E+00  4.3955E+00  2.3855E-06  1.3162E-01  5.2146E-01  2.7639E-01  4.9909E-01
  1.3193E+00  4.4365E+00  2.3728E-06  1.3776E-01  5.2146E-01  2.7643E-01  5.0108E-01
  1.3312E+00  4.4765E+00  2.3604E-06  1.4376E-01  5.2146E-01  2.7647E-01  5.0277E-01
  1.3432E+00  4.5165E+00  2.3480E-06  1.4978E-01  5.2146E-01  2.7651E-01  5.0426E-01
  1.3552E+00  4.5565E+00  2.3356E-06  1.5582E-01  5.2146E-01  2.7655E-01  5.0558E-01
  1.3671E+00  4.5965E+00  2.3232E-06  1.6188E-01  5.2146E-01  2.7659E-01  5.0676E-01
  1.3791E+00  4.6365E+00  2.3108E-06  1.6795E-01  5.2146E-01  2.7662E-01  5.0782E-01
  1.3910E+00  4.6765E+00  2.2984E-06  1.7403E-01  5.2146E-01  2.7666E-01  5.0876E-01
  1.4030E+00  4.7165E+00  2.2860E-06  1.8012E-01  5.2146E-01  2.7670E-01  5.0961E-01
  1.4153E+00  4.7575E+00  2.2732E-06  1.8637E-01  5.2146E-01  2.7674E-01  5.1040E-01
  1.4272E+00  4.7975E+00  2.2608E-06  1.9248E-01  5.2146E-01  2.7678E-01  5.1109E-01
  1.4392E+00  4.8375E+00  2.2484E-06  1.9860E-01  5.2146E-01  2.7682E-01  5.1173E-01
  1.4512E+00  4.8775E+00  2.2360E-06  2.0473E-01  5.2146E-01  2.7686E-01  5.1230E-01
  1.4631E+00  4.9175E+00  2.2236E-06  2.1086E-01  5.2146E-01  2.7690E-01  5.1283E-01
  1.4751E+00  4.9575E+00  2.2112E-06  2.1699E-01  5.2146E-01  2.7694E-01  5.1331E-01
  1.4870E+00  4.9975E+00  2.1988E-06  2.2314E-01  5.2146E-01  2.7698E-01  5.1375E-01
  1.4993E+00  5.0385E+00  2.1861E-06  2.2944E-01  5.2146E-01  2.7702E-01  5.1417E-01
  1.5113E+00  5.0785E+00  2.1737E-06  2.3559E-01  5.2146E-01  2.7706E-01  5.1455E-01
  1.5232E+00  5.1185E+00  2.1613E-06  2.4175E-01  5.2146E-01  2.7710E-01  5.1490E-01
  1.5352E+00  5.1585E+00  2.1489E-06  2.4791E-01  5.2146E-01  2.7714E-01  5.1522E-01
  1.5471E+00  5.1985E+00  2.1365E-06  2.5408E-01  5.2146E-01  2.7718E-01  5.1552E-01
  1.5591E+00  5.2385E+00  2.1241E-06  2.6024E-01  5.2146E-01  2.7722E-01  5.1580E-01
  1.5711E+00  5.2785E+00  2.1117E-06  2.6641E-01  5.2146E-01  2.7725E-01  5.1606E-01
  1.5830E+00  5.3185E+00  2.0993E-06  2.7259E-01  5.2146E-01  2.7729E-01  5.1630E-01
  1.5953E+00  5.3595E+00  2.0866E-06  2.7892E-01  5.2146E-01  2.7733E-01  5.1653E-01
  1.6072E+00  5.3995E+00  2.0742E-06  2.8510E-01  5.2146E-01  2.7737E-01  5.1674E-01
  1.6192E+00  5.4395E+00  2.0618E-06  2.9128E-01  5.2146E-01  2.7741E-01  5.1694E-01
  1.6312E+00  5.4795E+00  2.0494E-06  2.9747E-01  5.2146E-01  2.7745E-01  5.1712E-01
  1.6431E+00  5.5195E+00  2.0370E-06  3.0365E-01  5.2146E-01  2.7749E-01  5.1730E-01
  1.6551E+00  5.5595E+00  2.0246E-06  3.0984E-01  5.2146E-01  2.7753E-01  5.1746E-01
  1.6670E+00  5.5995E+00  2.0122E-06  3.1603E-01  5.2146E-01  2.7757E-01  5.1762E-01
  1.6790E+00  5.6395E+00  1.9998E-06  3.2223E-01  5.2146E-01  2.7761E-01  5.1776E-01
  1.6913E+00  5.6805E+00  1.9871E-06  3.2857E-01  5.2146E-01  2.7765E-01  5.1790E-01
  1.7032E+00  5.7205E+00  1.9747E-06  3.3477E-01  5.2146E-01  2.7769E-01  5.1803E-01
  1.7152E+00  5.7605E+00  1.9623E-06  3.4097E-01  5.2146E-01  2.7773E-01  5.1816E-01
  1.7271E+00  5.8005E+00  1.9499E-06  3.4717E-01  5.2146E-01  2.7777E-01  5.1827E-01
  1.7391E+00  5.8405E+00  1.9375E-06  3.5337E-01  5.2146E-01  2.7781E-01  5.1838E-01
  1.7511E+00  5.8805E+00  1.9251E-06  3.5957E-01  5.2146E-01  2.7785E-01  5.1849E-01
  1.7630E+00  5.9205E+00  1.9127E-06  3.6577E-01  5.2146E-01  2.7789E-01  5.1859E-01
  1.7753E+00  5.9615E+00  1.9000E-06  3.7213E-01  5.2146E-01  2.7793E-01  5.1868E-01
  1.7873E+00  6.0015E+00  1.8876E-06  3.7833E-01  5.2146E-01  2.7797E-01  5.1877E-01
  1.7992E+00  6.0415E+00  1.8752E-06  3.8454E-01  5.2146E-01  2.7801E-01  5.1886E-01
  1.8112E+00  6.0815E+00  1.8628E-06  3.9074E-01  5.2146E-01  2.7805E-01  5.1894E-01
  1.8231E+00  6.1215E+00  1.8504E-06  3.9695E-01  5.2146E-01  2.7809E-01  5.1902E-01
  1.8351E+00  6.1615E+00  1.8380E-06  4.0316E-01  5.2146E-01  2.7813E-01  5.1909E-01
  1.8471E+00  6.2015E+00  1.8256E-06  4.0937E-01  5.2146E-01  2.7817E-01  5.1916E-01
  1.8590E+00  6.2415E+00  1.8132E-06  4.1558E-01  5.2146E-01  2.7821E-01  5.1923E-01
  1.8713E+00  6.2825E+00  1.8005E-06  4.2195E-01  5.2146E-01  2.7825E-01  5.1930E-01
  1.8832E+00  6.3225E+00  1.7881E-06  4.2816E-01  5.2146E-01  2.7829E-01  5.1936E-01
  1.8952E+00  6.3625E+00  1.7757E-06  4.3437E-01  5.2146E-01  2.7833E-01  5.1942E-01
  1.9072E+00  6.4025E+00  1.7633E-06  4.4058E-01  5.2146E-01  2.7837E-01  5.1947E-01
  1.9191E+00  6.4425E+00  1.7509E-06  4.4680E-01  5.2146E-01  2.7841E-01  5.1953E-01
  1.9311E+00  6.4825E+00  1.7385E-06  4.5301E-01  5.2146E-01  2.7845E-01  5.1958E-01
  1.9430E+00  6.5225E+00  1.7261E-06  4.5923E-01  5.2146E-01  2.7849E-01  5.1963E-01
  1.9550E+00  6.5625E+00  1.7137E-06  4.6544E-01  5.2146E-01  2.7853E-01  5.1968E-01
  1.9673E+00  6.6035E+00  1.7010E-06  4.7181E-01  5.2146E-01  2.7857E-01  5.1973E-01
  1.9792E+00  6.6435E+00  1.6886E-06  4.7803E-01  5.2146E-01  2.7862E-01  5.1977E-01
  1.9912E+00  6.6835E+00  1.6762E-06  4.8425E-01  5.2146E-01  2.7866E-01  5.1981E-01
  2.0031E+00  6.7235E+00  1.6638E-06  4.9047E-01  5.2146E-01  2.7870E-01  5.1985E-01
  2.0151E+00  6.7635E+00  1.6514E-06  4.9668E-01  5.2146E-01  2.7874E-01  5.1989E-01
  2.0271E+00  6.8035E+00  1.6390E-06  5.0290E-01  5.2146E-01  2.7878E-01  5.1993E-01
  2.0390E+00  6.8435E+00  1.6266E-06  5.0912E-01  5.2146E-01  2.7882E-01  5.1997E-01
  2.0513E+00  6.8845E+00  1.6138E-06  5.1550E-01  5.2146E-01  2.7886E-01  5.2000E-01
  2.0632E+00  6.9245E+00  1.6014E-06  5.2172E-01  5.2146E-01  2.7890E-01  5.2004E-01
  2.0752E+00  6.9645E+00  1.5890E-06  5.2794E-01  5.2146E-01  2.7894E-01  5.2007E-01
  2.0872E+00  7.0045E+00  1.5766E-06  5.3416E-01  5.2146E-01  2.7898E-01  5.2010E-01
  2.0991E+00  7.0445E+00  1.5642E-06  5.4038E-01  5.2146E-01  2.7902E-01  5.2013E-01
  2.1111E+00  7.0845E+00  1.5518E-06  5.4660E-01  5.2146E-01  2.7906E-01  5.2016E-01
  2.1230E+00  7.1245E+00  1.5394E-06  5.5282E-01  5.2146E-01  2.7910E-01  5.2019E-01
  2.1350E+00  7.1645E+00  1.5270E-06  5.5904E-01  5.2146E-01  2.7914E-01  5.2022E-01
  2.1473E+00  7.2055E+00  1.5143E-06  5.6542E-01  5.2146E-01  2.7918E-01  5.2025E-01
  2.1592E+00  7.2455E+00  1.5019E-06  5.7164E-01  5.2146E-01  2.7922E-01  5.2027E-01
  2.1712E+00  7.2855E+00  1.4895E-06  5.7787E-01  5.2146E-01  2.7927E-01  5.2030E-01
  2.1832E+00  7.3255E+00  1.4771E-06  5.8409E-01  5.2146E-01  2.7931E-01  5.2032E-01
  2.1951E+00  7.3655E+00  1.4647E-06  5.9031E-01  5.2146E-01  2.7935E-01  5.2035E-01
  2.2071E+00  7.4055E+00  1.4523E-06  5.9654E-01  5.2146E-01  2.7939E-01  5.2037E-01
  2.2190E+00  7.4455E+00  1.4399E-06  6.0276E-01  5.2146E-01  2.7943E-01  5.2039E-01
  2.2313E+00  7.4865E+00  1.4272E-06  6.0914E-01  5.2146E-01  2.7947E-01  5.2041E-01
  2.2433E+00  7.5265E+00  1.4148E-06  6.1537E-01  5.2146E-01  2.7951E-01  5.2043E-01
  2.2552E+00  7.5665E+00  1.4024E-06  6.2159E-01  5.2146E-01  2.7955E-01  5.2045E-01
  2.2672E+00  7.6065E+00  1.3900E-06  6.2782E-01  5.2146E-01  2.7959E-01  5.2047E-01
  2.2791E+00  7.6465E+00  1.3776E-06  6.3404E-01  5.2146E-01  2.7963E-01  5.2049E-01
  2.2911E+00  7.6865E+00  1.3652E-06  6.4027E-01  5.2146E-01  2.7967E-01  5.2051E-01
  2.3031E+00  7.7265E+00  1.3528E-06  6.4649E-01  5.2146E-01  2.7972E-01  5.2053E-01
  2.3150E+00  7.7665E+00  1.3404E-06  6.5272E-01  5.2146E-01  2.7976E-01  5.2055E-01
  2.3273E+00  7.8075E+00  1.3277E-06  6.5910E-01  5.2146E-01  2.7980E-01  5.2056E-01
  2.3392E+00  7.8475E+00  1.3153E-06  6.6533E-01  5.2146E-01  2.7984E-01  5.2058E-01
  2.3512E+00  7.8875E+00  1.3029E-06  6.7156E-01  5.2146E-01  2.7988E-01  5.2060E-01
  2.3632E+00  7.9275E+00  1.2905E-06  6.7778E-01  5.2146E-01  2.7992E-01  5.2061E-01
  2.3751E+00  7.9675E+00  1.2781E-06  6.8401E-01  5.2146E-01  2.7996E-01  5.2063E-01
  2.3871E+00  8.0075E+00  1.2657E-06  6.9024E-01  5.2146E-01  2.8000E-01  5.2064E-01
  2.3990E+00  8.0475E+00  1.2533E-06  6.9646E-01  5.2146E-01  2.8004E-01  5.2066E-01
  2.4110E+00  8.0875E+00  1.2409E-06  7.0269E-01  5.2146E-01  2.8009E-01  5.2067E-01
  2.4233E+00  8.1285E+00  1.2282E-06  7.0908E-01  5.2146E-01  2.8013E-01  5.2068E-01
  2.4352E+00  8.1685E+00  1.2158E-06  7.1530E-01  5.2146E-01  2.8017E-01  5.2070E-01
  2.4472E+00  8.2085E+00  1.2034E-06  7.2153E-01  5.2146E-01  2.8021E-01  5.2071E-01
  2.4591E+00  8.2485E+00  1.1910E-06  7.2776E-01  5.2146E-01  2.8025E-01  5.2072E-01
  2.4711E+00  8.2885E+00  1.1786E-06  7.3399E-01  5.2146E-01  2.8029E-01  5.2073E-01
  2.4831E+00  8.3285E+00  1.1662E-06  7.4022E-01  5.2146E-01  2.8033E-01  5.2075E-01
  2.4950E+00  8.3685E+00  1.1538E-06  7.4644E-01  5.2146E-01  2.8038E-01  5.2076E-01
  2.5073E+00  8.4095E+00  1.1411E-06  7.5283E-01  5.2146E-01  2.8042E-01  5.2077E-01
  2.5192E+00  8.4495E+00  1.1287E-06  7.5906E-01  5.2146E-01  2.8046E-01  5.2078E-01
  2.5312E+00  8.4895E+00  1.1163E-06  7.6529E-01  5.2146E-01  2.8050E-01  5.2079E-01
  2.5432E+00  8.5295E+00  1.1039E-06  7.7152E-01  5.2146E-01  2.8054E-01  5.2080E-01
  2.5551E+00  8.5695E+00  1.0915E-06  7.7774E-01  5.2146E-01  2.8058E-01  5.2081E-01
  2.5671E+00  8.6095E+00  1.0791E-06  7.8397E-01  5.2146E-01  2.8063E-01  5.2082E-01
  2.5791E+00  8.6495E+00  1.0667E-06  7.9020E-01  5.2146E-01  2.8067E-01  5.2083E-01
  2.5910E+00  8.6895E+00  1.0543E-06  7.9643E-01  5.2146E-01  2.8071E-01  5.2084E-01
  2.6033E+00  8.7305E+00  1.0416E-06  8.0282E-01  5.2146E-01  2.8075E-01  5.2085E-01
  2.6152E+00  8.7705E+00  1.0292E-06  8.0905E-01  5.2146E-01  2.8079E-01  5.2086E-01
  2.6272E+00  8.8105E+00  1.0168E-06  8.1528E-01  5.2146E-01  2.8083E-01  5.2087E-01
  2.6392E+00  8.8505E+00  1.0044E-06  8.2151E-01  5.2146E-01  2.8088E-01  5.2088E-01
  2.6511E+00  8.8905E+00  9.9195E-07  8.2774E-01  5.2146E-01  2.8092E-01  5.2089E-01
  2.6631E+00  8.9305E+00  9.7955E-07  8.3397E-01  5.2146E-01  2.8096E-01  5.2090E-01
  2.6750E+00  8.9705E+00  9.6715E-07  8.4020E-01  5.2146E-01  2.8100E-01  5.2090E-01
  2.6873E+00  9.0115E+00  9.5444E-07  8.4659E-01  5.2146E-01  2.8104E-01  5.2091E-01
  2.6993E+00  9.0515E+00  9.4204E-07  8.5282E-01  5.2146E-01  2.8109E-01  5.2092E-01
  2.7112E+00  9.0915E+00  9.2964E-07  8.5905E-01  5.2146E-01  2.8113E-01  5.2093E-01
  2.7232E+00  9.1315E+00  9.1724E-07  8.6528E-01  5.2146E-01  2.8117E-01  5.2093E-01
  2.7351E+00  9.1715E+00  9.0484E-07  8.7151E-01  5.2146E-01  2.8121E-01  5.2094E-01
  2.7471E+00  9.2115E+00  8.9243E-07  8.7774E-01  5.2146E-01  2.8125E-01  5.2095E-01
  2.7591E+00  9.2515E+00  8.8003E-07  8.8397E-01  5.2146E-01  2.8129E-01  5.2096E-01
  2.7710E+00  9.2915E+00  8.6763E-07  8.9020E-01  5.2146E-01  2.8134E-01  5.2096E-01
  2.7833E+00  9.3325E+00  8.5492E-07  8.9659E-01  5.2146E-01  2.8138E-01  5.2097E-01
  2.7952E+00  9.3725E+00  8.4252E-07  9.0282E-01  5.2146E-01  2.8142E-01  5.2098E-01
  2.8072E+00  9.4125E+00  8.3012E-07  9.0905E-01  5.2146E-01  2.8146E-01  5.2098E-01
  2.8192E+00  9.4525E+00  8.1772E-07  9.1528E-01  5.2146E-01  2.8151E-01  5.2099E-01
  2.8311E+00  9.4925E+00  8.0532E-07  9.2151E-01  5.2146E-01  2.8155E-01  5.2100E-01
  2.8431E+00  9.5325E+00  7.9292E-07  9.2774E-01  5.2146E-01  2.8159E-01  5.2100E-01
  2.8550E+00  9.5725E+00  7.8052E-07  9.3398E-01  5.2146E-01  2.8163E-01  5.2101E-01
  2.8670E+00  9.6125E+00  7.6812E-07  9.4021E-01  5.2146E-01  2.8167E-01  5.2101E-01
  2.8793E+00  9.6535E+00  7.5541E-07  9.4659E-01  5.2146E-01  2.8172E-01  5.2102E-01
  2.8912E+00  9.6935E+00  7.4301E-07  9.5283E-01  5.2146E-01  2.8176E-01  5.2102E-01
  2.9032E+00  9.7335E+00  7.3061E-07  9.5906E-01  5.2146E-01  2.8180E-01  5.2103E-01
  2.9152E+00  9.7735E+00  7.1821E-07  9.6529E-01  5.2146E-01  2.8184E-01  5.2104E-01
  2.9271E+00  9.8135E+00  7.0581E-07  9.7152E-01  5.2146E-01  2.8189E-01  5.2104E-01
  2.9391E+00  9.8535E+00  6.9340E-07  9.7775E-01  5.2146E-01  2.8193E-01  5.2105E-01
  2.9510E+00  9.8935E+00  6.8109E-07  9.8399E-01  5.2228E-01  2.7899E-01  5.2189E-01
  2.9633E+00  9.9345E+00  6.7038E-07  9.9046E-01  5.3776E-01  2.7166E-01  5.3739E-01
  2.9753E+00  9.9745E+00  6.6245E-07  9.9694E-01  5.2078E-01  2.8284E-01  5.2038E-01
  2.9872E+00  1.0015E+01  6.1831E-07  1.0004E+00  1.1140E-01  5.7788E-01 -1.0344E-01
  2.9992E+00  1.0055E+01  5.5888E-07  9.9407E-01  7.8712E-01  2.9740E-01 -7.8684E-01
  3.0111E+00  1.0095E+01  5.6352E-07  9.8666E-01  3.0530E-01  3.2399E-01 -3.0448E-01
  3.0231E+00  1.0135E+01  5.4234E-07  9.8443E-01  3.5525E-01  5.2238E-01 -3.5347E-01
  3.0351E+00  1.0175E+01  4.9747E-07  9.7699E-01  7.2006E-01  2.5562E-01 -7.1986E-01
  3.0470E+00  1.0215E+01  5.1067E-07  9.7137E-01  1.6422E-01  2.7013E-01 -1.6326E-01
  3.0590E+00  1.0255E+01  4.7332E-07  9.6871E-01  4.8256E-01  4.8256E-01 -4.8155E-01
  3.0713E+00  1.0296E+01  4.4426E-07  9.6090E-01  6.0088E-01  2.5869E-01 -6.0066E-01
  3.0832E+00  1.0336E+01  4.5742E-07  9.5709E-01  1.0704E-01  2.7642E-01 -1.0563E-01
  3.0952E+00  1.0376E+01  4.1096E-07  9.5338E-01  5.7697E-01  3.9633E-01 -5.7645E-01
  3.1072E+00  1.0416E+01  3.9801E-07  9.4618E-01  4.6015E-01  2.9103E-01 -4.5981E-01
  3.1192E+00  1.0456E+01  4.0230E-07  9.4357E-01  1.4565E-01  3.9363E-01 -1.4372E-01
  3.1311E+00  1.0496E+01  3.5720E-07  9.3883E-01  6.0342E-01  3.2099E-01 -6.0312E-01
  3.1431E+00  1.0536E+01  3.5725E-07  9.3256E-01  3.1348E-01  3.1233E-01 -3.1295E-01
  3.1551E+00  1.0576E+01  3.4950E-07  9.3055E-01  2.3867E-01  4.7876E-01 -2.3707E-01
  3.1671E+00  1.0616E+01  3.1520E-07  9.2498E-01  5.8402E-01  2.9517E-01 -5.8378E-01
  3.1790E+00  1.0656E+01  3.2827E-07  9.1988E-01  1.9175E-01  3.3762E-01 -1.9081E-01
  3.1910E+00  1.0696E+01  3.1085E-07  9.1778E-01  3.4732E-01  5.1284E-01 -3.4616E-01
  3.2033E+00  1.0737E+01  2.8720E-07  9.1156E-01  5.2730E-01  2.9052E-01 -5.2706E-01
  3.2153E+00  1.0777E+01  2.9729E-07  9.0768E-01  1.3199E-01  2.6823E-01 -1.3119E-01
  3.2272E+00  1.0817E+01  2.5932E-07  9.0466E-01  4.6569E-01  4.1924E-01 -4.6514E-01
  3.2392E+00  1.0857E+01  2.3906E-07  8.9830E-01  4.6317E-01  2.6448E-01 -4.6296E-01
  3.2512E+00  1.0897E+01  2.3924E-07  8.9511E-01  1.6642E-01  3.3449E-01 -1.6550E-01
  3.2632E+00  1.0937E+01  1.9520E-07  8.9087E-01  5.4379E-01  3.4816E-01 -5.4350E-01
  3.2751E+00  1.0977E+01  1.8355E-07  8.8460E-01  3.8831E-01  2.8398E-01 -3.8804E-01
  3.2871E+00  1.1017E+01  1.7321E-07  8.8167E-01  2.5578E-01  4.3178E-01 -2.5484E-01
  3.2991E+00  1.1057E+01  1.3233E-07  8.7629E-01  5.7885E-01  2.9134E-01 -5.7866E-01
  3.3111E+00  1.1097E+01  1.2874E-07  8.7046E-01  3.1363E-01  2.8104E-01 -3.1332E-01
  3.3231E+00  1.1137E+01  1.0675E-07  8.6736E-01  3.6533E-01  4.6030E-01 -3.6462E-01
  3.3351E+00  1.1177E+01  7.3798E-08  8.6115E-01  5.7346E-01  2.5779E-01 -5.7332E-01
  3.3470E+00  1.1217E+01  7.4655E-08  8.5598E-01  2.6193E-01  2.5405E-01 -2.6164E-01
  3.3590E+00  1.1257E+01  4.2797E-08  8.5229E-01  4.6520E-01  4.2679E-01 -4.6475E-01
  3.3713E+00  1.1298E+01  1.9072E-08  8.4551E-01  5.2941E-01  2.5507E-01 -5.2927E-01
  3.3833E+00  1.1338E+01  1.9103E-08  8.4110E-01  2.5254E-01  2.9345E-01 -2.5215E-01
  3.3953E+00  1.1378E+01 -1.7893E-08  8.3655E-01  5.3800E-01  3.7786E-01 -5.3771E-01
  3.4072E+00  1.1418E+01 -3.1071E-08  8.2999E-01  4.5951E-01  3.1020E-01 -4.5928E-01
  3.4192E+00  1.1458E+01 -3.5670E-08  8.2616E-01  2.8534E-01  3.9894E-01 -2.8473E-01
  3.4312E+00  1.1498E+01 -6.8384E-08  8.2093E-01  5.5540E-01  3.2009E-01 -5.5520E-01
  3.4432E+00  1.1538E+01 -7.0272E-08  8.1492E-01  3.7060E-01  2.8150E-01 -3.7038E-01
  3.4552E+00  1.1578E+01 -8.0271E-08  8.1145E-01  3.3981E-01  4.2019E-01 -3.3927E-01
  3.4672E+00  1.1618E+01 -1.0490E-07  8.0578E-01  5.3871E-01  2.6654E-01 -5.3858E-01
  3.4791E+00  1.1658E+01 -1.0043E-07  8.0054E-01  2.9320E-01  2.6030E-01 -2.9296E-01
  3.4911E+00  1.1698E+01 -1.1845E-07  7.9705E-01  3.9929E-01  4.0982E-01 -3.9886E-01
  3.5031E+00  1.1738E+01 -1.3549E-07  7.9119E-01  4.9639E-01  2.5117E-01 -4.9627E-01
  3.5151E+00  1.1778E+01 -1.2977E-07  7.8677E-01  2.4717E-01  2.5529E-01 -2.4692E-01
  3.5271E+00  1.1818E+01 -1.5354E-07  7.8297E-01  4.4528E-01  3.6665E-01 -4.4498E-01
  3.5391E+00  1.1858E+01 -1.6324E-07  7.7720E-01  4.3482E-01  2.5421E-01 -4.3468E-01
  3.5510E+00  1.1898E+01 -1.6058E-07  7.7350E-01  2.4300E-01  3.1126E-01 -2.4262E-01
  3.5630E+00  1.1938E+01 -1.8566E-07  7.6923E-01  4.6984E-01  3.1874E-01 -4.6964E-01
  3.5750E+00  1.1978E+01 -1.8882E-07  7.6381E-01  3.6382E-01  2.6363E-01 -3.6365E-01
  3.5870E+00  1.2018E+01 -1.9254E-07  7.6057E-01  2.7431E-01  3.7630E-01 -2.7383E-01
  3.5993E+00  1.2059E+01 -2.1509E-07  7.5573E-01  4.6999E-01  2.7755E-01 -4.6984E-01
  3.6113E+00  1.2099E+01 -2.1294E-07  7.5090E-01  2.8796E-01  2.6019E-01 -2.8775E-01
  3.6233E+00  1.2139E+01 -2.2521E-07  7.4780E-01  3.2862E-01  3.9393E-01 -3.2820E-01
  3.6352E+00  1.2179E+01 -2.4183E-07  7.4279E-01  4.4470E-01  2.5558E-01 -4.4457E-01
  3.6472E+00  1.2219E+01 -2.3749E-07  7.3862E-01  2.3787E-01  2.5037E-01 -2.3764E-01
  3.6592E+00  1.2259E+01 -2.5581E-07  7.3536E-01  3.7338E-01  3.6708E-01 -3.7307E-01
  3.6712E+00  1.2299E+01 -2.6639E-07  7.3030E-01  4.0226E-01  2.4980E-01 -4.0213E-01
  3.6832E+00  1.2339E+01 -2.6315E-07  7.2676E-01  2.1971E-01  2.7852E-01 -2.1941E-01
  3.6952E+00  1.2379E+01 -2.8413E-07  7.2315E-01  4.0217E-01  3.2671E-01 -4.0195E-01
  3.7072E+00  1.2419E+01 -2.8902E-07  7.1828E-01  3.4720E-01  2.5443E-01 -3.4704E-01
  3.7191E+00  1.2459E+01 -2.9001E-07  7.1521E-01  2.3431E-01  3.3830E-01 -2.3390E-01
  3.7311E+00  1.2499E+01 -3.0994E-07  7.1122E-01  4.1108E-01  2.9058E-01 -4.1091E-01
  3.7431E+00  1.2539E+01 -3.1015E-07  7.0673E-01  2.8799E-01  2.5755E-01 -2.8781E-01
  3.7551E+00  1.2579E+01 -3.1732E-07  7.0390E-01  2.7048E-01  3.7316E-01 -2.7006E-01
  3.7671E+00  1.2619E+01 -3.3364E-07  6.9960E-01  4.0143E-01  2.6528E-01 -4.0129E-01
  3.7791E+00  1.2659E+01 -3.3085E-07  6.9561E-01  2.3732E-01  2.5159E-01 -2.3710E-01
  3.7911E+00  1.2699E+01 -3.4392E-07  6.9276E-01  3.1092E-01  3.6605E-01 -3.1058E-01
  3.8031E+00  1.2739E+01 -3.5534E-07  6.8832E-01  3.7440E-01  2.5226E-01 -3.7427E-01
  3.8150E+00  1.2779E+01 -3.5179E-07  6.8487E-01  2.0726E-01  2.5765E-01 -2.0701E-01
  3.8270E+00  1.2819E+01 -3.6845E-07  6.8180E-01  3.4270E-01  3.3585E-01 -3.4245E-01
  3.8390E+00  1.2859E+01 -3.7481E-07  6.7741E-01  3.3376E-01  2.5008E-01 -3.3362E-01
  3.8510E+00  1.2899E+01 -3.7357E-07  6.7443E-01  2.0532E-01  3.0040E-01 -2.0499E-01
  3.8633E+00  1.2940E+01 -3.9131E-07  6.7093E-01  3.6223E-01  2.9937E-01 -3.6205E-01
  3.8753E+00  1.2980E+01 -3.9289E-07  6.6679E-01  2.8118E-01  2.5344E-01 -2.8101E-01
  3.8873E+00  1.3020E+01 -3.9679E-07  6.6414E-01  2.3154E-01  3.4918E-01 -2.3115E-01
  3.8993E+00  1.3060E+01 -4.1196E-07  6.6040E-01  3.6111E-01  2.7374E-01 -3.6096E-01
  3.9112E+00  1.3100E+01 -4.1058E-07  6.5663E-01  2.3447E-01  2.5203E-01 -2.3427E-01
  3.9232E+00  1.3140E+01 -4.1995E-07  6.5405E-01  2.6557E-01  3.5722E-01 -2.6523E-01
  3.9352E+00  1.3180E+01 -4.3150E-07  6.5013E-01  3.4432E-01  2.5744E-01 -3.4418E-01
  3.9472E+00  1.3220E+01 -4.2879E-07  6.4682E-01  2.0049E-01  2.5191E-01 -2.0026E-01
  3.9592E+00  1.3260E+01 -4.4230E-07  6.4411E-01  2.9712E-01  3.3777E-01 -2.9685E-01
  3.9712E+00  1.3300E+01 -4.4965E-07  6.4015E-01  3.1527E-01  2.5046E-01 -3.1513E-01
  3.9832E+00  1.3340E+01 -4.4792E-07  6.3727E-01  1.8870E-01  2.7751E-01 -1.8841E-01
  3.9952E+00  1.3380E+01 -4.6319E-07  6.3431E-01  3.1766E-01  3.0931E-01 -3.1745E-01
  4.0072E+00  1.3420E+01 -4.6668E-07  6.3048E-01  2.7700E-01  2.5090E-01 -2.7684E-01
  4.0191E+00  1.3460E+01 -4.6827E-07  6.2793E-01  1.9982E-01  3.2081E-01 -1.9946E-01
  4.0311E+00  1.3500E+01 -4.8281E-07  6.2469E-01  3.2432E-01  2.8424E-01 -3.2415E-01
  4.0431E+00  1.3540E+01 -4.8316E-07  6.2112E-01  2.3550E-01  2.5183E-01 -2.3531E-01
  4.0551E+00  1.3580E+01 -4.8921E-07  6.1873E-01  2.2603E-01  3.4455E-01 -2.2567E-01
  4.0671E+00  1.3620E+01 -5.0109E-07  6.1527E-01  3.1779E-01  2.6571E-01 -3.1764E-01
  4.0791E+00  1.3660E+01 -4.9945E-07  6.1206E-01  1.9995E-01  2.5070E-01 -1.9974E-01
  4.0911E+00  1.3700E+01 -5.0970E-07  6.0964E-01  2.5518E-01  3.3861E-01 -2.5488E-01
  4.1031E+00  1.3740E+01 -5.1809E-07  6.0608E-01  2.9873E-01  2.5476E-01 -2.9858E-01
  4.1150E+00  1.3780E+01 -5.1620E-07  6.0325E-01  1.7920E-01  2.6105E-01 -1.7894E-01
  4.1270E+00  1.3820E+01 -5.2905E-07  6.0066E-01  2.7815E-01  3.1685E-01 -2.7791E-01
  4.1390E+00  1.3860E+01 -5.3388E-07  5.9714E-01  2.6968E-01  2.5084E-01 -2.6952E-01
  4.1510E+00  1.3900E+01 -5.3381E-07  5.9464E-01  1.7869E-01  2.9503E-01 -1.7837E-01
  4.1630E+00  1.3940E+01 -5.4705E-07  5.9182E-01  2.9095E-01  2.9607E-01 -2.9076E-01
  4.1753E+00  1.3981E+01 -5.4865E-07  5.8838E-01  2.3191E-01  2.5949E-01 -2.3172E-01
  4.1873E+00  1.4021E+01 -5.5261E-07  5.8611E-01  1.9881E-01  3.3861E-01 -1.9844E-01
  4.1993E+00  1.4061E+01 -5.6471E-07  5.8302E-01  2.9255E-01  2.8091E-01 -2.9238E-01
  4.2113E+00  1.4101E+01 -5.6515E-07  5.7994E-01  2.0001E-01  2.5429E-01 -1.9981E-01
  4.2232E+00  1.4141E+01 -5.7453E-07  5.7768E-01  2.2661E-01  3.3540E-01 -2.2630E-01
  4.2352E+00  1.4181E+01 -5.8510E-07  5.7443E-01  2.8383E-01  2.6031E-01 -2.8368E-01
  4.2472E+00  1.4221E+01 -5.8555E-07  5.7162E-01  1.7975E-01  2.5550E-01 -1.7952E-01
  4.2592E+00  1.4261E+01 -5.9830E-07  5.6921E-01  2.5400E-01  3.2019E-01 -2.5374E-01
  4.2712E+00  1.4301E+01 -6.0589E-07  5.6588E-01  2.6682E-01  2.5292E-01 -2.6667E-01
  4.2832E+00  1.4341E+01 -6.0719E-07  5.6334E-01  1.7622E-01  2.7825E-01 -1.7594E-01
  4.2952E+00  1.4381E+01 -6.2101E-07  5.6069E-01  2.7330E-01  2.9947E-01 -2.7310E-01
  4.3072E+00  1.4421E+01 -6.2559E-07  5.5740E-01  2.4278E-01  2.5064E-01 -2.4262E-01
  4.3192E+00  1.4461E+01 -6.2929E-07  5.5504E-01  1.8923E-01  3.0989E-01 -1.8891E-01
  4.3312E+00  1.4501E+01 -6.4220E-07  5.5214E-01  2.8206E-01  2.8078E-01 -2.8189E-01
  4.3431E+00  1.4541E+01 -6.4428E-07  5.4900E-01  2.1603E-01  2.5062E-01 -2.1585E-01
  4.3551E+00  1.4581E+01 -6.5117E-07  5.4671E-01  2.1275E-01  3.2605E-01 -2.1244E-01
  4.3671E+00  1.4621E+01 -6.6174E-07  5.4360E-01  2.8056E-01  2.6689E-01 -2.8041E-01
  4.3791E+00  1.4661E+01 -6.6215E-07  5.4068E-01  1.9326E-01  2.5341E-01 -1.9306E-01
  4.3911E+00  1.4701E+01 -6.7179E-07  5.3833E-01  2.3733E-01  3.2313E-01 -2.3706E-01
  4.4031E+00  1.4741E+01 -6.7912E-07  5.3512E-01  2.6850E-01  2.6430E-01 -2.6834E-01
  4.4151E+00  1.4781E+01 -6.7873E-07  5.3246E-01  1.8007E-01  2.7211E-01 -1.7982E-01
  4.4271E+00  1.4821E+01 -6.8920E-07  5.2996E-01  2.5509E-01  3.0802E-01 -2.5486E-01
  4.4391E+00  1.4861E+01 -6.9283E-07  5.2678E-01  2.4685E-01  2.5403E-01 -2.4669E-01
  4.4510E+00  1.4901E+01 -6.9315E-07  5.2436E-01  1.8027E-01  2.8994E-01 -1.7998E-01
  4.4630E+00  1.4941E+01 -7.0321E-07  5.2169E-01  2.6408E-01  2.8663E-01 -2.6389E-01
  4.4750E+00  1.4981E+01 -7.0424E-07  5.1863E-01  2.2074E-01  2.5093E-01 -2.2057E-01
  4.4870E+00  1.5021E+01 -7.0709E-07  5.1637E-01  1.9298E-01  3.1182E-01 -1.9267E-01
  4.4990E+00  1.5061E+01 -7.1576E-07  5.1354E-01  2.6392E-01  2.7243E-01 -2.6375E-01
  4.5113E+00  1.5102E+01 -7.1511E-07  5.1062E-01  1.9270E-01  2.5162E-01 -1.9251E-01
  4.5233E+00  1.5142E+01 -7.2125E-07  5.0841E-01  2.1385E-01  3.1583E-01 -2.1357E-01
  4.5353E+00  1.5182E+01 -7.2753E-07  5.0546E-01  2.5415E-01  2.6110E-01 -2.5399E-01
  4.5473E+00  1.5222E+01 -7.2631E-07  5.0287E-01  1.7466E-01  2.5808E-01 -1.7443E-01
  4.5593E+00  1.5262E+01 -7.3463E-07  5.0058E-01  2.3080E-01  3.0493E-01 -2.3056E-01
  4.5712E+00  1.5302E+01 -7.3854E-07  4.9762E-01  2.3756E-01  2.5487E-01 -2.3740E-01
  4.5832E+00  1.5342E+01 -7.3816E-07  4.9527E-01  1.6910E-01  2.7672E-01 -1.6883E-01
  4.5952E+00  1.5382E+01 -7.4722E-07  4.9284E-01  2.4156E-01  2.9011E-01 -2.4136E-01
  4.6072E+00  1.5422E+01 -7.4895E-07  4.8995E-01  2.1582E-01  2.5172E-01 -2.1565E-01
  4.6192E+00  1.5462E+01 -7.5055E-07  4.8778E-01  1.7608E-01  2.9901E-01 -1.7578E-01
  4.6312E+00  1.5502E+01 -7.5886E-07  4.8520E-01  2.4460E-01  2.7645E-01 -2.4442E-01
  4.6432E+00  1.5542E+01 -7.5890E-07  4.8246E-01  1.9241E-01  2.5141E-01 -1.9221E-01
  4.6552E+00  1.5582E+01 -7.6314E-07  4.8037E-01  1.9102E-01  3.0960E-01 -1.9072E-01
  4.6672E+00  1.5622E+01 -7.6977E-07  4.7768E-01  2.4026E-01  2.6598E-01 -2.4009E-01
  4.6792E+00  1.5662E+01 -7.6888E-07  4.7515E-01  1.7268E-01  2.5429E-01 -1.7246E-01
  4.6911E+00  1.5702E+01 -7.7546E-07  4.7304E-01  2.0716E-01  3.0525E-01 -2.0689E-01
  4.7031E+00  1.5742E+01 -7.8002E-07  4.7029E-01  2.2884E-01  2.5854E-01 -2.2867E-01
  4.7151E+00  1.5782E+01 -7.7923E-07  4.6798E-01  1.6168E-01  2.6546E-01 -1.6142E-01
  4.7271E+00  1.5822E+01 -7.8710E-07  4.6577E-01  2.1957E-01  2.9361E-01 -2.1934E-01
  4.7391E+00  1.5862E+01 -7.8962E-07  4.6305E-01  2.1175E-01  2.5406E-01 -2.1157E-01
  4.7511E+00  1.5902E+01 -7.9015E-07  4.6093E-01  1.6224E-01  2.8518E-01 -1.6195E-01
  4.7631E+00  1.5942E+01 -7.9803E-07  4.5859E-01  2.2612E-01  2.8129E-01 -2.2592E-01
  4.7751E+00  1.5982E+01 -7.9884E-07  4.5596E-01  1.9171E-01  2.5233E-01 -1.9152E-01
  4.7871E+00  1.6022E+01 -8.0151E-07  4.5396E-01  1.7230E-01  3.0069E-01 -1.7200E-01
  4.7991E+00  1.6062E+01 -8.0828E-07  4.5150E-01  2.2574E-01  2.7091E-01 -2.2555E-01
  4.8110E+00  1.6102E+01 -8.0789E-07  4.4903E-01  1.7213E-01  2.5325E-01 -1.7191E-01
  4.8230E+00  1.6142E+01 -8.1282E-07  4.4706E-01  1.8644E-01  3.0313E-01 -1.8615E-01
  4.8350E+00  1.6182E+01 -8.1785E-07  4.4452E-01  2.1873E-01  2.6289E-01 -2.1855E-01
  4.8470E+00  1.6222E+01 -8.1711E-07  4.4225E-01  1.5781E-01  2.5928E-01 -1.5756E-01
  4.8590E+00  1.6262E+01 -8.2373E-07  4.4022E-01  1.9962E-01  2.9573E-01 -1.9936E-01
  4.8710E+00  1.6302E+01 -8.2693E-07  4.3766E-01  2.0636E-01  2.5727E-01 -2.0617E-01
  4.8833E+00  1.6343E+01 -8.2695E-07  4.3553E-01  1.5316E-01  2.7562E-01 -1.5287E-01
  4.8953E+00  1.6383E+01 -8.3418E-07  4.3338E-01  2.0922E-01  2.8396E-01 -2.0899E-01
  4.9073E+00  1.6423E+01 -8.3555E-07  4.3088E-01  1.8810E-01  2.5391E-01 -1.8790E-01
  4.9193E+00  1.6463E+01 -8.3723E-07  4.2894E-01  1.5895E-01  2.9190E-01 -1.5863E-01
  4.9313E+00  1.6503E+01 -8.4381E-07  4.2668E-01  2.1129E-01  2.7420E-01 -2.1108E-01
  4.9432E+00  1.6543E+01 -8.4393E-07  4.2431E-01  1.7003E-01  2.5363E-01 -1.6980E-01
  4.9552E+00  1.6583E+01 -8.4768E-07  4.2243E-01  1.7064E-01  2.9885E-01 -1.7033E-01
  4.9672E+00  1.6623E+01 -8.5289E-07  4.2007E-01  2.0768E-01  2.6628E-01 -2.0747E-01
  4.9792E+00  1.6663E+01 -8.5238E-07  4.1786E-01  1.5498E-01  2.5702E-01 -1.5473E-01
  4.9912E+00  1.6703E+01 -8.5790E-07  4.1596E-01  1.8303E-01  2.9528E-01 -1.8275E-01
  5.0032E+00  1.6743E+01 -8.6149E-07  4.1357E-01  1.9859E-01  2.6064E-01 -1.9839E-01
  5.0152E+00  1.6783E+01 -8.6120E-07  4.1152E-01  1.4687E-01  2.6730E-01 -1.4658E-01
  5.0272E+00  1.6823E+01 -8.6768E-07  4.0955E-01  1.9243E-01  2.8707E-01 -1.9217E-01
  5.0392E+00  1.6863E+01 -8.6972E-07  4.0718E-01  1.8513E-01  2.5669E-01 -1.8491E-01
  5.0512E+00  1.6903E+01 -8.7056E-07  4.0528E-01  1.4775E-01  2.8227E-01 -1.4743E-01
  5.0631E+00  1.6943E+01 -8.7695E-07  4.0320E-01  1.9725E-01  2.7813E-01 -1.9702E-01
  5.0751E+00  1.6983E+01 -8.7769E-07  4.0092E-01  1.6945E-01  2.5501E-01 -1.6922E-01
  5.0871E+00  1.7023E+01 -8.8025E-07  3.9911E-01  1.5582E-01  2.9304E-01 -1.5549E-01
  5.0991E+00  1.7063E+01 -8.8570E-07  3.9693E-01  1.9668E-01  2.7042E-01 -1.9646E-01
  5.1111E+00  1.7103E+01 -8.8564E-07  3.9477E-01  1.5426E-01  2.5617E-01 -1.5401E-01
  5.1231E+00  1.7143E+01 -8.9004E-07  3.9298E-01  1.6684E-01  2.9426E-01 -1.6653E-01
  5.1351E+00  1.7183E+01 -8.9416E-07  3.9075E-01  1.9096E-01  2.6428E-01 -1.9074E-01
  5.1471E+00  1.7223E+01 -8.9396E-07  3.8874E-01  1.4338E-01  2.6223E-01 -1.4309E-01
  5.1591E+00  1.7263E+01 -8.9971E-07  3.8690E-01  1.7696E-01  2.8946E-01 -1.7668E-01
  5.1711E+00  1.7303E+01 -9.0256E-07  3.8466E-01  1.8112E-01  2.6223E-01 -1.8090E-01
  5.1831E+00  1.7343E+01 -9.0329E-07  3.8279E-01  1.4010E-01  2.7817E-01 -1.3976E-01
  5.1950E+00  1.7383E+01 -9.0999E-07  3.8087E-01  1.8386E-01  2.8519E-01 -1.8359E-01
  5.2070E+00  1.7423E+01 -9.1227E-07  3.7867E-01  1.6888E-01  2.5912E-01 -1.6864E-01
  5.2190E+00  1.7463E+01 -9.1502E-07  3.7689E-01  1.4558E-01  2.8685E-01 -1.4524E-01
  5.2310E+00  1.7503E+01 -9.2171E-07  3.7486E-01  1.8765E-01  2.7435E-01 -1.8741E-01
  5.2430E+00  1.7543E+01 -9.2328E-07  3.7273E-01  1.5696E-01  2.5672E-01 -1.5671E-01
  5.2553E+00  1.7584E+01 -9.2791E-07  3.7093E-01  1.5833E-01  2.9200E-01 -1.5801E-01
  5.2673E+00  1.7624E+01 -9.3329E-07  3.6879E-01  1.8736E-01  2.6742E-01 -1.8713E-01
  5.2793E+00  1.7664E+01 -9.3420E-07  3.6676E-01  1.4662E-01  2.6029E-01 -1.4634E-01
  5.2913E+00  1.7704E+01 -9.3999E-07  3.6496E-01  1.7054E-01  2.8907E-01 -1.7024E-01
  5.3033E+00  1.7744E+01 -9.4385E-07  3.6276E-01  1.8256E-01  2.6262E-01 -1.8233E-01
  5.3153E+00  1.7784E+01 -9.4481E-07  3.6083E-01  1.4314E-01  2.6887E-01 -1.4283E-01
  5.3272E+00  1.7824E+01 -9.5104E-07  3.5894E-01  1.8016E-01  2.8277E-01 -1.7989E-01
  5.3392E+00  1.7864E+01 -9.5345E-07  3.5673E-01  1.7421E-01  2.5927E-01 -1.7397E-01
  5.3512E+00  1.7904E+01 -9.5515E-07  3.5489E-01  1.4653E-01  2.8021E-01 -1.4619E-01
  5.3632E+00  1.7944E+01 -9.6095E-07  3.5288E-01  1.8593E-01  2.7624E-01 -1.8567E-01
  5.3752E+00  1.7984E+01 -9.6207E-07  3.5072E-01  1.6391E-01  2.5811E-01 -1.6366E-01
  5.3872E+00  1.8024E+01 -9.6478E-07  3.4892E-01  1.5498E-01  2.8834E-01 -1.5464E-01
  5.3992E+00  1.8064E+01 -9.6922E-07  3.4682E-01  1.8682E-01  2.7249E-01 -1.8657E-01
  5.4112E+00  1.8104E+01 -9.6904E-07  3.4474E-01  1.5326E-01  2.6239E-01 -1.5297E-01
  5.4232E+00  1.8144E+01 -9.7241E-07  3.4294E-01  1.6432E-01  2.8984E-01 -1.6400E-01
  5.4352E+00  1.8184E+01 -9.7516E-07  3.4080E-01  1.8235E-01  2.6628E-01 -1.8210E-01
  5.4471E+00  1.8224E+01 -9.7465E-07  3.3883E-01  1.4498E-01  2.6443E-01 -1.4467E-01
  5.4591E+00  1.8264E+01 -9.7891E-07  3.3700E-01  1.7196E-01  2.8337E-01 -1.7166E-01
  5.4711E+00  1.8304E+01 -9.8054E-07  3.3485E-01  1.7420E-01  2.6162E-01 -1.7395E-01
  5.4831E+00  1.8344E+01 -9.8064E-07  3.3300E-01  1.4245E-01  2.7322E-01 -1.4211E-01
  5.4951E+00  1.8384E+01 -9.8512E-07  3.3110E-01  1.7662E-01  2.7772E-01 -1.7634E-01
  5.5071E+00  1.8424E+01 -9.8577E-07  3.2899E-01  1.6361E-01  2.5932E-01 -1.6334E-01
  5.5191E+00  1.8464E+01 -9.8697E-07  3.2723E-01  1.4575E-01  2.8179E-01 -1.4539E-01
  5.5311E+00  1.8504E+01 -9.9098E-07  3.2526E-01  1.7765E-01  2.7244E-01 -1.7738E-01
  5.5431E+00  1.8544E+01 -9.9093E-07  3.2323E-01  1.5227E-01  2.5909E-01 -1.5199E-01
  5.5551E+00  1.8584E+01 -9.9343E-07  3.2151E-01  1.5264E-01  2.8522E-01 -1.5229E-01
  5.5671E+00  1.8624E+01 -9.9652E-07  3.1949E-01  1.7520E-01  2.6791E-01 -1.7492E-01
  5.5790E+00  1.8664E+01 -9.9617E-07  3.1756E-01  1.4281E-01  2.6186E-01 -1.4249E-01
  5.5910E+00  1.8704E+01 -9.9974E-07  3.1583E-01  1.5996E-01  2.8335E-01 -1.5963E-01
  5.6030E+00  1.8744E+01 -1.0018E-06  3.1379E-01  1.6938E-01  2.6399E-01 -1.6910E-01
  5.6150E+00  1.8784E+01 -1.0016E-06  3.1197E-01  1.3761E-01  2.6811E-01 -1.3726E-01
  5.6270E+00  1.8824E+01 -1.0057E-06  3.1019E-01  1.6544E-01  2.7880E-01 -1.6513E-01
  5.6390E+00  1.8864E+01 -1.0068E-06  3.0817E-01  1.6086E-01  2.6124E-01 -1.6057E-01
  5.6513E+00  1.8905E+01 -1.0075E-06  3.0640E-01  1.3841E-01  2.7717E-01 -1.3803E-01
  5.6633E+00  1.8945E+01 -1.0114E-06  3.0455E-01  1.6845E-01  2.7364E-01 -1.6815E-01
  5.6753E+00  1.8985E+01 -1.0117E-06  3.0259E-01  1.5000E-01  2.5989E-01 -1.4969E-01
  5.6873E+00  1.9025E+01 -1.0136E-06  3.0092E-01  1.4348E-01  2.8206E-01 -1.4309E-01
  5.6993E+00  1.9065E+01 -1.0168E-06  2.9902E-01  1.6748E-01  2.6949E-01 -1.6718E-01
  5.7112E+00  1.9105E+01 -1.0166E-06  2.9714E-01  1.4059E-01  2.6117E-01 -1.4025E-01
  5.7232E+00  1.9145E+01 -1.0195E-06  2.9548E-01  1.5001E-01  2.8207E-01 -1.4964E-01
  5.7352E+00  1.9185E+01 -1.0218E-06  2.9355E-01  1.6336E-01  2.6597E-01 -1.6306E-01
  5.7472E+00  1.9225E+01 -1.0216E-06  2.9177E-01  1.3412E-01  2.6562E-01 -1.3374E-01
  5.7592E+00  1.9265E+01 -1.0252E-06  2.9008E-01  1.5575E-01  2.7902E-01 -1.5540E-01
  5.7712E+00  1.9305E+01 -1.0266E-06  2.8815E-01  1.5675E-01  2.6314E-01 -1.5643E-01
  5.7832E+00  1.9345E+01 -1.0269E-06  2.8646E-01  1.3235E-01  2.7247E-01 -1.3194E-01
  5.7952E+00  1.9385E+01 -1.0307E-06  2.8472E-01  1.5916E-01  2.7506E-01 -1.5881E-01
  5.8072E+00  1.9425E+01 -1.0312E-06  2.8283E-01  1.4828E-01  2.6137E-01 -1.4795E-01
  5.8192E+00  1.9465E+01 -1.0325E-06  2.8120E-01  1.3507E-01  2.7840E-01 -1.3465E-01
  5.8312E+00  1.9505E+01 -1.0357E-06  2.7942E-01  1.5970E-01  2.7129E-01 -1.5936E-01
  5.8431E+00  1.9545E+01 -1.0358E-06  2.7759E-01  1.3934E-01  2.6132E-01 -1.3897E-01
  5.8551E+00  1.9585E+01 -1.0381E-06  2.7599E-01  1.4046E-01  2.8051E-01 -1.4004E-01
  5.8671E+00  1.9625E+01 -1.0406E-06  2.7416E-01  1.5753E-01  2.6800E-01 -1.5719E-01
  5.8791E+00  1.9665E+01 -1.0404E-06  2.7241E-01  1.3198E-01  2.6375E-01 -1.3159E-01
  5.8911E+00  1.9705E+01 -1.0435E-06  2.7081E-01  1.4605E-01  2.7903E-01 -1.4564E-01
  5.9031E+00  1.9745E+01 -1.0452E-06  2.6897E-01  1.5274E-01  2.6522E-01 -1.5239E-01
  5.9151E+00  1.9785E+01 -1.0453E-06  2.6731E-01  1.2808E-01  2.6881E-01 -1.2765E-01
  5.9271E+00  1.9825E+01 -1.0487E-06  2.6567E-01  1.5012E-01  2.7594E-01 -1.4973E-01
  5.9391E+00  1.9865E+01 -1.0496E-06  2.6385E-01  1.4588E-01  2.6313E-01 -1.4551E-01
  5.9511E+00  1.9905E+01 -1.0503E-06  2.6225E-01  1.2849E-01  2.7468E-01 -1.2803E-01
  5.9631E+00  1.9945E+01 -1.0536E-06  2.6057E-01  1.5198E-01  2.7265E-01 -1.5160E-01
  5.9751E+00  1.9985E+01 -1.0539E-06  2.5879E-01  1.3801E-01  2.6219E-01 -1.3762E-01
  5.9870E+00  2.0025E+01 -1.0556E-06  2.5724E-01  1.3222E-01  2.7823E-01 -1.3176E-01
  5.9990E+00  2.0065E+01 -1.0582E-06  2.5552E-01  1.5126E-01  2.6965E-01 -1.5088E-01
  6.0110E+00  2.0105E+01 -1.0582E-06  2.5380E-01  1.3050E-01  2.6324E-01 -1.3007E-01
  6.0230E+00  2.0145E+01 -1.0608E-06  2.5227E-01  1.3720E-01  2.7850E-01 -1.3675E-01
  6.0350E+00  2.0185E+01 -1.0627E-06  2.5052E-01  1.4807E-01  2.6717E-01 -1.4768E-01
  6.0473E+00  2.0226E+01 -1.0627E-06  2.4884E-01  1.2492E-01  2.6704E-01 -1.2445E-01
  6.0593E+00  2.0266E+01 -1.0659E-06  2.4728E-01  1.4221E-01  2.7619E-01 -1.4177E-01
  6.0713E+00  2.0306E+01 -1.0670E-06  2.4553E-01  1.4238E-01  2.6480E-01 -1.4197E-01
  6.0833E+00  2.0346E+01 -1.0675E-06  2.4398E-01  1.2368E-01  2.7205E-01 -1.2318E-01
  6.0953E+00  2.0386E+01 -1.0706E-06  2.4238E-01  1.4464E-01  2.7342E-01 -1.4420E-01
  6.1073E+00  2.0426E+01 -1.0711E-06  2.4066E-01  1.3560E-01  2.6350E-01 -1.3517E-01
  6.1192E+00  2.0466E+01 -1.0724E-06  2.3915E-01  1.2589E-01  2.7605E-01 -1.2538E-01
  6.1312E+00  2.0506E+01 -1.0751E-06  2.3751E-01  1.4483E-01  2.7077E-01 -1.4439E-01
  6.1432E+00  2.0546E+01 -1.0753E-06  2.3585E-01  1.2854E-01  2.6358E-01 -1.2807E-01
  6.1552E+00  2.0586E+01 -1.0775E-06  2.3436E-01  1.3007E-01  2.7736E-01 -1.2955E-01
  6.1672E+00  2.0626E+01 -1.0797E-06  2.3270E-01  1.4291E-01  2.6865E-01 -1.4247E-01
  6.1792E+00  2.0666E+01 -1.0800E-06  2.3109E-01  1.2286E-01  2.6610E-01 -1.2235E-01
  6.1912E+00  2.0706E+01 -1.0830E-06  2.2960E-01  1.3438E-01  2.7679E-01 -1.3387E-01
  6.2032E+00  2.0746E+01 -1.0847E-06  2.2793E-01  1.3918E-01  2.6682E-01 -1.3872E-01
  6.2152E+00  2.0786E+01 -1.0854E-06  2.2639E-01  1.2032E-01  2.6961E-01 -1.1977E-01
  6.2272E+00  2.0826E+01 -1.0886E-06  2.2487E-01  1.3792E-01  2.7417E-01 -1.3742E-01
  6.2392E+00  2.0866E+01 -1.0896E-06  2.2320E-01  1.3435E-01  2.6501E-01 -1.3387E-01
  6.2511E+00  2.0906E+01 -1.0907E-06  2.2171E-01  1.2152E-01  2.7361E-01 -1.2096E-01
  6.2631E+00  2.0946E+01 -1.0936E-06  2.2014E-01  1.3996E-01  2.7187E-01 -1.3947E-01
  6.2751E+00  2.0986E+01 -1.0940E-06  2.1850E-01  1.2894E-01  2.6438E-01 -1.2843E-01
  6.2871E+00  2.1026E+01 -1.0957E-06  2.1704E-01  1.2529E-01  2.7588E-01 -1.2471E-01
  6.2991E+00  2.1066E+01 -1.0979E-06  2.1543E-01  1.4001E-01  2.6977E-01 -1.3951E-01
  6.3111E+00  2.1106E+01 -1.0981E-06  2.1383E-01  1.2389E-01  2.6520E-01 -1.2334E-01
  6.3231E+00  2.1146E+01 -1.1003E-06  2.1236E-01  1.2988E-01  2.7583E-01 -1.2931E-01
  6.3351E+00  2.1186E+01 -1.1017E-06  2.1073E-01  1.3811E-01  2.6793E-01 -1.3760E-01
  6.3471E+00  2.1226E+01 -1.1018E-06  2.0918E-01  1.2060E-01  2.6775E-01 -1.2001E-01
  6.3591E+00  2.1266E+01 -1.1043E-06  2.0769E-01  1.3390E-01  2.7438E-01 -1.3334E-01
  6.3711E+00  2.1306E+01 -1.1050E-06  2.0605E-01  1.3461E-01  2.6641E-01 -1.3408E-01
  6.3830E+00  2.1346E+01 -1.1053E-06  2.0455E-01  1.2006E-01  2.7133E-01 -1.1944E-01
  6.3950E+00  2.1386E+01 -1.1075E-06  2.0303E-01  1.3631E-01  2.7267E-01 -1.3576E-01
  6.4070E+00  2.1426E+01 -1.1075E-06  2.0141E-01  1.2975E-01  2.6574E-01 -1.2919E-01
  6.4190E+00  2.1466E+01 -1.1082E-06  1.9995E-01  1.2186E-01  2.7430E-01 -1.2122E-01
  6.4310E+00  2.1506E+01 -1.1099E-06  1.9839E-01  1.3658E-01  2.7074E-01 -1.3602E-01
  6.4430E+00  2.1546E+01 -1.1098E-06  1.9681E-01  1.2423E-01  2.6539E-01 -1.2363E-01
  6.4553E+00  2.1587E+01 -1.1113E-06  1.9533E-01  1.2540E-01  2.7486E-01 -1.2475E-01
  6.4673E+00  2.1627E+01 -1.1127E-06  1.9375E-01  1.3489E-01  2.6877E-01 -1.3431E-01
  6.4793E+00  2.1667E+01 -1.1126E-06  1.9222E-01  1.1931E-01  2.6697E-01 -1.1866E-01
  6.4913E+00  2.1707E+01 -1.1147E-06  1.9078E-01  1.2846E-01  2.7401E-01 -1.2781E-01
  6.5033E+00  2.1747E+01 -1.1155E-06  1.8920E-01  1.3160E-01  2.6737E-01 -1.3099E-01
  6.5153E+00  2.1787E+01 -1.1158E-06  1.8772E-01  1.1708E-01  2.6970E-01 -1.1638E-01
  6.5272E+00  2.1827E+01 -1.1180E-06  1.8626E-01  1.3050E-01  2.7255E-01 -1.2985E-01
  6.5392E+00  2.1867E+01 -1.1184E-06  1.8469E-01  1.2713E-01  2.6634E-01 -1.2649E-01
  6.5512E+00  2.1907E+01 -1.1191E-06  1.8326E-01  1.1742E-01  2.7239E-01 -1.1669E-01
  6.5632E+00  2.1947E+01 -1.1211E-06  1.8177E-01  1.3118E-01  2.7102E-01 -1.3052E-01
  6.5752E+00  2.1987E+01 -1.1212E-06  1.8024E-01  1.2217E-01  2.6596E-01 -1.2149E-01
  6.5872E+00  2.2027E+01 -1.1225E-06  1.7884E-01  1.1959E-01  2.7376E-01 -1.1884E-01
  6.5992E+00  2.2067E+01 -1.1241E-06  1.7733E-01  1.3031E-01  2.6962E-01 -1.2964E-01
  6.6112E+00  2.2107E+01 -1.1241E-06  1.7583E-01  1.1759E-01  2.6657E-01 -1.1685E-01
  6.6232E+00  2.2147E+01 -1.1259E-06  1.7444E-01  1.2232E-01  2.7356E-01 -1.2157E-01
  6.6352E+00  2.2187E+01 -1.1269E-06  1.7292E-01  1.2800E-01  2.6833E-01 -1.2730E-01
  6.6472E+00  2.2227E+01 -1.1271E-06  1.7148E-01  1.1448E-01  2.6841E-01 -1.1368E-01
  6.6591E+00  2.2267E+01 -1.1292E-06  1.7007E-01  1.2460E-01  2.7258E-01 -1.2384E-01
  6.6711E+00  2.2307E+01 -1.1298E-06  1.6856E-01  1.2457E-01  2.6731E-01 -1.2383E-01
  6.6831E+00  2.2347E+01 -1.1303E-06  1.6716E-01  1.1357E-01  2.7076E-01 -1.1273E-01
  6.6951E+00  2.2387E+01 -1.1323E-06  1.6574E-01  1.2575E-01  2.7135E-01 -1.2498E-01
  6.7071E+00  2.2427E+01 -1.1325E-06  1.6425E-01  1.2035E-01  2.6669E-01 -1.1956E-01
  6.7191E+00  2.2467E+01 -1.1336E-06  1.6288E-01  1.1467E-01  2.7247E-01 -1.1380E-01
  6.7311E+00  2.2507E+01 -1.1352E-06  1.6144E-01  1.2559E-01  2.7017E-01 -1.2479E-01
  6.7431E+00  2.2547E+01 -1.1353E-06  1.5998E-01  1.1600E-01  2.6677E-01 -1.1515E-01
  6.7551E+00  2.2587E+01 -1.1369E-06  1.5863E-01  1.1688E-01  2.7295E-01 -1.1598E-01
  6.7671E+00  2.2627E+01 -1.1381E-06  1.5717E-01  1.2419E-01  2.6912E-01 -1.2336E-01
  6.7791E+00  2.2667E+01 -1.1382E-06  1.5576E-01  1.1248E-01  2.6779E-01 -1.1156E-01
  6.7911E+00  2.2707E+01 -1.1401E-06  1.5441E-01  1.1906E-01  2.7244E-01 -1.1815E-01
  6.8030E+00  2.2747E+01 -1.1409E-06  1.5295E-01  1.2163E-01  2.6820E-01 -1.2075E-01
  6.8150E+00  2.2787E+01 -1.1412E-06  1.5158E-01  1.1060E-01  2.6956E-01 -1.0962E-01
  6.8270E+00  2.2827E+01 -1.1432E-06  1.5021E-01  1.2050E-01  2.7153E-01 -1.1957E-01
  6.8390E+00  2.2867E+01 -1.1436E-06  1.4877E-01  1.1818E-01  2.6752E-01 -1.1725E-01
  6.8510E+00  2.2907E+01 -1.1444E-06  1.4743E-01  1.1065E-01  2.7129E-01 -1.0962E-01
  6.8633E+00  2.2948E+01 -1.1461E-06  1.4601E-01  1.2101E-01  2.7047E-01 -1.2005E-01
  6.8753E+00  2.2988E+01 -1.1463E-06  1.4460E-01  1.1401E-01  2.6725E-01 -1.1301E-01
  6.8873E+00  2.3028E+01 -1.1476E-06  1.4328E-01  1.1240E-01  2.7223E-01 -1.1133E-01
  6.8993E+00  2.3068E+01 -1.1489E-06  1.4189E-01  1.2014E-01  2.6959E-01 -1.1915E-01
  6.9113E+00  2.3108E+01 -1.1491E-06  1.4050E-01  1.1052E-01  2.6776E-01 -1.0944E-01
  6.9233E+00  2.3148E+01 -1.1508E-06  1.3920E-01  1.1430E-01  2.7208E-01 -1.1320E-01
  6.9352E+00  2.3188E+01 -1.1517E-06  1.3779E-01  1.1822E-01  2.6882E-01 -1.1717E-01
  6.9472E+00  2.3228E+01 -1.1520E-06  1.3645E-01  1.0818E-01  2.6900E-01 -1.0702E-01
  6.9592E+00  2.3268E+01 -1.1538E-06  1.3514E-01  1.1580E-01  2.7145E-01 -1.1468E-01
  6.9712E+00  2.3308E+01 -1.1543E-06  1.3374E-01  1.1548E-01  2.6819E-01 -1.1436E-01
  6.9832E+00  2.3348E+01 -1.1550E-06  1.3243E-01  1.0750E-01  2.7045E-01 -1.0626E-01
  6.9952E+00  2.3388E+01 -1.1567E-06  1.3111E-01  1.1645E-01  2.7070E-01 -1.1528E-01
  7.0072E+00  2.3428E+01 -1.1570E-06  1.2973E-01  1.1192E-01  2.6789E-01 -1.1071E-01
  7.0192E+00  2.3468E+01 -1.1580E-06  1.2849E-01  9.9404E-02  2.6910E-01 -9.8013E-02
  7.0312E+00  2.3508E+01 -1.1605E-06  1.2733E-01  9.7638E-02  2.7002E-01 -9.6186E-02
  7.0432E+00  2.3548E+01 -1.1631E-06  1.2618E-01  9.7872E-02  2.6989E-01 -9.6398E-02
  7.0552E+00  2.3588E+01 -1.1656E-06  1.2502E-01  9.7934E-02  2.6984E-01 -9.6433E-02
  7.0672E+00  2.3628E+01 -1.1681E-06  1.2386E-01  9.7934E-02  2.6985E-01 -9.6405E-02
  7.0791E+00  2.3668E+01 -1.1706E-06  1.2271E-01  9.7934E-02  2.6985E-01 -9.6376E-02
  7.0911E+00  2.3708E+01 -1.1732E-06  1.2155E-01  9.7934E-02  2.6985E-01 -9.6346E-02
  7.1031E+00  2.3748E+01 -1.1757E-06  1.2040E-01  9.7934E-02  2.6985E-01 -9.6315E-02
  7.1151E+00  2.3788E+01 -1.1782E-06  1.1924E-01  9.7934E-02  2.6985E-01 -9.6283E-02
  7.1271E+00  2.3828E+01 -1.1807E-06  1.1809E-01  9.7934E-02  2.6985E-01 -9.6250E-02
  7.1391E+00  2.3868E+01 -1.1832E-06  1.1693E-01  9.7934E-02  2.6985E-01 -9.6217E-02
  7.1511E+00  2.3908E+01 -1.1858E-06  1.1578E-01  9.7934E-02  2.6986E-01 -9.6182E-02
  7.1631E+00  2.3948E+01 -1.1883E-06  1.1463E-01  9.7934E-02  2.6986E-01 -9.6146E-02
  7.1751E+00  2.3988E+01 -1.1908E-06  1.1347E-01  9.7934E-02  2.6986E-01 -9.6109E-02
  7.1871E+00  2.4028E+01 -1.1933E-06  1.1232E-01  9.7934E-02  2.6986E-01 -9.6071E-02
  7.1991E+00  2.4068E+01 -1.1958E-06  1.1117E-01  9.7934E-02  2.6986E-01 -9.6032E-02
  7.2110E+00  2.4108E+01 -1.1984E-06  1.1002E-01  9.7934E-02  2.6986E-01 -9.5992E-02
  7.2230E+00  2.4148E+01 -1.2009E-06  1.0887E-01  9.7934E-02  2.6987E-01 -9.5950E-02
  7.2350E+00  2.4188E+01 -1.2034E-06  1.0772E-01  9.7934E-02  2.6987E-01 -9.5907E-02
  7.2470E+00  2.4228E+01 -1.2059E-06  1.0657E-01  9.7934E-02  2.6987E-01 -9.5862E-02
  7.2590E+00  2.4268E+01 -1.2084E-06  1.0542E-01  9.7934E-02  2.6987E-01 -9.5816E-02
  7.2710E+00  2.4308E+01 -1.2110E-06  1.0427E-01  9.7934E-02  2.6987E-01 -9.5769E-02
  7.2833E+00  2.4349E+01 -1.2135E-06  1.0309E-01  9.7934E-02  2.6987E-01 -9.5719E-02
  7.2953E+00  2.4389E+01 -1.2161E-06  1.0195E-01  9.7934E-02  2.6987E-01 -9.5668E-02
  7.3073E+00  2.4429E+01 -1.2186E-06  1.0080E-01  9.7934E-02  2.6988E-01 -9.5615E-02
  7.3193E+00  2.4469E+01 -1.2211E-06  9.9654E-02  9.7934E-02  2.6988E-01 -9.5561E-02
  7.3313E+00  2.4509E+01 -1.2236E-06  9.8508E-02  9.7934E-02  2.6988E-01 -9.5505E-02
  7.3433E+00  2.4549E+01 -1.2261E-06  9.7363E-02  9.7934E-02  2.6988E-01 -9.5447E-02
  7.3552E+00  2.4589E+01 -1.2287E-06  9.6219E-02  9.7934E-02  2.6988E-01 -9.5386E-02
  7.3672E+00  2.4629E+01 -1.2312E-06  9.5076E-02  9.7934E-02  2.6988E-01 -9.5324E-02
  7.3792E+00  2.4669E+01 -1.2337E-06  9.3933E-02  9.7934E-02  2.6989E-01 -9.5259E-02
  7.3912E+00  2.4709E+01 -1.2362E-06  9.2791E-02  9.7934E-02  2.6989E-01 -9.5192E-02
  7.4032E+00  2.4749E+01 -1.2388E-06  9.1650E-02  9.7934E-02  2.6989E-01 -9.5122E-02
  7.4152E+00  2.4789E+01 -1.2413E-06  9.0510E-02  9.7934E-02  2.6989E-01 -9.5050E-02
  7.4272E+00  2.4829E+01 -1.2438E-06  8.9370E-02  9.7934E-02  2.6989E-01 -9.4974E-02
  7.4392E+00  2.4869E+01 -1.2463E-06  8.8232E-02  9.7934E-02  2.6989E-01 -9.4896E-02
  7.4512E+00  2.4909E+01 -1.2488E-06  8.7095E-02  9.7934E-02  2.6989E-01 -9.4815E-02
  7.4632E+00  2.4949E+01 -1.2514E-06  8.5958E-02  9.7934E-02  2.6990E-01 -9.4731E-02
  7.4752E+00  2.4989E+01 -1.2539E-06  8.4823E-02  9.7934E-02  2.6990E-01 -9.4643E-02
  7.4871E+00  2.5029E+01 -1.2564E-06  8.3688E-02  9.7934E-02  2.6990E-01 -9.4551E-02
  7.4991E+00  2.5069E+01 -1.2589E-06  8.2555E-02  9.7934E-02  2.6990E-01 -9.4456E-02
  7.5111E+00  2.5109E+01 -1.2614E-06  8.1423E-02  9.7934E-02  2.6990E-01 -9.4357E-02
  7.5231E+00  2.5149E+01 -1.2640E-06  8.0292E-02  9.7934E-02  2.6990E-01 -9.4253E-02
  7.5351E+00  2.5189E+01 -1.2665E-06  7.9163E-02  9.7934E-02  2.6991E-01 -9.4145E-02
  7.5471E+00  2.5229E+01 -1.2690E-06  7.8035E-02  9.7934E-02  2.6991E-01 -9.4033E-02
  7.5591E+00  2.5269E+01 -1.2715E-06  7.6908E-02  9.7934E-02  2.6991E-01 -9.3915E-02
  7.5711E+00  2.5309E+01 -1.2740E-06  7.5782E-02  9.7934E-02  2.6991E-01 -9.3792E-02
  7.5831E+00  2.5349E+01 -1.2766E-06  7.4658E-02  9.7934E-02  2.6991E-01 -9.3664E-02
  7.5951E+00  2.5389E+01 -1.2791E-06  7.3536E-02  9.7934E-02  2.6991E-01 -9.3529E-02
  7.6071E+00  2.5429E+01 -1.2816E-06  7.2415E-02  9.7934E-02  2.6992E-01 -9.3388E-02
  7.6191E+00  2.5469E+01 -1.2841E-06  7.1296E-02  9.7934E-02  2.6992E-01 -9.3241E-02
  7.6310E+00  2.5509E+01 -1.2866E-06  7.0179E-02  9.7934E-02  2.6992E-01 -9.3086E-02
  7.6430E+00  2.5549E+01 -1.2892E-06  6.9064E-02  9.7934E-02  2.6992E-01 -9.2924E-02
  7.6550E+00  2.5589E+01 -1.2917E-06  6.7951E-02  9.7934E-02  2.6992E-01 -9.2754E-02
  7.6670E+00  2.5629E+01 -1.2942E-06  6.6840E-02  9.7934E-02  2.6992E-01 -9.2575E-02
  7.6790E+00  2.5669E+01 -1.2967E-06  6.5731E-02  9.7934E-02  2.6992E-01 -9.2387E-02
  7.6913E+00  2.5710E+01 -1.2993E-06  6.4596E-02  9.7934E-02  2.6993E-01 -9.2185E-02
  7.7033E+00  2.5750E+01 -1.3018E-06  6.3492E-02  9.7934E-02  2.6993E-01 -9.1976E-02
  7.7153E+00  2.5790E+01 -1.3044E-06  6.2391E-02  9.7934E-02  2.6993E-01 -9.1757E-02
  7.7273E+00  2.5830E+01 -1.3069E-06  6.1292E-02  9.7934E-02  2.6993E-01 -9.1526E-02
  7.7393E+00  2.5870E+01 -1.3094E-06  6.0196E-02  9.7934E-02  2.6993E-01 -9.1282E-02
  7.7513E+00  2.5910E+01 -1.3119E-06  5.9103E-02  9.7934E-02  2.6993E-01 -9.1024E-02
  7.7632E+00  2.5950E+01 -1.3144E-06  5.8013E-02  9.7934E-02  2.6994E-01 -9.0751E-02
  7.7752E+00  2.5990E+01 -1.3170E-06  5.6926E-02  9.7934E-02  2.6994E-01 -9.0463E-02
  7.7872E+00  2.6030E+01 -1.3195E-06  5.5844E-02  9.7934E-02  2.6994E-01 -9.0158E-02
  7.7992E+00  2.6070E+01 -1.3220E-06  5.4764E-02  9.7934E-02  2.6994E-01 -8.9834E-02
  7.8112E+00  2.6110E+01 -1.3245E-06  5.3689E-02  9.7934E-02  2.6994E-01 -8.9491E-02
  7.8232E+00  2.6150E+01 -1.3270E-06  5.2618E-02  9.7934E-02  2.6994E-01 -8.9127E-02
  7.8352E+00  2.6190E+01 -1.3296E-06  5.1552E-02  9.7934E-02  2.6994E-01 -8.8739E-02
  7.8472E+00  2.6230E+01 -1.3321E-06  5.0490E-02  9.7934E-02  2.6995E-01 -8.8327E-02
  7.8592E+00  2.6270E+01 -1.3346E-06  4.9434E-02  9.7934E-02  2.6995E-01 -8.7889E-02
  7.8712E+00  2.6310E+01 -1.3371E-06  4.8383E-02  9.7934E-02  2.6995E-01 -8.7421E-02
  7.8832E+00  2.6350E+01 -1.3396E-06  4.7337E-02  9.7934E-02  2.6995E-01 -8.6922E-02
  7.8952E+00  2.6390E+01 -1.3422E-06  4.6298E-02  9.7934E-02  2.6995E-01 -8.6388E-02
  7.9071E+00  2.6430E+01 -1.3447E-06  4.5266E-02  9.7934E-02  2.6995E-01 -8.5818E-02
  7.9191E+00  2.6470E+01 -1.3472E-06  4.4240E-02  9.7934E-02  2.6996E-01 -8.5207E-02
  7.9311E+00  2.6510E+01 -1.3497E-06  4.3223E-02  9.7934E-02  2.6996E-01 -8.4553E-02
  7.9431E+00  2.6550E+01 -1.3522E-06  4.2213E-02  9.7934E-02  2.6996E-01 -8.3851E-02
  7.9551E+00  2.6590E+01 -1.3548E-06  4.1212E-02  9.7915E-02  2.6996E-01 -8.3075E-02
  7.9671E+00  2.6630E+01 -1.3573E-06  4.0221E-02  9.7848E-02  2.6995E-01 -8.2185E-02
  7.9791E+00  2.6670E+01 -1.3598E-06  3.9239E-02  9.8372E-02  2.7000E-01 -8.1935E-02
  7.9911E+00  2.6710E+01 -1.3616E-06  3.8240E-02  1.0182E-01  2.7006E-01 -8.5181E-02
  8.0031E+00  2.6750E+01 -1.3616E-06  3.7211E-02  1.0265E-01  2.6996E-01 -8.5304E-02
  8.0151E+00  2.6790E+01 -1.3619E-06  3.6214E-02  9.9912E-02  2.6996E-01 -8.0997E-02
  8.0271E+00  2.6830E+01 -1.3629E-06  3.5241E-02  1.0155E-01  2.7002E-01 -8.1947E-02
  8.0390E+00  2.6870E+01 -1.3628E-06  3.4262E-02  1.0119E-01  2.6996E-01 -8.0409E-02
  8.0510E+00  2.6910E+01 -1.3634E-06  3.3325E-02  9.9172E-02  2.6999E-01 -7.6575E-02
  8.0630E+00  2.6950E+01 -1.3642E-06  3.2401E-02  1.0092E-01  2.7000E-01 -7.7509E-02
  8.0750E+00  2.6990E+01 -1.3640E-06  3.1484E-02  9.9748E-02  2.6998E-01 -7.4560E-02
  8.0870E+00  2.7030E+01 -1.3649E-06  3.0614E-02  9.8733E-02  2.6999E-01 -7.1586E-02
  8.0990E+00  2.7070E+01 -1.3654E-06  2.9753E-02  1.0003E-01  2.7000E-01 -7.1704E-02
  8.1113E+00  2.7111E+01 -1.3653E-06  2.8893E-02  9.8379E-02  2.7000E-01 -6.7505E-02
  8.1233E+00  2.7151E+01 -1.3664E-06  2.8102E-02  9.8397E-02  2.6998E-01 -6.5513E-02
  8.1353E+00  2.7191E+01 -1.3665E-06  2.7320E-02  9.8931E-02  2.7000E-01 -6.4217E-02
  8.1473E+00  2.7231E+01 -1.3667E-06  2.6578E-02  9.7326E-02  2.7001E-01 -5.9359E-02
  8.1593E+00  2.7271E+01 -1.3677E-06  2.5880E-02  9.7892E-02  2.6997E-01 -5.7785E-02
  8.1713E+00  2.7311E+01 -1.3675E-06  2.5200E-02  9.7778E-02  2.7002E-01 -5.4967E-02
  8.1832E+00  2.7351E+01 -1.3680E-06  2.4573E-02  9.6544E-02  2.6999E-01 -4.9802E-02
  8.1952E+00  2.7391E+01 -1.3687E-06  2.3988E-02  9.7192E-02  2.6997E-01 -4.8022E-02
  8.2072E+00  2.7431E+01 -1.3684E-06  2.3434E-02  9.6657E-02  2.7005E-01 -4.3722E-02
  8.2192E+00  2.7471E+01 -1.3691E-06  2.2944E-02  9.5937E-02  2.6996E-01 -3.8613E-02
  8.2312E+00  2.7511E+01 -1.3693E-06  2.2494E-02  9.6334E-02  2.6999E-01 -3.6089E-02
  8.2432E+00  2.7551E+01 -1.3690E-06  2.2092E-02  9.5655E-02  2.7006E-01 -3.0517E-02
  8.2552E+00  2.7591E+01 -1.3697E-06  2.1760E-02  9.5350E-02  2.6994E-01 -2.5728E-02
  8.2672E+00  2.7631E+01 -1.3696E-06  2.1470E-02  9.5389E-02  2.7001E-01 -2.2204E-02
  8.2792E+00  2.7671E+01 -1.3694E-06  2.1240E-02  9.4817E-02  2.7006E-01 -1.5773E-02
  8.2912E+00  2.7711E+01 -1.3701E-06  2.1081E-02  9.4663E-02  2.6994E-01 -1.1465E-02
  8.3032E+00  2.7751E+01 -1.3697E-06  2.0967E-02  9.4437E-02  2.7004E-01 -7.0268E-03
  8.3151E+00  2.7791E+01 -1.3698E-06  2.0923E-02  9.4119E-02  2.7002E-01 -3.7419E-04
  8.3271E+00  2.7831E+01 -1.3703E-06  2.0943E-02  9.3846E-02  2.6996E-01  3.3488E-03
  8.3391E+00  2.7871E+01 -1.3698E-06  2.1010E-02  9.3561E-02  2.7006E-01  8.3851E-03
  8.3511E+00  2.7911E+01 -1.3702E-06  2.1150E-02  9.3465E-02  2.6998E-01  1.4497E-02
  8.3631E+00  2.7951E+01 -1.3703E-06  2.1343E-02  9.2938E-02  2.6998E-01  1.7614E-02
  8.3751E+00  2.7991E+01 -1.3699E-06  2.1583E-02  9.2820E-02  2.7007E-01  2.2885E-02
  8.3871E+00  2.8031E+01 -1.3704E-06  2.1891E-02  9.2736E-02  2.6996E-01  2.7791E-02
  8.3991E+00  2.8071E+01 -1.3703E-06  2.2238E-02  9.2012E-02  2.7001E-01  3.0415E-02
  8.4111E+00  2.8111E+01 -1.3701E-06  2.2632E-02  9.2231E-02  2.7006E-01  3.5617E-02
  8.4231E+00  2.8151E+01 -1.3708E-06  2.3084E-02  9.1873E-02  2.6996E-01  3.8933E-02
  8.4351E+00  2.8191E+01 -1.3706E-06  2.3562E-02  9.1155E-02  2.7002E-01  4.1275E-02
  8.4471E+00  2.8231E+01 -1.3708E-06  2.4086E-02  9.1734E-02  2.7004E-01  4.6131E-02
  8.4590E+00  2.8271E+01 -1.3714E-06  2.4653E-02  9.0892E-02  2.6998E-01  4.7836E-02
  8.4710E+00  2.8311E+01 -1.3712E-06  2.5237E-02  9.0431E-02  2.7003E-01  5.0151E-02
  8.4830E+00  2.8351E+01 -1.3717E-06  2.5865E-02  9.1190E-02  2.7001E-01  5.4324E-02
  8.4950E+00  2.8391E+01 -1.3722E-06  2.6521E-02  8.9866E-02  2.7000E-01  5.4757E-02
  8.5070E+00  2.8431E+01 -1.3720E-06  2.7189E-02  8.9895E-02  2.7003E-01  5.7290E-02
  8.5190E+00  2.8471E+01 -1.3727E-06  2.7899E-02  9.0463E-02  2.7001E-01  6.0374E-02
  8.5313E+00  2.8512E+01 -1.3729E-06  2.8638E-02  8.8865E-02  2.7001E-01  6.0120E-02
  8.5433E+00  2.8552E+01 -1.3728E-06  2.9374E-02  8.9591E-02  2.7001E-01  6.3099E-02
  8.5553E+00  2.8592E+01 -1.3736E-06  3.0146E-02  8.9444E-02  2.7002E-01  6.4606E-02
  8.5673E+00  2.8632E+01 -1.3735E-06  3.0915E-02  8.8020E-02  2.7001E-01  6.4284E-02
  8.5793E+00  2.8672E+01 -1.3737E-06  3.1704E-02  8.9341E-02  2.7000E-01  6.7560E-02
  8.5913E+00  2.8712E+01 -1.3744E-06  3.2519E-02  8.8297E-02  2.7004E-01  6.7526E-02
  8.6032E+00  2.8752E+01 -1.3742E-06  3.3325E-02  8.7379E-02  2.6999E-01  6.7637E-02
  8.6152E+00  2.8792E+01 -1.3746E-06  3.4156E-02  8.9002E-02  2.7000E-01  7.0867E-02
  8.6272E+00  2.8832E+01 -1.3751E-06  3.5002E-02  8.7114E-02  2.7005E-01  6.9564E-02
  8.6392E+00  2.8872E+01 -1.3749E-06  3.5836E-02  8.6990E-02  2.6996E-01  7.0452E-02
  8.6512E+00  2.8912E+01 -1.3756E-06  3.6701E-02  8.8377E-02  2.7005E-01  7.3053E-02
  8.6632E+00  2.8952E+01 -1.3758E-06  3.7564E-02  8.6006E-02  2.7004E-01  7.1048E-02
  8.6752E+00  2.8992E+01 -1.3757E-06  3.8422E-02  8.6838E-02  2.6992E-01  7.2881E-02
  8.6872E+00  2.9032E+01 -1.3764E-06  3.9312E-02  8.7389E-02  2.7011E-01  7.4246E-02
  8.6992E+00  2.9072E+01 -1.3764E-06  4.0187E-02  8.5084E-02  2.7001E-01  7.2247E-02
  8.7112E+00  2.9112E+01 -1.3765E-06  4.1066E-02  8.6839E-02  2.6989E-01  7.4966E-02
  8.7232E+00  2.9152E+01 -1.3772E-06  4.1971E-02  8.6126E-02  2.7015E-01  7.4712E-02
  8.7351E+00  2.9192E+01 -1.3770E-06  4.2854E-02  8.4426E-02  2.6996E-01  7.3350E-02
  8.7471E+00  2.9232E+01 -1.3774E-06  4.3752E-02  8.6791E-02  2.6993E-01  7.6585E-02
  8.7591E+00  2.9272E+01 -1.3779E-06  4.4665E-02  8.4758E-02  2.7016E-01  7.4750E-02
  8.7711E+00  2.9312E+01 -1.3777E-06  4.5553E-02  8.4065E-02  2.6989E-01  7.4467E-02
  8.7831E+00  2.9352E+01 -1.3783E-06  4.6468E-02  8.6423E-02  2.7003E-01  7.7534E-02
  8.7951E+00  2.9392E+01 -1.3786E-06  4.7382E-02  8.3472E-02  2.7012E-01  7.4641E-02
  8.8071E+00  2.9432E+01 -1.3784E-06  4.8277E-02  8.4024E-02  2.6981E-01  7.5675E-02
  8.8191E+00  2.9472E+01 -1.3791E-06  4.9204E-02  8.5576E-02  2.7018E-01  7.7724E-02
  8.8311E+00  2.9512E+01 -1.3792E-06  5.0115E-02  8.2404E-02  2.7006E-01  7.4579E-02
  8.8431E+00  2.9552E+01 -1.3792E-06  5.1017E-02  8.4230E-02  2.6975E-01  7.6936E-02
  8.8551E+00  2.9592E+01 -1.3799E-06  5.1952E-02  8.4286E-02  2.7029E-01  7.7265E-02
  8.8671E+00  2.9632E+01 -1.3798E-06  5.2858E-02  8.1629E-02  2.6996E-01  7.4677E-02
  8.8790E+00  2.9672E+01 -1.3800E-06  5.3770E-02  8.4468E-02  2.6977E-01  7.8051E-02
  8.8910E+00  2.9712E+01 -1.3806E-06  5.4705E-02  8.2775E-02  2.7032E-01  7.6444E-02
  8.9030E+00  2.9752E+01 -1.3804E-06  5.5606E-02  8.1225E-02  2.6984E-01  7.5043E-02
  8.9150E+00  2.9792E+01 -1.3809E-06  5.6529E-02  8.4444E-02  2.6992E-01  7.8739E-02
  8.9270E+00  2.9832E+01 -1.3813E-06  5.7459E-02  8.1290E-02  2.7027E-01  7.5554E-02
  8.9390E+00  2.9872E+01 -1.3811E-06  5.8358E-02  8.1214E-02  2.6971E-01  7.5714E-02
  8.9513E+00  2.9913E+01 -1.3818E-06  5.9314E-02  8.3826E-02  2.7020E-01  7.8687E-02
  8.9633E+00  2.9953E+01 -1.3819E-06  6.0233E-02  7.9949E-02  2.7015E-01  7.4740E-02
  8.9753E+00  2.9993E+01 -1.3818E-06  6.1134E-02  8.1639E-02  2.6958E-01  7.6751E-02
  8.9873E+00  3.0033E+01 -1.3825E-06  6.2072E-02  8.2597E-02  2.7042E-01  7.7906E-02
  8.9993E+00  3.0073E+01 -1.3824E-06  6.2980E-02  7.9049E-02  2.7000E-01  7.4320E-02
  9.0113E+00  3.0113E+01 -1.3826E-06  6.3886E-02  8.2118E-02  2.6956E-01  7.7748E-02
  9.0232E+00  3.0153E+01 -1.3832E-06  6.4824E-02  8.1000E-02  2.7052E-01  7.6681E-02
  9.0352E+00  3.0193E+01 -1.3830E-06  6.5721E-02  7.8575E-02  2.6983E-01  7.4288E-02
  9.0472E+00  3.0233E+01 -1.3834E-06  6.6636E-02  8.2414E-02  2.6973E-01  7.8474E-02
  9.0592E+00  3.0273E+01 -1.3839E-06  6.7566E-02  7.9324E-02  2.7047E-01  7.5330E-02
  9.0712E+00  3.0313E+01 -1.3836E-06  6.8456E-02  7.8532E-02  2.6963E-01  7.4652E-02
  9.0832E+00  3.0353E+01 -1.3843E-06  6.9379E-02  8.2155E-02  2.7009E-01  7.8558E-02
  9.0952E+00  3.0393E+01 -1.3844E-06  7.0297E-02  7.7843E-02  2.7033E-01  7.4148E-02
  9.1072E+00  3.0433E+01 -1.3843E-06  7.1185E-02  7.8911E-02  2.6943E-01  7.5406E-02
  9.1192E+00  3.0473E+01 -1.3850E-06  7.2114E-02  8.1177E-02  2.7048E-01  7.7849E-02
  9.1312E+00  3.0513E+01 -1.3850E-06  7.3017E-02  7.6727E-02  2.7012E-01  7.3312E-02
  9.1432E+00  3.0553E+01 -1.3850E-06  7.3907E-02  7.9573E-02  2.6932E-01  7.6404E-02
  9.1551E+00  3.0593E+01 -1.3857E-06  7.4837E-02  7.9605E-02  2.7072E-01  7.6495E-02
  9.1671E+00  3.0633E+01 -1.3854E-06  7.5726E-02  7.6044E-02  2.6988E-01  7.2898E-02
  9.1791E+00  3.0673E+01 -1.3857E-06  7.6622E-02  8.0194E-02  2.6942E-01  7.7313E-02
  9.1911E+00  3.0713E+01 -1.3860E-06  7.7546E-02  7.7788E-02  2.7074E-01  7.4867E-02
  9.2031E+00  3.0753E+01 -1.3856E-06  7.8423E-02  7.5864E-02  2.6961E-01  7.2976E-02
  9.2151E+00  3.0793E+01 -1.3859E-06  7.9328E-02  8.0363E-02  2.6982E-01  7.7713E-02
  9.2271E+00  3.0833E+01 -1.3859E-06  8.0240E-02  7.6050E-02  2.7058E-01  7.3304E-02
  9.2391E+00  3.0873E+01 -1.3854E-06  8.1110E-02  7.6171E-02  2.6932E-01  7.3530E-02
  9.2511E+00  3.0913E+01 -1.3858E-06  8.2022E-02  7.9739E-02  2.7039E-01  7.7267E-02
  9.2631E+00  3.0953E+01 -1.3854E-06  8.2917E-02  7.4612E-02  2.7033E-01  7.2035E-02
  9.2751E+00  3.0993E+01 -1.3851E-06  8.3785E-02  7.6851E-02  2.6910E-01  7.4440E-02
  9.2871E+00  3.1033E+01 -1.3855E-06  8.4701E-02  7.8322E-02  2.7086E-01  7.5987E-02
  9.2990E+00  3.1073E+01 -1.3849E-06  8.5578E-02  7.3652E-02  2.7002E-01  7.1243E-02
  9.3110E+00  3.1113E+01 -1.3848E-06  8.6450E-02  7.7689E-02  2.6908E-01  7.5483E-02
  9.3230E+00  3.1153E+01 -1.3850E-06  8.7362E-02  7.6430E-02  2.7103E-01  7.4208E-02
  9.3350E+00  3.1193E+01 -1.3844E-06  8.8223E-02  7.3247E-02  2.6966E-01  7.1008E-02
  9.3470E+00  3.1233E+01 -1.3845E-06  8.9104E-02  7.8268E-02  2.6942E-01  7.6232E-02
  9.3590E+00  3.1273E+01 -1.3845E-06  9.0005E-02  7.4452E-02  2.7091E-01  7.2335E-02
  9.3713E+00  3.1314E+01 -1.3839E-06  9.0877E-02  7.3499E-02  2.6925E-01  7.1434E-02
  9.3833E+00  3.1354E+01 -1.3842E-06  9.1768E-02  7.8107E-02  2.7019E-01  7.6199E-02
  9.3953E+00  3.1394E+01 -1.3840E-06  9.2651E-02  7.2646E-02  2.7058E-01  7.0632E-02
  9.4073E+00  3.1434E+01 -1.3836E-06  9.3497E-02  7.4212E-02  2.6892E-01  7.2313E-02
  9.4193E+00  3.1474E+01 -1.3842E-06  9.4394E-02  7.6975E-02  2.7090E-01  7.5160E-02
  9.4313E+00  3.1514E+01 -1.3839E-06  9.5258E-02  7.1499E-02  2.7019E-01  6.9597E-02
  9.4432E+00  3.1554E+01 -1.3839E-06  9.6106E-02  7.5249E-02  2.6876E-01  7.3505E-02
  9.4552E+00  3.1594E+01 -1.3845E-06  9.7004E-02  7.5157E-02  2.7128E-01  7.3416E-02
  9.4672E+00  3.1634E+01 -1.3842E-06  9.7849E-02  7.0915E-02  2.6975E-01  6.9129E-02
  9.4792E+00  3.1674E+01 -1.3845E-06  9.8706E-02  7.6177E-02  2.6900E-01  7.4564E-02
  9.4912E+00  3.1714E+01 -1.3849E-06  9.9595E-02  7.3100E-02  2.7126E-01  7.1424E-02
  9.5032E+00  3.1754E+01 -1.3845E-06  1.0043E-01  7.0957E-02  2.6928E-01  6.9293E-02
  9.5152E+00  3.1794E+01 -1.3851E-06  1.0129E-01  7.6508E-02  2.6972E-01  7.4995E-02
  9.5272E+00  3.1834E+01 -1.3852E-06  1.0217E-01  7.1213E-02  2.7095E-01  6.9605E-02
  9.5392E+00  3.1874E+01 -1.3850E-06  1.0299E-01  7.1599E-02  2.6881E-01  7.0058E-02
  9.5512E+00  3.1914E+01 -1.3857E-06  1.0387E-01  7.5871E-02  2.7069E-01  7.4429E-02
  9.5632E+00  3.1954E+01 -1.3856E-06  1.0472E-01  6.9739E-02  2.7050E-01  6.8202E-02
  9.5752E+00  3.1994E+01 -1.3856E-06  1.0555E-01  7.2665E-02  2.6848E-01  7.1244E-02
  9.5871E+00  3.2034E+01 -1.3862E-06  1.0643E-01  7.4305E-02  2.7142E-01  7.2913E-02
  9.5991E+00  3.2074E+01 -1.3859E-06  1.0726E-01  6.8860E-02  2.6998E-01  6.7403E-02
  9.6111E+00  3.2114E+01 -1.3862E-06  1.0809E-01  7.3867E-02  2.6849E-01  7.2552E-02
  9.6231E+00  3.2154E+01 -1.3867E-06  1.0897E-01  7.2222E-02  2.7163E-01  7.0871E-02
  9.6351E+00  3.2194E+01 -1.3863E-06  1.0979E-01  6.8647E-02  2.6940E-01  6.7276E-02
  9.6471E+00  3.2234E+01 -1.3868E-06  1.1063E-01  7.4699E-02  2.6909E-01  7.3469E-02
  9.6591E+00  3.2274E+01 -1.3870E-06  1.1150E-01  7.0087E-02  2.7140E-01  6.8777E-02
  9.6711E+00  3.2314E+01 -1.3867E-06  1.1230E-01  6.9065E-02  2.6881E-01  6.7787E-02
  9.6831E+00  3.2354E+01 -1.3874E-06  1.1315E-01  7.4635E-02  2.7019E-01  7.3464E-02
  9.6951E+00  3.2394E+01 -1.3874E-06  1.1400E-01  6.8307E-02  2.7090E-01  6.7043E-02
  9.7071E+00  3.2434E+01 -1.3872E-06  1.1480E-01  7.0066E-02  2.6829E-01  6.8881E-02
  9.7190E+00  3.2474E+01 -1.3879E-06  1.1566E-01  7.3497E-02  2.7131E-01  7.2363E-02
  9.7310E+00  3.2514E+01 -1.3877E-06  1.1649E-01  6.7101E-02  2.7030E-01  6.5890E-02
  9.7430E+00  3.2554E+01 -1.3878E-06  1.1729E-01  7.1415E-02  2.6807E-01  7.0318E-02
  9.7550E+00  3.2594E+01 -1.3884E-06  1.1816E-01  7.1527E-02  2.7193E-01  7.0420E-02
  9.7670E+00  3.2634E+01 -1.3880E-06  1.1896E-01  6.6538E-02  2.6963E-01  6.5388E-02
  9.7790E+00  3.2674E+01 -1.3884E-06  1.1978E-01  7.2634E-02  2.6841E-01  7.1610E-02
  9.7913E+00  3.2715E+01 -1.3888E-06  1.2065E-01  6.9064E-02  2.7185E-01  6.7979E-02
  9.8033E+00  3.2755E+01 -1.3884E-06  1.2144E-01  6.6808E-02  2.6886E-01  6.5730E-02
  9.8153E+00  3.2795E+01 -1.3891E-06  1.2227E-01  7.3204E-02  2.6963E-01  7.2233E-02
  9.8273E+00  3.2835E+01 -1.3891E-06  1.2311E-01  6.7046E-02  2.7135E-01  6.5989E-02
  9.8393E+00  3.2875E+01 -1.3889E-06  1.2389E-01  6.7716E-02  2.6819E-01  6.6713E-02
  9.8513E+00  3.2915E+01 -1.3896E-06  1.2473E-01  7.2497E-02  2.7106E-01  7.1556E-02
  9.8632E+00  3.2955E+01 -1.3894E-06  1.2554E-01  6.5527E-02  2.7066E-01  6.4505E-02
  9.8752E+00  3.2995E+01 -1.3894E-06  1.2632E-01  6.9078E-02  2.6775E-01  6.8148E-02
  9.8872E+00  3.3035E+01 -1.3901E-06  1.2717E-01  7.0755E-02  2.7209E-01  6.9832E-02
  9.8992E+00  3.3075E+01 -1.3897E-06  1.2796E-01  6.4699E-02  2.6989E-01  6.3722E-02
  9.9112E+00  3.3115E+01 -1.3900E-06  1.2875E-01  7.0544E-02  2.6785E-01  6.9677E-02
  9.9232E+00  3.3155E+01 -1.3904E-06  1.2960E-01  6.8475E-02  2.7234E-01  6.7567E-02
  9.9352E+00  3.3195E+01 -1.3901E-06  1.3037E-01  6.4628E-02  2.6908E-01  6.3703E-02
  9.9472E+00  3.3235E+01 -1.3906E-06  1.3117E-01  7.1531E-02  2.6877E-01  7.0712E-02
  9.9592E+00  3.3275E+01 -1.3908E-06  1.3200E-01  6.6185E-02  2.7195E-01  6.5292E-02
  9.9712E+00  3.3315E+01 -1.3905E-06  1.3277E-01  6.5262E-02  2.6826E-01  6.4396E-02
  9.9832E+00  3.3355E+01 -1.3912E-06  1.3358E-01  7.1467E-02  2.7037E-01  7.0677E-02
  9.9952E+00  3.3395E+01 -1.3911E-06  1.3439E-01  6.4327E-02  2.7122E-01  6.3456E-02
  1.0007E+01  3.3435E+01 -1.3910E-06  1.3515E-01  6.6530E-02  2.6760E-01  6.5724E-02
  1.0019E+01  3.3475E+01 -1.3917E-06  1.3598E-01  7.0201E-02  2.7194E-01  6.9425E-02
  1.0031E+01  3.3515E+01 -1.3914E-06  1.3676E-01  6.3130E-02  2.7038E-01  6.2289E-02
  1.0043E+01  3.3555E+01 -1.3916E-06  1.3753E-01  6.8147E-02  2.6734E-01  6.7398E-02
  1.0055E+01  3.3595E+01 -1.3921E-06  1.3836E-01  6.8047E-02  2.7272E-01  6.7278E-02
  1.0067E+01  3.3635E+01 -1.3918E-06  1.3912E-01  6.2659E-02  2.6945E-01  6.1856E-02
  1.0079E+01  3.3675E+01 -1.3922E-06  1.3990E-01  6.9562E-02  2.6789E-01  6.8859E-02
  1.0091E+01  3.3715E+01 -1.3925E-06  1.4072E-01  6.5623E-02  2.7261E-01  6.4862E-02
  1.0103E+01  3.3755E+01 -1.3922E-06  1.4146E-01  6.2987E-02  2.6850E-01  6.2230E-02
  1.0115E+01  3.3795E+01 -1.3928E-06  1.4226E-01  7.0165E-02  2.6941E-01  6.9492E-02
  1.0127E+01  3.3835E+01 -1.3928E-06  1.4306E-01  6.3455E-02  2.7192E-01  6.2706E-02
  1.0139E+01  3.3875E+01 -1.3926E-06  1.4380E-01  6.4061E-02  2.6760E-01  6.3354E-02
  1.0151E+01  3.3915E+01 -1.3934E-06  1.4460E-01  6.9518E-02  2.7137E-01  6.8858E-02
  1.0163E+01  3.3955E+01 -1.3931E-06  1.4538E-01  6.1834E-02  2.7097E-01  6.1105E-02
  1.0175E+01  3.3995E+01 -1.3930E-06  1.4612E-01  6.5639E-02  2.6701E-01  6.4982E-02
  1.0187E+01  3.4035E+01 -1.3935E-06  1.4693E-01  6.7711E-02  2.7283E-01  6.7055E-02
  1.0199E+01  3.4075E+01 -1.3929E-06  1.4769E-01  6.0967E-02  2.6995E-01  6.0264E-02
  1.0211E+01  3.4115E+01 -1.3930E-06  1.4844E-01  6.7327E-02  2.6711E-01  6.6713E-02
  1.0223E+01  3.4156E+01 -1.3931E-06  1.4927E-01  6.5019E-02  2.7316E-01  6.4363E-02
  1.0235E+01  3.4196E+01 -1.3924E-06  1.5000E-01  6.0992E-02  2.6874E-01  6.0325E-02
  1.0247E+01  3.4236E+01 -1.3927E-06  1.5077E-01  6.8588E-02  2.6850E-01  6.8004E-02
  1.0259E+01  3.4276E+01 -1.3924E-06  1.5156E-01  6.2559E-02  2.7258E-01  6.1909E-02
  1.0271E+01  3.4316E+01 -1.3918E-06  1.5228E-01  6.1772E-02  2.6767E-01  6.1145E-02
  1.0283E+01  3.4356E+01 -1.3922E-06  1.5307E-01  6.8444E-02  2.7065E-01  6.7875E-02
  1.0295E+01  3.4396E+01 -1.3916E-06  1.5383E-01  6.0598E-02  2.7158E-01  5.9958E-02
  1.0307E+01  3.4436E+01 -1.3912E-06  1.5455E-01  6.3220E-02  2.6681E-01  6.2637E-02
  1.0319E+01  3.4476E+01 -1.3916E-06  1.5535E-01  6.6996E-02  2.7265E-01  6.6429E-02
  1.0331E+01  3.4516E+01 -1.3909E-06  1.5609E-01  5.9373E-02  2.7042E-01  5.8751E-02
  1.0343E+01  3.4556E+01 -1.3908E-06  1.5682E-01  6.5009E-02  2.6655E-01  6.4466E-02
  1.0355E+01  3.4596E+01 -1.3909E-06  1.5761E-01  6.4629E-02  2.7360E-01  6.4060E-02
  1.0367E+01  3.4636E+01 -1.3901E-06  1.5833E-01  5.8946E-02  2.6921E-01  5.8350E-02
  1.0379E+01  3.4676E+01 -1.3903E-06  1.5907E-01  6.6528E-02  2.6737E-01  6.6015E-02
  1.0391E+01  3.4716E+01 -1.3902E-06  1.5985E-01  6.2028E-02  2.7339E-01  6.1460E-02
  1.0403E+01  3.4756E+01 -1.3897E-06  1.6056E-01  5.9397E-02  2.6803E-01  5.8834E-02
  1.0415E+01  3.4796E+01 -1.3902E-06  1.6132E-01  6.7136E-02  2.6943E-01  6.6640E-02
  1.0427E+01  3.4836E+01 -1.3900E-06  1.6208E-01  5.9770E-02  2.7244E-01  5.9206E-02
  1.0439E+01  3.4876E+01 -1.3898E-06  1.6278E-01  6.0671E-02  2.6686E-01  6.0146E-02
  1.0451E+01  3.4916E+01 -1.3906E-06  1.6355E-01  6.6400E-02  2.7189E-01  6.5908E-02
  1.0463E+01  3.4956E+01 -1.3902E-06  1.6429E-01  5.8142E-02  2.7116E-01  5.7589E-02
  1.0475E+01  3.4996E+01 -1.3903E-06  1.6499E-01  6.2470E-02  2.6614E-01  6.1982E-02
  1.0487E+01  3.5036E+01 -1.3909E-06  1.6577E-01  6.4452E-02  2.7366E-01  6.3957E-02
  1.0499E+01  3.5076E+01 -1.3905E-06  1.6648E-01  5.7345E-02  2.6982E-01  5.6812E-02
  1.0511E+01  3.5116E+01 -1.3908E-06  1.6719E-01  6.4357E-02  2.6636E-01  6.3900E-02
  1.0523E+01  3.5156E+01 -1.3912E-06  1.6797E-01  6.1896E-02  2.7404E-01  6.1399E-02
  1.0535E+01  3.5196E+01 -1.3908E-06  1.6866E-01  5.7445E-02  2.6844E-01  5.6937E-02
  1.0547E+01  3.5236E+01 -1.3914E-06  1.6939E-01  6.5640E-02  2.6795E-01  6.5204E-02
  1.0559E+01  3.5276E+01 -1.3914E-06  1.7015E-01  5.9357E-02  2.7332E-01  5.8860E-02
  1.0571E+01  3.5316E+01 -1.3912E-06  1.7083E-01  5.8366E-02  2.6710E-01  5.7889E-02
  1.0583E+01  3.5356E+01 -1.3919E-06  1.7158E-01  6.5665E-02  2.7064E-01  6.5235E-02
  1.0595E+01  3.5396E+01 -1.3917E-06  1.7232E-01  5.7345E-02  2.7205E-01  5.6853E-02
  1.0607E+01  3.5436E+01 -1.3916E-06  1.7300E-01  6.0012E-02  2.6599E-01  5.9569E-02
  1.0619E+01  3.5476E+01 -1.3924E-06  1.7376E-01  6.4285E-02  2.7318E-01  6.3854E-02
  1.0631E+01  3.5516E+01 -1.3919E-06  1.7447E-01  5.6115E-02  2.7055E-01  5.5635E-02
  1.0643E+01  3.5557E+01 -1.3922E-06  1.7517E-01  6.2298E-02  2.6567E-01  6.1887E-02
  1.0655E+01  3.5597E+01 -1.3927E-06  1.7594E-01  6.1631E-02  2.7448E-01  6.1192E-02
  1.0667E+01  3.5637E+01 -1.3922E-06  1.7662E-01  5.5786E-02  2.6886E-01  5.5326E-02
  1.0679E+01  3.5677E+01 -1.3928E-06  1.7733E-01  6.3979E-02  2.6678E-01  6.3590E-02
  1.0691E+01  3.5717E+01 -1.3929E-06  1.7808E-01  5.8969E-02  2.7410E-01  5.8528E-02
  1.0703E+01  3.5757E+01 -1.3926E-06  1.7875E-01  5.6423E-02  2.6735E-01  5.5990E-02
  1.0715E+01  3.5797E+01 -1.3933E-06  1.7947E-01  6.4616E-02  2.6935E-01  6.4236E-02
  1.0727E+01  3.5837E+01 -1.3932E-06  1.8020E-01  5.6679E-02  2.7286E-01  5.6239E-02
  1.0739E+01  3.5877E+01 -1.3930E-06  1.8087E-01  5.7892E-02  2.6601E-01  5.7488E-02
  1.0751E+01  3.5917E+01 -1.3938E-06  1.8161E-01  6.3786E-02  2.7247E-01  6.3406E-02
  1.0763E+01  3.5957E+01 -1.3934E-06  1.8231E-01  5.5059E-02  2.7129E-01  5.4627E-02
  1.0775E+01  3.5997E+01 -1.3936E-06  1.8298E-01  5.9880E-02  2.6521E-01  5.9505E-02
  1.0787E+01  3.6037E+01 -1.3942E-06  1.8373E-01  6.1702E-02  2.7457E-01  6.1316E-02
  1.0799E+01  3.6077E+01 -1.3937E-06  1.8441E-01  5.4329E-02  2.6963E-01  5.3911E-02
  1.0811E+01  3.6117E+01 -1.3942E-06  1.8509E-01  6.1911E-02  2.6559E-01  6.1560E-02
  1.0823E+01  3.6157E+01 -1.3945E-06  1.8584E-01  5.9029E-02  2.7492E-01  5.8638E-02
  1.0835E+01  3.6197E+01 -1.3941E-06  1.8650E-01  5.4548E-02  2.6795E-01  5.4150E-02
  1.0847E+01  3.6237E+01 -1.3948E-06  1.8720E-01  6.3244E-02  2.6763E-01  6.2906E-02
  1.0859E+01  3.6277E+01 -1.3948E-06  1.8793E-01  5.6418E-02  2.7396E-01  5.6025E-02
  1.0871E+01  3.6317E+01 -1.3946E-06  1.8857E-01  5.5629E-02  2.6634E-01  5.5256E-02
  1.0883E+01  3.6357E+01 -1.3954E-06  1.8929E-01  6.3211E-02  2.7095E-01  6.2876E-02
  1.0895E+01  3.6397E+01 -1.3951E-06  1.9000E-01  5.4391E-02  2.7236E-01  5.4000E-02
  1.0907E+01  3.6437E+01 -1.3951E-06  1.9065E-01  5.7456E-02  2.6509E-01  5.7111E-02
  1.0919E+01  3.6477E+01 -1.3959E-06  1.9138E-01  6.1711E-02  2.7403E-01  6.1370E-02
  1.0931E+01  3.6517E+01 -1.3954E-06  1.9205E-01  5.3201E-02  2.7056E-01  5.2820E-02
  1.0943E+01  3.6557E+01 -1.3957E-06  1.9271E-01  5.9645E-02  2.6476E-01  5.9323E-02
  1.0955E+01  3.6597E+01 -1.3962E-06  1.9345E-01  5.9197E-02  2.7545E-01  5.8850E-02
  1.0967E+01  3.6637E+01 -1.3958E-06  1.9410E-01  5.2908E-02  2.6872E-01  5.2542E-02
  1.0979E+01  3.6677E+01 -1.3964E-06  1.9478E-01  6.1493E-02  2.6600E-01  6.1188E-02
  1.0991E+01  3.6717E+01 -1.3966E-06  1.9550E-01  5.6438E-02  2.7504E-01  5.6086E-02
  1.1003E+01  3.6757E+01 -1.3962E-06  1.9614E-01  5.3583E-02  2.6695E-01  5.3237E-02
  1.1015E+01  3.6797E+01 -1.3970E-06  1.9683E-01  6.2269E-02  2.6906E-01  6.1971E-02
  1.1027E+01  3.6837E+01 -1.3969E-06  1.9753E-01  5.4049E-02  2.7360E-01  5.3696E-02
  1.1039E+01  3.6877E+01 -1.3967E-06  1.9817E-01  5.5137E-02  2.6534E-01  5.4815E-02
  1.1051E+01  3.6917E+01 -1.3975E-06  1.9888E-01  6.1509E-02  2.7284E-01  6.1207E-02
  1.1063E+01  3.6957E+01 -1.3972E-06  1.9956E-01  5.2353E-02  2.7170E-01  5.2005E-02
  1.1075E+01  3.6998E+01 -1.3974E-06  2.0021E-01  5.7538E-02  2.6433E-01  5.7242E-02
  1.1087E+01  3.7038E+01 -1.3980E-06  2.0093E-01  5.9148E-02  2.7563E-01  5.8837E-02
  1.1099E+01  3.7078E+01 -1.3975E-06  2.0158E-01  5.1593E-02  2.6947E-01  5.1256E-02
  1.1111E+01  3.7118E+01 -1.3980E-06  2.0223E-01  5.9684E-02  2.6490E-01  5.9405E-02
  1.1123E+01  3.7158E+01 -1.3983E-06  2.0295E-01  5.6377E-02  2.7592E-01  5.6060E-02
  1.1135E+01  3.7198E+01 -1.3979E-06  2.0358E-01  5.1928E-02  2.6748E-01  5.1608E-02
  1.1147E+01  3.7238E+01 -1.3986E-06  2.0425E-01  6.1038E-02  2.6744E-01  6.0769E-02
  1.1159E+01  3.7278E+01 -1.3985E-06  2.0495E-01  5.3715E-02  2.7468E-01  5.3395E-02
  1.1171E+01  3.7318E+01 -1.3982E-06  2.0557E-01  5.3157E-02  2.6566E-01  5.2857E-02
  1.1183E+01  3.7358E+01 -1.3988E-06  2.0626E-01  6.0931E-02  2.7153E-01  6.0661E-02
  1.1195E+01  3.7398E+01 -1.3983E-06  2.0693E-01  5.1681E-02  2.7283E-01  5.1362E-02
  1.1207E+01  3.7438E+01 -1.3980E-06  2.0755E-01  5.5129E-02  2.6427E-01  5.4852E-02
  1.1219E+01  3.7478E+01 -1.3984E-06  2.0826E-01  5.9283E-02  2.7504E-01  5.9007E-02
  1.1231E+01  3.7518E+01 -1.3976E-06  2.0890E-01  5.0503E-02  2.7059E-01  5.0192E-02
  1.1243E+01  3.7558E+01 -1.3976E-06  2.0953E-01  5.7409E-02  2.6394E-01  5.7151E-02
  1.1255E+01  3.7598E+01 -1.3977E-06  2.1024E-01  5.6609E-02  2.7657E-01  5.6324E-02
  1.1267E+01  3.7638E+01 -1.3969E-06  2.1086E-01  5.0250E-02  2.6841E-01  4.9951E-02
  1.1279E+01  3.7678E+01 -1.3972E-06  2.1151E-01  5.9266E-02  2.6553E-01  5.9021E-02
  1.1291E+01  3.7718E+01 -1.3970E-06  2.1220E-01  5.3727E-02  2.7596E-01  5.3437E-02
  1.1303E+01  3.7758E+01 -1.3963E-06  2.1281E-01  5.0998E-02  2.6630E-01  5.0716E-02
  1.1315E+01  3.7798E+01 -1.3967E-06  2.1348E-01  5.9955E-02  2.6916E-01  5.9712E-02
  1.1327E+01  3.7838E+01 -1.3962E-06  2.1415E-01  5.1265E-02  2.7413E-01  5.0973E-02
  1.1339E+01  3.7878E+01 -1.3957E-06  2.1475E-01  5.2649E-02  2.6447E-01  5.2387E-02
  1.1351E+01  3.7918E+01 -1.3962E-06  2.1543E-01  5.9036E-02  2.7361E-01  5.8788E-02
  1.1363E+01  3.7958E+01 -1.3954E-06  2.1608E-01  4.9545E-02  2.7187E-01  4.9256E-02
  1.1375E+01  3.7998E+01 -1.3953E-06  2.1668E-01  5.4858E-02  2.6346E-01  5.4615E-02
  1.1387E+01  3.8038E+01 -1.3956E-06  2.1738E-01  5.6776E-02  2.7662E-01  5.6520E-02
  1.1399E+01  3.8078E+01 -1.3948E-06  2.1799E-01  4.8809E-02  2.6964E-01  4.8528E-02
  1.1411E+01  3.8118E+01 -1.3952E-06  2.1861E-01  5.7109E-02  2.6418E-01  5.6881E-02
  1.1423E+01  3.8158E+01 -1.3954E-06  2.1930E-01  5.3925E-02  2.7714E-01  5.3662E-02
  1.1435E+01  3.8198E+01 -1.3949E-06  2.1990E-01  4.9134E-02  2.6724E-01  4.8867E-02
  1.1447E+01  3.8238E+01 -1.3956E-06  2.2054E-01  5.8600E-02  2.6681E-01  5.8380E-02
  1.1459E+01  3.8278E+01 -1.3955E-06  2.2121E-01  5.1180E-02  2.7558E-01  5.0913E-02
  1.1471E+01  3.8318E+01 -1.3953E-06  2.2180E-01  5.0401E-02  2.6501E-01  5.0152E-02
  1.1483E+01  3.8358E+01 -1.3961E-06  2.2246E-01  5.8600E-02  2.7139E-01  5.8378E-02
  1.1495E+01  3.8399E+01 -1.3958E-06  2.2312E-01  4.8922E-02  2.7301E-01  4.8655E-02
  1.1507E+01  3.8439E+01 -1.3958E-06  2.2371E-01  5.2763E-02  2.6326E-01  5.2535E-02
  1.1519E+01  3.8479E+01 -1.3965E-06  2.2439E-01  5.6784E-02  2.7603E-01  5.6554E-02
  1.1531E+01  3.8519E+01 -1.3960E-06  2.2500E-01  4.7840E-02  2.7050E-01  4.7579E-02
  1.1543E+01  3.8559E+01 -1.3964E-06  2.2560E-01  5.5200E-02  2.6307E-01  5.4989E-02
  1.1555E+01  3.8599E+01 -1.3968E-06  2.2628E-01  5.4064E-02  2.7765E-01  5.3825E-02
  1.1567E+01  3.8639E+01 -1.3964E-06  2.2687E-01  4.7731E-02  2.6799E-01  4.7481E-02
  1.1579E+01  3.8679E+01 -1.3970E-06  2.2749E-01  5.7151E-02  2.6502E-01  5.6949E-02
  1.1591E+01  3.8719E+01 -1.3971E-06  2.2816E-01  5.1188E-02  2.7679E-01  5.0944E-02
  1.1603E+01  3.8759E+01 -1.3967E-06  2.2874E-01  4.8657E-02  2.6552E-01  4.8423E-02
  1.1615E+01  3.8799E+01 -1.3976E-06  2.2938E-01  5.7844E-02  2.6925E-01  5.7643E-02
  1.1627E+01  3.8839E+01 -1.3973E-06  2.3003E-01  4.8779E-02  2.7454E-01  4.8533E-02
  1.1639E+01  3.8879E+01 -1.3972E-06  2.3060E-01  5.0502E-02  2.6348E-01  5.0285E-02
  1.1651E+01  3.8919E+01 -1.3980E-06  2.3126E-01  5.6872E-02  2.7436E-01  5.6665E-02
  1.1663E+01  3.8959E+01 -1.3976E-06  2.3188E-01  4.7149E-02  2.7190E-01  4.6906E-02
  1.1675E+01  3.8999E+01 -1.3978E-06  2.3246E-01  5.2887E-02  2.6242E-01  5.2687E-02
  1.1687E+01  3.9039E+01 -1.3984E-06  2.3312E-01  5.4551E-02  2.7762E-01  5.4335E-02
  1.1699E+01  3.9079E+01 -1.3979E-06  2.3371E-01  4.6528E-02  2.6919E-01  4.6293E-02
  1.1711E+01  3.9119E+01 -1.3984E-06  2.3431E-01  5.5242E-02  2.6320E-01  5.5054E-02
  1.1723E+01  3.9159E+01 -1.3986E-06  2.3498E-01  5.1652E-02  2.7796E-01  5.1430E-02
  1.1735E+01  3.9199E+01 -1.3982E-06  2.3555E-01  4.6970E-02  2.6654E-01  4.6747E-02
  1.1747E+01  3.9239E+01 -1.3990E-06  2.3616E-01  5.6726E-02  2.6655E-01  5.6543E-02
  1.1759E+01  3.9279E+01 -1.3989E-06  2.3681E-01  4.8886E-02  2.7621E-01  4.8660E-02
  1.1771E+01  3.9319E+01 -1.3987E-06  2.3737E-01  4.8364E-02  2.6411E-01  4.8157E-02
  1.1783E+01  3.9359E+01 -1.3995E-06  2.3801E-01  5.6637E-02  2.7186E-01  5.6451E-02
  1.1795E+01  3.9399E+01 -1.3992E-06  2.3863E-01  4.6806E-02  2.7354E-01  4.6580E-02
  1.1807E+01  3.9439E+01 -1.3992E-06  2.3919E-01  5.0561E-02  2.6235E-01  5.0370E-02
  1.1819E+01  3.9479E+01 -1.4000E-06  2.3985E-01  5.4943E-02  2.7668E-01  5.4749E-02
  1.1831E+01  3.9519E+01 -1.3995E-06  2.4044E-01  4.5671E-02  2.7066E-01  4.5450E-02
  1.1843E+01  3.9559E+01 -1.3999E-06  2.4101E-01  5.3098E-02  2.6206E-01  5.2922E-02
  1.1855E+01  3.9599E+01 -1.4003E-06  2.4167E-01  5.2203E-02  2.7871E-01  5.2001E-02
  1.1867E+01  3.9639E+01 -1.3998E-06  2.4224E-01  4.5534E-02  2.6778E-01  4.5322E-02
  1.1879E+01  3.9679E+01 -1.4005E-06  2.4283E-01  5.5172E-02  2.6411E-01  5.5003E-02
  1.1891E+01  3.9719E+01 -1.4006E-06  2.4348E-01  4.9268E-02  2.7782E-01  4.9060E-02
  1.1903E+01  3.9759E+01 -1.4003E-06  2.4403E-01  4.6463E-02  2.6505E-01  4.6265E-02
  1.1915E+01  3.9799E+01 -1.4011E-06  2.4465E-01  5.5983E-02  2.6884E-01  5.5815E-02
  1.1927E+01  3.9840E+01 -1.4008E-06  2.4529E-01  4.6579E-02  2.7500E-01  4.6369E-02
  1.1939E+01  3.9880E+01 -1.4008E-06  2.4583E-01  4.8628E-02  2.6255E-01  4.8446E-02
  1.1951E+01  3.9920E+01 -1.4016E-06  2.4647E-01  5.4907E-02  2.7528E-01  5.4731E-02
  1.1963E+01  3.9960E+01 -1.4011E-06  2.4706E-01  4.4994E-02  2.7197E-01  4.4787E-02
  1.1975E+01  4.0000E+01 -1.4014E-06  2.4762E-01  5.1121E-02  2.6149E-01  5.0953E-02
  1.2000E+01  4.0083E+01 -1.4014E-06  2.4887E-01  4.4535E-02  2.6843E-01  4.4335E-02
