  0.0000E+00  0.0000E+00  0.0000E+00  0.0000E+00  0.0000E+00  0.0000E+00  0.0000E+00
  1.1129E-02 -6.6383E-08 -9.7719E-10  2.4947E-01 -5.1067E-13  1.1634E-12  2.4947E-01
  2.3219E-02 -1.1003E-08 -1.3853E-09  2.4953E-01  4.5830E-12  8.7182E-12  2.4953E-01
  3.5217E-02 -8.2526E-08 -3.1432E-09  2.4962E-01  2.1636E-11  2.0984E-11  2.4962E-01
  4.7247E-02 -1.0660E-07 -2.0627E-09  2.4982E-01  7.8273E-12  1.6430E-11  2.4982E-01
  5.9085E-02 -1.8319E-08 -2.0863E-09  2.4991E-01  9.9700E-12  2.1505E-11  2.4991E-01
  7.1286E-02  2.5954E-08 -3.2992E-09  2.4988E-01  1.2147E-10  1.1013E-10  2.4988E-01
  8.3205E-02 -5.9744E-08 -4.4482E-09  2.4989E-01 -5.0246E-11 -9.1446E-11  2.4989E-01
  9.5126E-02 -9.7943E-08 -3.0472E-09  2.5000E-01  2.1570E-10  1.3557E-10  2.5000E-01
  1.0706E-01 -3.0337E-08 -2.9244E-09  2.5007E-01  2.1035E-10  1.5703E-10  2.5007E-01
  1.1902E-01  1.5975E-09 -4.4693E-09  2.5008E-01 -1.4276E-10 -1.7504E-10  2.5008E-01
  1.3128E-01 -4.8169E-08 -4.8824E-09  2.5012E-01 -2.5573E-11 -8.0442E-11  2.5012E-01
  1.4324E-01 -6.4469E-08 -4.5474E-09  2.5027E-01 -4.2893E-11 -1.0256E-10  2.5027E-01
  1.5520E-01 -5.7877E-08 -4.8519E-09  2.5079E-01 -7.2835E-11 -1.3147E-10  2.5079E-01
  1.6716E-01 -5.2923E-08 -5.1018E-09  2.5251E-01 -9.0133E-11 -1.4782E-10  2.5251E-01
  1.7912E-01 -5.1232E-08 -5.2829E-09  2.5594E-01 -1.0014E-10 -1.5961E-10  2.5594E-01
  1.9108E-01 -5.2762E-08 -5.4024E-09  2.5781E-01 -1.0488E-10 -1.6626E-10  2.5781E-01
  2.0305E-01 -5.4880E-08 -5.5368E-09  2.5541E-01 -1.0813E-10 -1.7070E-10  2.5541E-01
  2.1501E-01 -5.6860E-08 -5.6849E-09  2.5249E-01 -1.1119E-10 -1.7478E-10  2.5249E-01
  2.2727E-01 -5.8374E-08 -5.8560E-09  2.5111E-01 -1.1492E-10 -1.7974E-10  2.5111E-01
  2.3923E-01 -5.9423E-08 -6.0395E-09  2.5069E-01 -1.1916E-10 -1.8541E-10  2.5069E-01
  2.5119E-01 -6.0208E-08 -6.2338E-09  2.5059E-01 -1.2390E-10 -1.9178E-10  2.5059E-01
  2.6315E-01 -6.0839E-08 -6.4345E-09  2.5058E-01 -1.2908E-10 -1.9881E-10  2.5058E-01
  2.7511E-01 -6.1380E-08 -6.6390E-09  2.5060E-01 -1.3470E-10 -2.0647E-10  2.5060E-01
  2.8707E-01 -6.1861E-08 -6.8460E-09  2.5063E-01 -1.4075E-10 -2.1479E-10  2.5063E-01
  2.9903E-01 -6.2299E-08 -7.0544E-09  2.5067E-01 -1.4726E-10 -2.2380E-10  2.5067E-01
  3.1129E-01 -6.2705E-08 -7.2689E-09  2.5072E-01 -1.5442E-10 -2.3378E-10  2.5072E-01
  3.2325E-01 -6.3052E-08 -7.4782E-09  2.5076E-01 -1.6189E-10 -2.4427E-10  2.5076E-01
  3.3521E-01 -6.3331E-08 -7.6864E-09  2.5082E-01 -1.6985E-10 -2.5552E-10  2.5082E-01
  3.4717E-01 -6.3501E-08 -7.8916E-09  2.5091E-01 -1.7828E-10 -2.6754E-10  2.5091E-01
  3.5913E-01 -6.3485E-08 -8.0903E-09  2.5111E-01 -1.8715E-10 -2.8028E-10  2.5111E-01
  3.7109E-01 -6.3140E-08 -8.2764E-09  2.5166E-01 -1.9639E-10 -2.9365E-10  2.5166E-01
  3.8305E-01 -6.2245E-08 -8.4407E-09  2.5331E-01 -2.0588E-10 -3.0753E-10  2.5331E-01
  3.9502E-01 -6.0607E-08 -8.5772E-09  2.5724E-01 -2.1547E-10 -3.2174E-10  2.5724E-01
  4.0728E-01 -5.8418E-08 -8.6980E-09  2.6183E-01 -2.2503E-10 -3.3615E-10  2.6183E-01
  4.1924E-01 -5.6663E-08 -8.8092E-09  2.6060E-01 -2.3360E-10 -3.4934E-10  2.6060E-01
  4.3120E-01 -5.5792E-08 -8.9045E-09  2.5555E-01 -2.4168E-10 -3.6198E-10  2.5555E-01
  4.4316E-01 -5.5508E-08 -8.9812E-09  2.5251E-01 -2.4991E-10 -3.7498E-10  2.5251E-01
  4.5512E-01 -5.5437E-08 -9.0485E-09  2.5160E-01 -2.5850E-10 -3.8861E-10  2.5160E-01
  4.6708E-01 -5.5422E-08 -9.1130E-09  2.5143E-01 -2.6744E-10 -4.0284E-10  2.5143E-01
  4.7904E-01 -5.5418E-08 -9.1773E-09  2.5145E-01 -2.7669E-10 -4.1763E-10  2.5145E-01
  4.9100E-01 -5.5415E-08 -9.2423E-09  2.5151E-01 -2.8625E-10 -4.3301E-10  2.5151E-01
  5.0326E-01 -5.5410E-08 -9.3099E-09  2.5158E-01 -2.9638E-10 -4.4940E-10  2.5158E-01
  5.1522E-01 -5.5401E-08 -9.3769E-09  2.5166E-01 -3.0661E-10 -4.6602E-10  2.5166E-01
  5.2718E-01 -5.5389E-08 -9.4450E-09  2.5174E-01 -3.1718E-10 -4.8331E-10  2.5174E-01
  5.3914E-01 -5.5372E-08 -9.5143E-09  2.5183E-01 -3.2811E-10 -5.0129E-10  2.5183E-01
  5.5110E-01 -5.5350E-08 -9.5847E-09  2.5192E-01 -3.3941E-10 -5.2001E-10  2.5192E-01
  5.6306E-01 -5.5324E-08 -9.6561E-09  2.5202E-01 -3.5110E-10 -5.3950E-10  2.5202E-01
  5.7503E-01 -5.5292E-08 -9.7287E-09  2.5213E-01 -3.6318E-10 -5.5980E-10  2.5213E-01
  5.8729E-01 -5.5252E-08 -9.8041E-09  2.5225E-01 -3.7599E-10 -5.8149E-10  2.5225E-01
  5.9925E-01 -5.5206E-08 -9.8787E-09  2.5237E-01 -3.8890E-10 -6.0353E-10  2.5237E-01
  6.1121E-01 -5.5153E-08 -9.9541E-09  2.5247E-01 -4.0201E-10 -6.2617E-10  2.5247E-01
  6.2317E-01 -5.5090E-08 -1.0030E-08  2.5261E-01 -4.1577E-10 -6.5010E-10  2.5261E-01
  6.3513E-01 -5.5018E-08 -1.0107E-08  2.5276E-01 -4.2994E-10 -6.7502E-10  2.5276E-01
  6.4709E-01 -5.4935E-08 -1.0184E-08  2.5293E-01 -4.4452E-10 -7.0094E-10  2.5292E-01
  6.5905E-01 -5.4839E-08 -1.0261E-08  2.5310E-01 -4.5948E-10 -7.2789E-10  2.5310E-01
  6.7101E-01 -5.4729E-08 -1.0338E-08  2.5330E-01 -4.7480E-10 -7.5587E-10  2.5329E-01
  6.8327E-01 -5.4600E-08 -1.0416E-08  2.5351E-01 -4.9083E-10 -7.8559E-10  2.5351E-01
  6.9523E-01 -5.4455E-08 -1.0491E-08  2.5374E-01 -5.0670E-10 -8.1556E-10  2.5373E-01
  7.0719E-01 -5.4289E-08 -1.0563E-08  2.5398E-01 -5.2273E-10 -8.4641E-10  2.5398E-01
  7.1915E-01 -5.4099E-08 -1.0632E-08  2.5425E-01 -5.3876E-10 -8.7801E-10  2.5425E-01
  7.3111E-01 -5.3881E-08 -1.0698E-08  2.5455E-01 -5.5464E-10 -9.1017E-10  2.5454E-01
  7.4307E-01 -5.3631E-08 -1.0757E-08  2.5487E-01 -5.7013E-10 -9.4258E-10  2.5487E-01
  7.5503E-01 -5.3342E-08 -1.0808E-08  2.5523E-01 -5.8490E-10 -9.7483E-10  2.5522E-01
  7.6729E-01 -5.3000E-08 -1.0850E-08  2.5563E-01 -5.9885E-10 -1.0071E-09  2.5563E-01
  7.7926E-01 -5.2612E-08 -1.0877E-08  2.5607E-01 -6.1073E-10 -1.0369E-09  2.5606E-01
  7.9122E-01 -5.2161E-08 -1.0886E-08  2.5656E-01 -6.2013E-10 -1.0638E-09  2.5655E-01
  8.0318E-01 -5.1634E-08 -1.0872E-08  2.5710E-01 -6.2603E-10 -1.0863E-09  2.5709E-01
  8.1514E-01 -5.1014E-08 -1.0827E-08  2.5770E-01 -6.2708E-10 -1.1018E-09  2.5770E-01
  8.2710E-01 -5.0283E-08 -1.0742E-08  2.5838E-01 -6.2145E-10 -1.1073E-09  2.5837E-01
  8.3906E-01 -4.9414E-08 -1.0605E-08  2.5914E-01 -6.0670E-10 -1.0979E-09  2.5913E-01
  8.5102E-01 -4.8374E-08 -1.0399E-08  2.6000E-01 -5.7955E-10 -1.0674E-09  2.5999E-01
  8.6328E-01 -4.7086E-08 -1.0094E-08  2.6099E-01 -5.3420E-10 -1.0045E-09  2.6098E-01
  8.7524E-01 -4.5555E-08 -9.6743E-09  2.6208E-01 -4.6679E-10 -8.9938E-10  2.6208E-01
  8.8720E-01 -4.3678E-08 -9.0953E-09  2.6331E-01 -3.6843E-10 -7.3283E-10  2.6331E-01
  8.9916E-01 -4.1358E-08 -8.3039E-09  2.6469E-01 -2.2851E-10 -4.7990E-10  2.6469E-01
  9.1112E-01 -3.8463E-08 -7.2305E-09  2.6623E-01 -3.3232E-11 -1.0664E-10  2.6623E-01
  9.2308E-01 -3.4826E-08 -5.7839E-09  2.6791E-01  2.3474E-10  4.3125E-10  2.6791E-01
  9.3504E-01 -3.0230E-08 -3.8498E-09  2.6970E-01  5.9581E-10  1.1869E-09  2.6970E-01
  9.4701E-01 -2.4413E-08 -1.2957E-09  2.7151E-01  1.0707E-09  2.2126E-09  2.7150E-01
  9.5927E-01 -1.6888E-08  2.0995E-09  2.7321E-01  1.6898E-09  3.5677E-09  2.7316E-01
  9.7123E-01 -7.7884E-09  6.2341E-09  2.7439E-01  2.4107E-09  5.1149E-09  2.7429E-01
  9.8319E-01  3.0540E-09  1.1056E-08  2.7466E-01  3.1732E-09  6.6207E-09  2.7450E-01
  9.9515E-01  1.5174E-08  1.6080E-08  2.7348E-01  3.7843E-09  7.5523E-09  2.7326E-01
  1.0071E+00  2.7434E-08  2.0339E-08  2.7044E-01  3.8873E-09  7.2084E-09  2.7024E-01
  1.0191E+00  3.8191E-08  2.2539E-08  2.6569E-01  3.0501E-09  5.1431E-09  2.6557E-01
  1.0310E+00  4.6009E-08  2.1597E-08  2.6014E-01  1.1081E-09  1.6852E-09  2.6013E-01
  1.0433E+00  5.0490E-08  1.7086E-08  2.5524E-01 -1.5292E-09 -2.1035E-09  2.5522E-01
  1.0553E+00  5.1926E-08  9.9056E-09  2.5271E-01 -3.7234E-09 -4.6855E-09  2.5257E-01
  1.0672E+00  5.1137E-08  1.3140E-09  2.5316E-01 -4.6721E-09 -5.4293E-09  2.5296E-01
  1.0792E+00  4.8196E-08 -7.0047E-09  2.5650E-01 -4.1390E-09 -4.4795E-09  2.5636E-01
  1.0911E+00  4.2496E-08 -1.3312E-08  2.6183E-01 -2.5547E-09 -2.6002E-09  2.6178E-01
  1.1031E+00  3.3482E-08 -1.6380E-08  2.6760E-01 -7.3888E-10 -7.0759E-10  2.6760E-01
  1.1151E+00  2.1629E-08 -1.6122E-08  2.7219E-01  5.8460E-10  5.7737E-10  2.7219E-01
  1.1270E+00  8.5590E-09 -1.3599E-08  2.7464E-01  1.1837E-09  1.1390E-09  2.7463E-01
  1.1393E+00 -4.1938E-09 -1.0153E-08  2.7497E-01  1.2532E-09  1.2059E-09  2.7497E-01
  1.1512E+00 -1.4863E-08 -6.9942E-09  2.7381E-01  1.0895E-09  1.0589E-09  2.7380E-01
  1.1632E+00 -2.3477E-08 -4.4840E-09  2.7185E-01  8.8884E-10  8.7699E-10  2.7185E-01
  1.1752E+00 -3.0219E-08 -2.6783E-09  2.6962E-01  7.2727E-10  7.3010E-10  2.6962E-01
  1.1871E+00 -3.5441E-08 -1.4701E-09  2.6740E-01  6.1879E-10  6.3211E-10  2.6740E-01
  1.1991E+00 -3.9492E-08 -7.1618E-10  2.6535E-01  5.5436E-10  5.7557E-10  2.6534E-01
  1.2110E+00 -4.2660E-08 -2.8874E-10  2.6350E-01  5.2059E-10  5.4847E-10  2.6350E-01
  1.2230E+00 -4.5167E-08 -8.8684E-11  2.6188E-01  5.0613E-10  5.4024E-10  2.6188E-01
  1.2353E+00 -4.7221E-08 -4.4140E-11  2.6044E-01  5.0292E-10  5.4329E-10  2.6044E-01
  1.2472E+00 -4.8846E-08 -1.0537E-10  2.5922E-01  5.0574E-10  5.5218E-10  2.5922E-01
  1.2592E+00 -5.0183E-08 -2.3440E-10  2.5816E-01  5.1115E-10  5.6357E-10  2.5816E-01
  1.2711E+00 -5.1297E-08 -4.0690E-10  2.5724E-01  5.1724E-10  5.7546E-10  2.5724E-01
  1.2831E+00 -5.2236E-08 -6.0611E-10  2.5645E-01  5.2292E-10  5.8671E-10  2.5644E-01
  1.2951E+00 -5.3036E-08 -8.2055E-10  2.5575E-01  5.2766E-10  5.9670E-10  2.5575E-01
  1.3070E+00 -5.3724E-08 -1.0423E-09  2.5514E-01  5.3120E-10  6.0515E-10  2.5514E-01
  1.3193E+00 -5.4335E-08 -1.2718E-09  2.5459E-01  5.3354E-10  6.1212E-10  2.5459E-01
  1.3312E+00 -5.4857E-08 -1.4940E-09  2.5412E-01  5.3460E-10  6.1732E-10  2.5412E-01
  1.3432E+00 -5.5317E-08 -1.7121E-09  2.5371E-01  5.3456E-10  6.2103E-10  2.5370E-01
  1.3552E+00 -5.5726E-08 -1.9248E-09  2.5334E-01  5.3352E-10  6.2339E-10  2.5334E-01
  1.3671E+00 -5.6093E-08 -2.1311E-09  2.5301E-01  5.3163E-10  6.2454E-10  2.5301E-01
  1.3791E+00 -5.6423E-08 -2.3304E-09  2.5271E-01  5.2900E-10  6.2462E-10  2.5271E-01
  1.3910E+00 -5.6722E-08 -2.5226E-09  2.5245E-01  5.2573E-10  6.2376E-10  2.5245E-01
  1.4030E+00 -5.6994E-08 -2.7075E-09  2.5221E-01  5.2194E-10  6.2210E-10  2.5221E-01
  1.4153E+00 -5.7250E-08 -2.8896E-09  2.5199E-01  5.1761E-10  6.1967E-10  2.5199E-01
  1.4272E+00 -5.7479E-08 -3.0603E-09  2.5180E-01  5.1302E-10  6.1670E-10  2.5180E-01
  1.4392E+00 -5.7690E-08 -3.2243E-09  2.5162E-01  5.0814E-10  6.1322E-10  2.5162E-01
  1.4512E+00 -5.7887E-08 -3.3818E-09  2.5146E-01  5.0303E-10  6.0931E-10  2.5146E-01
  1.4631E+00 -5.8070E-08 -3.5333E-09  2.5132E-01  4.9774E-10  6.0504E-10  2.5132E-01
  1.4751E+00 -5.8242E-08 -3.6788E-09  2.5119E-01  4.9231E-10  6.0047E-10  2.5118E-01
  1.4870E+00 -5.8403E-08 -3.8188E-09  2.5106E-01  4.8679E-10  5.9565E-10  2.5106E-01
  1.4993E+00 -5.8558E-08 -3.9569E-09  2.5095E-01  4.8105E-10  5.9050E-10  2.5095E-01
  1.5113E+00 -5.8702E-08 -4.0866E-09  2.5085E-01  4.7541E-10  5.8530E-10  2.5085E-01
  1.5232E+00 -5.8838E-08 -4.2115E-09  2.5075E-01  4.6975E-10  5.7998E-10  2.5075E-01
  1.5352E+00 -5.8967E-08 -4.3320E-09  2.5067E-01  4.6409E-10  5.7455E-10  2.5067E-01
  1.5471E+00 -5.9090E-08 -4.4484E-09  2.5059E-01  4.5844E-10  5.6904E-10  2.5059E-01
  1.5591E+00 -5.9208E-08 -4.5607E-09  2.5051E-01  4.5282E-10  5.6348E-10  2.5051E-01
  1.5711E+00 -5.9321E-08 -4.6694E-09  2.5044E-01  4.4723E-10  5.5788E-10  2.5044E-01
  1.5830E+00 -5.9429E-08 -4.7745E-09  2.5038E-01  4.4169E-10  5.5225E-10  2.5038E-01
  1.5953E+00 -5.9536E-08 -4.8787E-09  2.5032E-01  4.3606E-10  5.4648E-10  2.5032E-01
  1.6072E+00 -5.9636E-08 -4.9772E-09  2.5026E-01  4.3063E-10  5.4084E-10  2.5026E-01
  1.6192E+00 -5.9733E-08 -5.0727E-09  2.5021E-01  4.2526E-10  5.3522E-10  2.5021E-01
  1.6312E+00 -5.9827E-08 -5.1654E-09  2.5016E-01  4.1995E-10  5.2962E-10  2.5016E-01
  1.6431E+00 -5.9918E-08 -5.2554E-09  2.5012E-01  4.1471E-10  5.2405E-10  2.5012E-01
  1.6551E+00 -6.0007E-08 -5.3429E-09  2.5008E-01  4.0954E-10  5.1851E-10  2.5008E-01
  1.6670E+00 -6.0093E-08 -5.4279E-09  2.5004E-01  4.0445E-10  5.1301E-10  2.5004E-01
  1.6790E+00 -6.0177E-08 -5.5107E-09  2.5000E-01  3.9942E-10  5.0755E-10  2.5000E-01
  1.6913E+00 -6.0261E-08 -5.5933E-09  2.4997E-01  3.9434E-10  5.0200E-10  2.4996E-01
  1.7032E+00 -6.0340E-08 -5.6718E-09  2.4993E-01  3.8947E-10  4.9663E-10  2.4993E-01
  1.7152E+00 -6.0418E-08 -5.7484E-09  2.4990E-01  3.8466E-10  4.9131E-10  2.4990E-01
  1.7271E+00 -6.0495E-08 -5.8231E-09  2.4987E-01  3.7992E-10  4.8605E-10  2.4987E-01
  1.7391E+00 -6.0570E-08 -5.8960E-09  2.4985E-01  3.7526E-10  4.8084E-10  2.4984E-01
  1.7511E+00 -6.0643E-08 -5.9673E-09  2.4982E-01  3.7066E-10  4.7568E-10  2.4982E-01
  1.7630E+00 -6.0715E-08 -6.0369E-09  2.4980E-01  3.6614E-10  4.7058E-10  2.4980E-01
  1.7753E+00 -6.0788E-08 -6.1067E-09  2.4977E-01  3.6157E-10  4.6540E-10  2.4977E-01
  1.7873E+00 -6.0858E-08 -6.1733E-09  2.4975E-01  3.5718E-10  4.6041E-10  2.4975E-01
  1.7992E+00 -6.0926E-08 -6.2386E-09  2.4973E-01  3.5286E-10  4.5548E-10  2.4973E-01
  1.8112E+00 -6.0994E-08 -6.3025E-09  2.4971E-01  3.4860E-10  4.5059E-10  2.4971E-01
  1.8231E+00 -6.1061E-08 -6.3651E-09  2.4969E-01  3.4440E-10  4.4577E-10  2.4969E-01
  1.8351E+00 -6.1127E-08 -6.4266E-09  2.4968E-01  3.4027E-10  4.4099E-10  2.4968E-01
  1.8471E+00 -6.1192E-08 -6.4868E-09  2.4966E-01  3.3619E-10  4.3627E-10  2.4966E-01
  1.8590E+00 -6.1256E-08 -6.5460E-09  2.4964E-01  3.3218E-10  4.3161E-10  2.4964E-01
  1.8713E+00 -6.1321E-08 -6.6055E-09  2.4963E-01  3.2812E-10  4.2688E-10  2.4963E-01
  1.8832E+00 -6.1384E-08 -6.6626E-09  2.4962E-01  3.2421E-10  4.2231E-10  2.4961E-01
  1.8952E+00 -6.1446E-08 -6.7186E-09  2.4960E-01  3.2037E-10  4.1780E-10  2.4960E-01
  1.9072E+00 -6.1507E-08 -6.7738E-09  2.4959E-01  3.1657E-10  4.1334E-10  2.4959E-01
  1.9191E+00 -6.1568E-08 -6.8280E-09  2.4958E-01  3.1283E-10  4.0892E-10  2.4958E-01
  1.9311E+00 -6.1628E-08 -6.8814E-09  2.4957E-01  3.0913E-10  4.0456E-10  2.4956E-01
  1.9430E+00 -6.1688E-08 -6.9340E-09  2.4955E-01  3.0549E-10  4.0024E-10  2.4955E-01
  1.9550E+00 -6.1747E-08 -6.9857E-09  2.4954E-01  3.0189E-10  3.9596E-10  2.4954E-01
  1.9673E+00 -6.1808E-08 -7.0380E-09  2.4953E-01  2.9825E-10  3.9163E-10  2.4953E-01
  1.9792E+00 -6.1866E-08 -7.0882E-09  2.4952E-01  2.9474E-10  3.8744E-10  2.4952E-01
  1.9912E+00 -6.1924E-08 -7.1378E-09  2.4951E-01  2.9128E-10  3.8330E-10  2.4951E-01
  2.0031E+00 -6.1982E-08 -7.1866E-09  2.4951E-01  2.8786E-10  3.7920E-10  2.4951E-01
  2.0151E+00 -6.2039E-08 -7.2348E-09  2.4950E-01  2.8448E-10  3.7514E-10  2.4950E-01
  2.0271E+00 -6.2096E-08 -7.2824E-09  2.4949E-01  2.8114E-10  3.7112E-10  2.4949E-01
  2.0390E+00 -6.2152E-08 -7.3294E-09  2.4948E-01  2.7784E-10  3.6714E-10  2.4948E-01
  2.0513E+00 -6.2210E-08 -7.3769E-09  2.4947E-01  2.7450E-10  3.6310E-10  2.4947E-01
  2.0632E+00 -6.2266E-08 -7.4227E-09  2.4947E-01  2.7128E-10  3.5919E-10  2.4947E-01
  2.0752E+00 -6.2321E-08 -7.4679E-09  2.4946E-01  2.6809E-10  3.5532E-10  2.4946E-01
  2.0872E+00 -6.2376E-08 -7.5127E-09  2.4945E-01  2.6494E-10  3.5149E-10  2.4945E-01
  2.0991E+00 -6.2432E-08 -7.5569E-09  2.4945E-01  2.6182E-10  3.4769E-10  2.4945E-01
  2.1111E+00 -6.2486E-08 -7.6006E-09  2.4944E-01  2.5873E-10  3.4393E-10  2.4944E-01
  2.1230E+00 -6.2541E-08 -7.6439E-09  2.4944E-01  2.5568E-10  3.4019E-10  2.4944E-01
  2.1350E+00 -6.2595E-08 -7.6867E-09  2.4943E-01  2.5265E-10  3.3649E-10  2.4943E-01
  2.1473E+00 -6.2650E-08 -7.7301E-09  2.4943E-01  2.4959E-10  3.3273E-10  2.4943E-01
  2.1592E+00 -6.2704E-08 -7.7720E-09  2.4942E-01  2.4662E-10  3.2909E-10  2.4942E-01
  2.1712E+00 -6.2758E-08 -7.8135E-09  2.4942E-01  2.4369E-10  3.2548E-10  2.4942E-01
  2.1832E+00 -6.2811E-08 -7.8546E-09  2.4941E-01  2.4078E-10  3.2190E-10  2.4941E-01
  2.1951E+00 -6.2865E-08 -7.8953E-09  2.4941E-01  2.3790E-10  3.1835E-10  2.4941E-01
  2.2071E+00 -6.2918E-08 -7.9357E-09  2.4940E-01  2.3505E-10  3.1483E-10  2.4940E-01
  2.2190E+00 -6.2971E-08 -7.9756E-09  2.4940E-01  2.3222E-10  3.1133E-10  2.4940E-01
  2.2313E+00 -6.3025E-08 -8.0162E-09  2.4940E-01  2.2935E-10  3.0777E-10  2.4939E-01
  2.2433E+00 -6.3077E-08 -8.0555E-09  2.4939E-01  2.2657E-10  3.0432E-10  2.4939E-01
  2.2552E+00 -6.3130E-08 -8.0945E-09  2.4939E-01  2.2381E-10  3.0090E-10  2.4939E-01
  2.2672E+00 -6.3182E-08 -8.1331E-09  2.4938E-01  2.2108E-10  2.9750E-10  2.4938E-01
  2.2791E+00 -6.3234E-08 -8.1714E-09  2.4938E-01  2.1837E-10  2.9412E-10  2.4938E-01
  2.2911E+00 -6.3286E-08 -8.2094E-09  2.4938E-01  2.1568E-10  2.9077E-10  2.4938E-01
  2.3031E+00 -6.3338E-08 -8.2471E-09  2.4937E-01  2.1301E-10  2.8744E-10  2.4937E-01
  2.3150E+00 -6.3390E-08 -8.2845E-09  2.4937E-01  2.1036E-10  2.8412E-10  2.4937E-01
  2.3273E+00 -6.3443E-08 -8.3226E-09  2.4937E-01  2.0767E-10  2.8075E-10  2.4937E-01
  2.3392E+00 -6.3494E-08 -8.3595E-09  2.4937E-01  2.0506E-10  2.7748E-10  2.4937E-01
  2.3512E+00 -6.3546E-08 -8.3961E-09  2.4936E-01  2.0247E-10  2.7423E-10  2.4936E-01
  2.3632E+00 -6.3597E-08 -8.4325E-09  2.4936E-01  1.9989E-10  2.7100E-10  2.4936E-01
  2.3751E+00 -6.3648E-08 -8.4686E-09  2.4936E-01  1.9734E-10  2.6779E-10  2.4936E-01
  2.3871E+00 -6.3699E-08 -8.5045E-09  2.4936E-01  1.9480E-10  2.6460E-10  2.4936E-01
  2.3990E+00 -6.3751E-08 -8.5401E-09  2.4935E-01  1.9228E-10  2.6142E-10  2.4935E-01
  2.4110E+00 -6.3801E-08 -8.5756E-09  2.4935E-01  1.8978E-10  2.5826E-10  2.4935E-01
  2.4233E+00 -6.3854E-08 -8.6116E-09  2.4935E-01  1.8722E-10  2.5504E-10  2.4935E-01
  2.4352E+00 -6.3904E-08 -8.6466E-09  2.4935E-01  1.8475E-10  2.5192E-10  2.4935E-01
  2.4472E+00 -6.3955E-08 -8.6814E-09  2.4935E-01  1.8229E-10  2.4881E-10  2.4935E-01
  2.4591E+00 -6.4006E-08 -8.7160E-09  2.4934E-01  1.7985E-10  2.4571E-10  2.4934E-01
  2.4711E+00 -6.4056E-08 -8.7503E-09  2.4934E-01  1.7742E-10  2.4263E-10  2.4934E-01
  2.4831E+00 -6.4107E-08 -8.7845E-09  2.4934E-01  1.7500E-10  2.3956E-10  2.4934E-01
  2.4950E+00 -6.4157E-08 -8.8185E-09  2.4934E-01  1.7260E-10  2.3651E-10  2.4934E-01
  2.5073E+00 -6.4209E-08 -8.8532E-09  2.4934E-01  1.7015E-10  2.3340E-10  2.4934E-01
  2.5192E+00 -6.4259E-08 -8.8868E-09  2.4933E-01  1.6777E-10  2.3037E-10  2.4933E-01
  2.5312E+00 -6.4309E-08 -8.9203E-09  2.4933E-01  1.6540E-10  2.2736E-10  2.4933E-01
  2.5432E+00 -6.4360E-08 -8.9536E-09  2.4933E-01  1.6305E-10  2.2436E-10  2.4933E-01
  2.5551E+00 -6.4410E-08 -8.9867E-09  2.4933E-01  1.6070E-10  2.2137E-10  2.4933E-01
  2.5671E+00 -6.4460E-08 -9.0197E-09  2.4933E-01  1.5837E-10  2.1839E-10  2.4933E-01
  2.5791E+00 -6.4510E-08 -9.0525E-09  2.4933E-01  1.5605E-10  2.1543E-10  2.4933E-01
  2.5910E+00 -6.4560E-08 -9.0851E-09  2.4933E-01  1.5374E-10  2.1247E-10  2.4933E-01
  2.6033E+00 -6.4611E-08 -9.1185E-09  2.4933E-01  1.5138E-10  2.0946E-10  2.4932E-01
  2.6152E+00 -6.4661E-08 -9.1508E-09  2.4932E-01  1.4909E-10  2.0652E-10  2.4932E-01
  2.6272E+00 -6.4711E-08 -9.1831E-09  2.4932E-01  1.4681E-10  2.0360E-10  2.4932E-01
  2.6392E+00 -6.4760E-08 -9.2151E-09  2.4932E-01  1.4454E-10  2.0069E-10  2.4932E-01
  2.6511E+00 -6.4810E-08 -9.2471E-09  2.4932E-01  1.4228E-10  1.9778E-10  2.4932E-01
  2.6631E+00 -6.4860E-08 -9.2789E-09  2.4932E-01  1.4003E-10  1.9489E-10  2.4932E-01
  2.6750E+00 -6.4909E-08 -9.3106E-09  2.4932E-01  1.3778E-10  1.9200E-10  2.4932E-01
  2.6873E+00 -6.4960E-08 -9.3430E-09  2.4932E-01  1.3549E-10  1.8905E-10  2.4932E-01
  2.6993E+00 -6.5010E-08 -9.3744E-09  2.4932E-01  1.3326E-10  1.8619E-10  2.4932E-01
  2.7112E+00 -6.5059E-08 -9.4057E-09  2.4932E-01  1.3104E-10  1.8332E-10  2.4932E-01
  2.7232E+00 -6.5109E-08 -9.4369E-09  2.4931E-01  1.2883E-10  1.8047E-10  2.4931E-01
  2.7351E+00 -6.5158E-08 -9.4680E-09  2.4931E-01  1.2663E-10  1.7762E-10  2.4931E-01
  2.7471E+00 -6.5208E-08 -9.4990E-09  2.4931E-01  1.2443E-10  1.7479E-10  2.4931E-01
  2.7591E+00 -6.5257E-08 -9.5299E-09  2.4931E-01  1.2224E-10  1.7195E-10  2.4931E-01
  2.7710E+00 -6.5307E-08 -9.5606E-09  2.4931E-01  1.2005E-10  1.6913E-10  2.4931E-01
  2.7833E+00 -6.5357E-08 -9.5921E-09  2.4931E-01  1.1782E-10  1.6624E-10  2.4931E-01
  2.7952E+00 -6.5406E-08 -9.6226E-09  2.4931E-01  1.1565E-10  1.6343E-10  2.4931E-01
  2.8072E+00 -6.5456E-08 -9.6531E-09  2.4931E-01  1.1348E-10  1.6062E-10  2.4931E-01
  2.8192E+00 -6.5505E-08 -9.6834E-09  2.4931E-01  1.1132E-10  1.5782E-10  2.4931E-01
  2.8311E+00 -6.5554E-08 -9.7137E-09  2.4931E-01  1.0917E-10  1.5503E-10  2.4931E-01
  2.8431E+00 -6.5603E-08 -9.7439E-09  2.4931E-01  1.0702E-10  1.5224E-10  2.4931E-01
  2.8550E+00 -6.5653E-08 -9.7740E-09  2.4931E-01  1.0487E-10  1.4945E-10  2.4931E-01
  2.8670E+00 -6.5702E-08 -9.8040E-09  2.4931E-01  1.0273E-10  1.4667E-10  2.4931E-01
  2.8793E+00 -6.5752E-08 -9.8346E-09  2.4931E-01  1.0055E-10  1.4383E-10  2.4931E-01
  2.8912E+00 -6.5801E-08 -9.8645E-09  2.4931E-01  9.8419E-11  1.4106E-10  2.4930E-01
  2.9032E+00 -6.5851E-08 -9.8942E-09  2.4930E-01  9.6295E-11  1.3829E-10  2.4930E-01
  2.9152E+00 -6.5900E-08 -9.9239E-09  2.4930E-01  9.4176E-11  1.3553E-10  2.4930E-01
  2.9271E+00 -6.5949E-08 -9.9534E-09  2.4930E-01  9.2061E-11  1.3277E-10  2.4930E-01
  2.9391E+00 -6.5998E-08 -9.9829E-09  2.4930E-01  8.9949E-11  1.3002E-10  2.4930E-01
  2.9510E+00 -6.2777E-08 -9.9805E-09  2.4930E-01  8.3389E-11  1.2120E-10  2.4930E-01
  2.9633E+00 -5.4073E-08 -9.4204E-09  2.4930E-01  9.8503E-11  1.4261E-10  2.4930E-01
  2.9753E+00 -6.6984E-08 -1.0103E-08  2.4930E-01  8.2868E-11  1.2358E-10  2.4930E-01
  2.9872E+00 -2.6036E-07 -7.0338E-09  2.4930E-01  2.3205E-10  2.8553E-10  2.4930E-01
  2.9992E+00 -8.1136E-08 -4.2509E-09  2.4930E-01  3.2036E-10  3.2429E-10  2.4930E-01
  3.0111E+00  1.0171E-07 -5.8739E-09  2.5027E-01 -8.0303E-12  1.4633E-12  2.5027E-01
  3.0231E+00 -2.2887E-07 -4.7433E-09  2.5027E-01  1.9309E-10  2.2023E-10  2.5027E-01
  3.0351E+00 -2.6074E-08 -2.6859E-09  2.5027E-01  1.6089E-10  1.6540E-10  2.5027E-01
  3.0470E+00  4.8651E-08 -1.0238E-08  2.5027E-01 -4.0492E-11 -3.5619E-11  2.5027E-01
  3.0590E+00 -2.0579E-07 -2.7160E-09  2.5027E-01  9.5003E-11  1.0559E-10  2.5027E-01
  3.0713E+00  3.2240E-08 -2.4928E-09  2.5027E-01  1.8852E-10  1.9061E-10  2.5027E-01
  3.0832E+00 -5.8693E-08 -1.2762E-08  2.5027E-01  9.9904E-11  1.1921E-10  2.5027E-01
  3.0952E+00 -1.5334E-07 -2.5631E-09  2.5028E-01  4.8948E-11  5.6311E-11  2.5028E-01
  3.1072E+00  7.3589E-08 -2.8338E-09  2.5031E-01  1.3618E-10  1.4047E-10  2.5031E-01
  3.1192E+00 -1.5215E-07 -1.0714E-08  2.5041E-01  2.3561E-10  2.5706E-10  2.5041E-01
  3.1311E+00 -1.0008E-07 -3.0634E-09  2.5081E-01  6.3163E-11  6.7805E-11  2.5081E-01
  3.1431E+00  9.0958E-08 -4.6679E-09  2.5247E-01  3.4661E-11  4.2526E-11  2.5247E-01
  3.1551E+00 -2.0117E-07 -6.7226E-09  2.5917E-01  2.4393E-10  2.5012E-10  2.5917E-01
  3.1671E+00 -4.8625E-08 -3.3107E-09  2.7874E-01  7.2855E-11  7.5100E-11  2.7874E-01
  3.1790E+00  6.6558E-08 -8.2702E-09  3.0885E-01 -3.4106E-11 -2.5471E-11  3.0885E-01
  3.1910E+00 -2.0097E-07 -3.9953E-09  3.1762E-01  1.5746E-10  1.5568E-10  3.1762E-01
  3.2033E+00  1.4054E-09 -3.3924E-09  2.9042E-01  1.6692E-10  1.5948E-10  2.9042E-01
  3.2153E+00 -1.7735E-08 -1.2053E-08  2.6528E-01  6.9092E-12  1.4557E-11  2.6528E-01
  3.2272E+00 -1.6621E-07 -3.3138E-09  2.5471E-01  3.0565E-11  3.6614E-11  2.5471E-01
  3.2392E+00  4.0227E-08 -3.5767E-09  2.5149E-01  1.2120E-10  1.1848E-10  2.5149E-01
  3.2512E+00 -1.1118E-07 -1.2132E-08  2.5061E-01  1.6837E-10  1.6898E-10  2.5061E-01
  3.2632E+00 -1.2090E-07 -3.9089E-09  2.5036E-01  3.4100E-12  1.2529E-11  2.5036E-01
  3.2751E+00  6.6139E-08 -4.7427E-09  2.5028E-01  3.5887E-11  4.1304E-11  2.5028E-01
  3.2871E+00 -1.7611E-07 -9.1849E-09  2.5026E-01  2.0923E-10  2.0191E-10  2.5026E-01
  3.2991E+00 -7.4704E-08 -4.6205E-09  2.5026E-01  6.0519E-11  6.4469E-11  2.5026E-01
  3.3111E+00  6.2444E-08 -7.5208E-09  2.5027E-01 -7.4142E-11 -5.8984E-11  2.5027E-01
  3.3231E+00 -1.9305E-07 -6.2113E-09  2.5030E-01  1.0681E-10  1.0533E-10  2.5030E-01
  3.3351E+00 -3.0829E-08 -4.9559E-09  2.5036E-01  4.6204E-11  5.2364E-11  2.5036E-01
  3.3470E+00  1.7006E-08 -1.1125E-08  2.5056E-01 -1.0669E-10 -8.9054E-11  2.5056E-01
  3.3590E+00 -1.7239E-07 -4.9822E-09  2.5118E-01 -8.5687E-12  1.6287E-12  2.5118E-01
  3.3713E+00  1.3469E-08 -5.0614E-09  2.5334E-01  3.5238E-11  4.2594E-11  2.5334E-01
  3.3833E+00 -6.8052E-08 -1.2982E-08  2.6021E-01  5.3355E-12  1.3158E-11  2.6021E-01
  3.3953E+00 -1.2855E-07 -5.1291E-09  2.7696E-01 -8.6687E-11 -7.0399E-11  2.7696E-01
  3.4072E+00  4.5326E-08 -5.5206E-09  2.9598E-01 -4.3534E-11 -2.9731E-11  2.9598E-01
  3.4192E+00 -1.3586E-07 -1.1199E-08  2.9287E-01  7.7253E-11  7.8889E-11  2.9287E-01
  3.4312E+00 -8.4936E-08 -5.6574E-09  2.7154E-01 -6.6782E-11 -5.3787E-11  2.7154E-01
  3.4432E+00  5.6098E-08 -7.1649E-09  2.5692E-01 -7.9712E-11 -6.4127E-11  2.5692E-01
  3.4552E+00 -1.6831E-07 -8.1668E-09  2.5194E-01  7.3253E-11  7.6123E-11  2.5194E-01
  3.4672E+00 -4.5501E-08 -5.9439E-09  2.5068E-01 -1.9701E-11 -9.4847E-12  2.5068E-01
  3.4791E+00  3.3090E-08 -9.9784E-09  2.5038E-01 -1.1933E-10 -1.0118E-10  2.5038E-01
  3.4911E+00 -1.6228E-07 -6.2073E-09  2.5030E-01 -5.2509E-12  4.5083E-12  2.5030E-01
  3.5031E+00 -9.7475E-09 -5.9417E-09  2.5028E-01  3.3685E-12  1.4313E-11  2.5028E-01
  3.5151E+00 -2.3881E-08 -1.2402E-08  2.5027E-01 -7.6837E-11 -6.2707E-11  2.5027E-01
  3.5271E+00 -1.3406E-07 -5.7786E-09  2.5027E-01 -4.5602E-11 -3.6530E-11  2.5027E-01
  3.5391E+00  2.0828E-08 -5.9908E-09  2.5026E-01 -6.0868E-13  9.8323E-12  2.5026E-01
  3.5510E+00 -9.2978E-08 -1.2288E-08  2.5026E-01  3.7689E-11  4.3529E-11  2.5026E-01
  3.5630E+00 -9.8899E-08 -6.0860E-09  2.5026E-01 -4.2453E-11 -3.5868E-11  2.5026E-01
  3.5750E+00  4.0032E-08 -6.7012E-09  2.5026E-01 -3.3581E-11 -2.4683E-11  2.5026E-01
  3.5870E+00 -1.4088E-07 -9.8790E-09  2.5026E-01  5.4205E-11  6.1836E-11  2.5026E-01
  3.5993E+00 -6.0262E-08 -6.4121E-09  2.5026E-01  2.8934E-12  1.4944E-11  2.5026E-01
  3.6113E+00  3.4836E-08 -8.8825E-09  2.4948E-01 -8.4501E-11 -7.6297E-11  2.4948E-01
  3.6233E+00 -1.5260E-07 -7.2864E-09  2.4948E-01 -1.5943E-12  8.3569E-12  2.4948E-01
  3.6352E+00 -2.7793E-08 -6.5288E-09  2.4948E-01 -1.0877E-11 -1.2891E-12  2.4948E-01
  3.6472E+00 -3.2128E-09 -1.1372E-08  2.4948E-01 -8.5162E-11 -7.7075E-11  2.4948E-01
  3.6592E+00 -1.3478E-07 -6.3836E-09  2.4948E-01 -3.3113E-11 -2.7590E-11  2.4948E-01
  3.6712E+00  1.2310E-09 -6.4882E-09  2.4948E-01 -1.1634E-11 -2.4897E-12  2.4948E-01
  3.6832E+00 -6.2141E-08 -1.2355E-08  2.4948E-01 -2.3991E-11 -1.5843E-11  2.4948E-01
  3.6952E+00 -1.0570E-07 -6.4720E-09  2.4948E-01 -3.7754E-11 -3.6222E-11  2.4948E-01
  3.7072E+00  2.3258E-08 -6.7819E-09  2.4948E-01 -2.4501E-11 -1.8621E-11  2.4948E-01
  3.7191E+00 -1.1471E-07 -1.0937E-08  2.4948E-01  1.8556E-11  2.9493E-11  2.4948E-01
  3.7311E+00 -7.4784E-08 -6.8161E-09  2.4948E-01 -2.7995E-11 -2.5586E-11  2.4948E-01
  3.7431E+00  3.0051E-08 -7.9834E-09  2.4948E-01 -5.4780E-11 -5.4782E-11  2.4948E-01
  3.7551E+00 -1.3907E-07 -8.6152E-09  2.4948E-01 -2.8678E-12  7.1560E-12  2.4948E-01
  3.7671E+00 -4.5317E-08 -7.0065E-09  2.4949E-01 -9.4842E-12 -2.1704E-12  2.4949E-01
  3.7791E+00  1.2077E-08 -1.0108E-08  2.4949E-01 -7.5696E-11 -7.8811E-11  2.4949E-01
  3.7911E+00 -1.3416E-07 -7.1587E-09  2.4949E-01 -2.6443E-11 -2.2998E-11  2.4949E-01
  3.8031E+00 -1.8330E-08 -6.9883E-09  2.4949E-01 -1.5290E-11 -9.3142E-12  2.4949E-01
  3.8150E+00 -3.1627E-08 -1.1917E-08  2.4949E-01 -5.2084E-11 -5.1773E-11  2.4949E-01
  3.8270E+00 -1.1268E-07 -6.8582E-09  2.4949E-01 -2.6326E-11 -2.5453E-11  2.4949E-01
  3.8390E+00  4.8139E-09 -7.0300E-09  2.4949E-01 -1.6769E-11 -1.1764E-11  2.4949E-01
  3.8510E+00 -8.4121E-08 -1.1769E-08  2.4949E-01 -7.8336E-12  1.8417E-13  2.4949E-01
  3.8633E+00 -8.3055E-08 -7.1236E-09  2.4949E-01 -1.5936E-11 -1.2373E-11  2.4949E-01
  3.8753E+00  2.0114E-08 -7.7084E-09  2.4949E-01 -3.1122E-11 -3.1851E-11  2.4949E-01
  3.8873E+00 -1.2259E-07 -9.6685E-09  2.4949E-01 -8.9330E-12 -8.5222E-13  2.4949E-01
  3.8993E+00 -5.6628E-08 -7.3309E-09  2.4949E-01 -1.0817E-11 -4.6842E-12  2.4949E-01
  3.9112E+00  1.4500E-08 -9.2985E-09  2.4949E-01 -4.8598E-11 -5.5354E-11  2.4949E-01
  3.9232E+00 -1.2815E-07 -7.9596E-09  2.4949E-01 -2.2296E-11 -2.0041E-11  2.4949E-01
  3.9352E+00 -3.1836E-08 -7.4226E-09  2.4949E-01 -1.0246E-11 -4.4926E-12  2.4949E-01
  3.9472E+00 -1.5452E-08 -1.1201E-08  2.4949E-01 -4.9211E-11 -5.5956E-11  2.4949E-01
  3.9592E+00 -1.1416E-07 -7.3045E-09  2.4949E-01 -1.5864E-11 -1.3142E-11  2.4949E-01
  3.9712E+00 -9.5878E-09 -7.3918E-09  2.4949E-01 -1.0076E-11 -4.4685E-12  2.4949E-01
  3.9832E+00 -6.1050E-08 -1.1898E-08  2.4949E-01 -2.6374E-11 -2.5881E-11  2.4949E-01
  3.9952E+00 -9.1768E-08 -7.3907E-09  2.4949E-01 -1.3239E-12  5.8453E-12  2.4949E-01
  4.0072E+00  7.1957E-09 -7.6396E-09  2.4997E-01 -1.1177E-11 -6.8567E-12  2.4997E-01
  4.0191E+00 -1.0105E-07 -1.0755E-08  2.4997E-01 -1.3547E-11 -8.6179E-12  2.4997E-01
  4.0311E+00 -6.8012E-08 -7.6567E-09  2.4997E-01  7.4193E-12  1.7043E-11  2.4997E-01
  4.0431E+00  1.1927E-08 -8.6052E-09  2.4997E-01 -1.7699E-11 -1.7104E-11  2.4997E-01
  4.0551E+00 -1.1899E-07 -8.9728E-09  2.4997E-01 -1.5413E-11 -1.2049E-11  2.4997E-01
  4.0671E+00 -4.5297E-08 -7.8088E-09  2.4997E-01  1.6702E-11  2.8643E-11  2.4997E-01
  4.0791E+00 -2.8220E-09 -1.0274E-08  2.4997E-01 -2.4863E-11 -2.7780E-11  2.4997E-01
  4.0911E+00 -1.1457E-07 -7.8894E-09  2.4998E-01 -4.8290E-12  8.6764E-13  2.4998E-01
  4.1031E+00 -2.4411E-08 -7.7760E-09  2.4998E-01  5.1366E-12  1.3793E-11  2.4998E-01
  4.1150E+00 -3.7402E-08 -1.1643E-08  2.4999E-01 -1.6603E-11 -1.6026E-11  2.4999E-01
  4.1270E+00 -9.7699E-08 -7.6882E-09  2.5002E-01  1.5583E-11  2.6351E-11  2.5002E-01
  4.1390E+00 -6.5251E-09 -7.8201E-09  2.5018E-01  9.4202E-12  1.9128E-11  2.5018E-01
  4.1510E+00 -7.8107E-08 -1.1462E-08  2.5087E-01 -9.6036E-13  6.5328E-12  2.5087E-01
  4.1630E+00 -7.7021E-08 -7.8954E-09  2.5332E-01  4.4852E-11  6.1311E-11  2.5332E-01
  4.1753E+00  4.8806E-09 -8.4064E-09  2.5875E-01  4.0714E-11  5.9864E-11  2.5875E-01
  4.1873E+00 -1.0741E-07 -9.8337E-09  2.6256E-01  3.3333E-11  5.2688E-11  2.6256E-01
  4.1993E+00 -5.4698E-08 -8.0869E-09  2.5902E-01  4.9418E-11  6.5299E-11  2.5902E-01
  4.2113E+00 -9.2711E-10 -9.6996E-09  2.5367E-01  2.8068E-11  4.2679E-11  2.5367E-01
  4.2232E+00 -1.1162E-07 -8.5505E-09  2.5110E-01  1.8045E-11  2.9757E-11  2.5110E-01
  4.2352E+00 -3.5905E-08 -8.1765E-09  2.5029E-01  3.1941E-11  4.3535E-11  2.5029E-01
  4.2472E+00 -2.5483E-08 -1.1207E-08  2.5006E-01  5.8995E-12  1.2910E-11  2.5006E-01
  4.2592E+00 -1.0045E-07 -8.1171E-09  2.5000E-01  3.0766E-11  4.2942E-11  2.5000E-01
  4.2712E+00 -1.8682E-08 -8.1988E-09  2.4999E-01  2.5512E-11  3.5933E-11  2.4999E-01
  4.2832E+00 -6.1455E-08 -1.1734E-08  2.4998E-01  1.6565E-12  8.0376E-12  2.4998E-01
  4.2952E+00 -8.2882E-08 -8.2510E-09  2.4998E-01  4.6384E-11  5.8671E-11  2.4998E-01
  4.3072E+00 -5.8265E-09 -8.4631E-09  2.4999E-01  2.7058E-11  3.8104E-11  2.4999E-01
  4.3192E+00 -9.2118E-08 -1.0834E-08  2.4999E-01  1.4155E-12  8.1329E-12  2.4999E-01
  4.3312E+00 -6.4323E-08 -8.5059E-09  2.5000E-01  5.0706E-11  6.1467E-11  2.5000E-01
  4.3431E+00 -2.7264E-09 -9.3051E-09  2.5003E-01  3.0532E-11  4.2663E-11  2.5003E-01
  4.3551E+00 -1.0511E-07 -9.4995E-09  2.5011E-01  1.1032E-11  1.9277E-11  2.5011E-01
  4.3671E+00 -4.6530E-08 -8.6675E-09  2.5036E-01  4.5090E-11  5.4188E-11  2.5036E-01
  4.3791E+00 -1.5014E-08 -1.0666E-08  2.5118E-01  2.1611E-11  3.1485E-11  2.5118E-01
  4.3911E+00 -1.0066E-07 -8.7249E-09  2.5352E-01  2.0420E-11  2.8394E-11  2.5352E-01
  4.4031E+00 -2.9861E-08 -8.6524E-09  2.5745E-01  2.0739E-11  2.7017E-11  2.5745E-01
  4.4151E+00 -4.2156E-08 -1.1707E-08  2.5873E-01 -4.2615E-12 -1.4433E-12  2.5873E-01
  4.4271E+00 -8.6700E-08 -8.6195E-09  2.5522E-01  3.9173E-11  4.7411E-11  2.5522E-01
  4.4391E+00 -1.5764E-08 -8.7252E-09  2.5182E-01  3.4983E-11  4.3476E-11  2.5182E-01
  4.4510E+00 -7.3530E-08 -1.1521E-08  2.5047E-01  1.2401E-11  2.0574E-11  2.5047E-01
  4.4630E+00 -7.0464E-08 -8.8051E-09  2.5011E-01  7.0879E-11  7.9560E-11  2.5011E-01
  4.4750E+00 -7.7441E-09 -9.1425E-09  2.5002E-01  5.1979E-11  6.4075E-11  2.5002E-01
  4.4870E+00 -9.3756E-08 -1.0372E-08  2.5000E-01  2.4422E-11  3.4356E-11  2.5000E-01
  4.4990E+00 -5.4508E-08 -8.9444E-09  2.5000E-01  6.5895E-11  7.2734E-11  2.5000E-01
  4.5113E+00 -1.2101E-08 -1.0253E-08  2.5000E-01  5.6469E-11  7.1196E-11  2.5000E-01
  4.5233E+00 -9.7032E-08 -9.2705E-09  2.5000E-01  4.9667E-11  6.0617E-11  2.5000E-01
  4.5353E+00 -3.7829E-08 -9.0023E-09  2.5000E-01  6.9834E-11  7.6473E-11  2.5000E-01
  4.5473E+00 -3.1705E-08 -1.1398E-08  2.5000E-01  5.0895E-11  6.5564E-11  2.5000E-01
  4.5593E+00 -8.7812E-08 -8.9504E-09  2.5000E-01  7.4249E-11  8.3505E-11  2.5000E-01
  4.5712E+00 -2.4506E-08 -9.0000E-09  2.5000E-01  6.8173E-11  7.5606E-11  2.5000E-01
  4.5832E+00 -5.9707E-08 -1.1719E-08  2.5000E-01  4.1173E-11  5.3876E-11  2.5000E-01
  4.5952E+00 -7.4095E-08 -9.0421E-09  2.5000E-01  9.0234E-11  9.6493E-11  2.5000E-01
  4.6072E+00 -1.4806E-08 -9.1990E-09  2.4967E-01  7.0077E-11  7.9478E-11  2.4967E-01
  4.6192E+00 -8.2846E-08 -1.0953E-08  2.4967E-01  3.8107E-11  4.8875E-11  2.4967E-01
  4.6312E+00 -5.9784E-08 -9.2120E-09  2.4967E-01  9.3773E-11  9.7691E-11  2.4967E-01
  4.6432E+00 -1.2971E-08 -9.8584E-09  2.4967E-01  7.5657E-11  8.8097E-11  2.4967E-01
  4.6552E+00 -9.2115E-08 -9.9118E-09  2.4967E-01  5.4663E-11  6.4773E-11  2.4967E-01
  4.6672E+00 -4.6148E-08 -9.3067E-09  2.4968E-01  9.0255E-11  9.3284E-11  2.4968E-01
  4.6792E+00 -2.3341E-08 -1.0909E-08  2.4968E-01  7.5319E-11  8.9978E-11  2.4968E-01
  4.6911E+00 -8.8365E-08 -9.3406E-09  2.4968E-01  8.1019E-11  8.9026E-11  2.4968E-01
  4.7031E+00 -3.3615E-08 -9.2912E-09  2.4968E-01  8.7826E-11  9.1418E-11  2.4968E-01
  4.7151E+00 -4.5230E-08 -1.1675E-08  2.4968E-01  6.3938E-11  7.7836E-11  2.4968E-01
  4.7271E+00 -7.7781E-08 -9.2764E-09  2.4968E-01  1.0106E-10  1.0543E-10  2.4968E-01
  4.7391E+00 -2.3074E-08 -9.3453E-09  2.4968E-01  8.6196E-11  9.1583E-11  2.4968E-01
  4.7511E+00 -6.9433E-08 -1.1465E-08  2.4968E-01  5.2506E-11  6.3732E-11  2.4968E-01
  4.7631E+00 -6.5271E-08 -9.4164E-09  2.4968E-01  1.1051E-10  1.1169E-10  2.4968E-01
  4.7751E+00 -1.7192E-08 -9.6923E-09  2.4968E-01  9.0021E-11  9.8343E-11  2.4968E-01
  4.7871E+00 -8.4392E-08 -1.0569E-08  2.4968E-01  6.1191E-11  7.0918E-11  2.4968E-01
  4.7991E+00 -5.2959E-08 -9.5160E-09  2.4968E-01  1.0214E-10  1.0207E-10  2.4968E-01
  4.8110E+00 -2.0251E-08 -1.0480E-08  2.4969E-01  9.3620E-11  1.0547E-10  2.4969E-01
  4.8230E+00 -8.6544E-08 -9.8139E-09  2.4969E-01  8.5324E-11  9.2819E-11  2.4969E-01
  4.8350E+00 -4.1376E-08 -9.5739E-09  2.4969E-01  1.0823E-10  1.0815E-10  2.4969E-01
  4.8470E+00 -3.4805E-08 -1.1388E-08  2.4969E-01  8.7479E-11  1.0102E-10  2.4969E-01
  4.8590E+00 -7.9811E-08 -9.5500E-09  2.4969E-01  1.0945E-10  1.1297E-10  2.4969E-01
  4.8710E+00 -3.0955E-08 -9.5746E-09  2.4969E-01  1.0535E-10  1.0683E-10  2.4969E-01
  4.8833E+00 -5.8794E-08 -1.1669E-08  2.4969E-01  7.4289E-11  8.6404E-11  2.4969E-01
  4.8953E+00 -6.8160E-08 -9.6253E-09  2.4969E-01  1.2496E-10  1.2424E-10  2.4969E-01
  4.9073E+00 -2.2512E-08 -9.7489E-09  2.4969E-01  1.0495E-10  1.0965E-10  2.4969E-01
  4.9193E+00 -7.6210E-08 -1.1050E-08  2.4969E-01  7.2079E-11  8.1789E-11  2.4969E-01
  4.9313E+00 -5.7114E-08 -9.7593E-09  2.4970E-01  1.2817E-10  1.2536E-10  2.4970E-01
  4.9432E+00 -2.1532E-08 -1.0293E-08  2.4970E-01  1.0790E-10  1.1647E-10  2.4970E-01
  4.9552E+00 -8.2731E-08 -1.0264E-08  2.4970E-01  9.0449E-11  9.7657E-11  2.4970E-01
  4.9672E+00 -4.6592E-08 -9.8312E-09  2.4970E-01  1.2623E-10  1.2319E-10  2.4970E-01
  4.9792E+00 -3.0166E-08 -1.1123E-08  2.4970E-01  1.0556E-10  1.1738E-10  2.4970E-01
  4.9912E+00 -7.9415E-08 -9.8590E-09  2.4970E-01  1.1610E-10  1.1936E-10  2.4970E-01
  5.0032E+00 -3.6909E-08 -9.8251E-09  2.5005E-01  1.2421E-10  1.2253E-10  2.5005E-01
  5.0152E+00 -4.7493E-08 -1.1688E-08  2.5005E-01  9.3508E-11  1.0573E-10  2.5005E-01
  5.0272E+00 -7.1087E-08 -9.8326E-09  2.5006E-01  1.3547E-10  1.3439E-10  2.5006E-01
  5.0392E+00 -2.8844E-08 -9.8810E-09  2.5006E-01  1.2142E-10  1.2256E-10  2.5006E-01
  5.0512E+00 -6.6039E-08 -1.1489E-08  2.5006E-01  8.5680E-11  9.6098E-11  2.5006E-01
  5.0631E+00 -6.1408E-08 -9.9501E-09  2.5006E-01  1.4409E-10  1.3995E-10  2.5006E-01
  5.0751E+00 -2.4566E-08 -1.0178E-08  2.5006E-01  1.2237E-10  1.2741E-10  2.5006E-01
  5.0871E+00 -7.7040E-08 -1.0797E-08  2.5006E-01  9.5948E-11  1.0401E-10  2.5006E-01
  5.0991E+00 -5.1903E-08 -1.0027E-08  2.5006E-01  1.3960E-10  1.3467E-10  2.5006E-01
  5.1111E+00 -2.7430E-08 -1.0817E-08  2.5006E-01  1.2232E-10  1.3170E-10  2.5006E-01
  5.1231E+00 -7.8193E-08 -1.0244E-08  2.5007E-01  1.2025E-10  1.2477E-10  2.5007E-01
  5.1351E+00 -4.2974E-08 -1.0077E-08  2.5011E-01  1.4425E-10  1.3997E-10  2.5011E-01
  5.1471E+00 -3.9199E-08 -1.1522E-08  2.5028E-01  1.1880E-10  1.3122E-10  2.5028E-01
  5.1591E+00 -7.2752E-08 -1.0076E-08  2.5096E-01  1.5085E-10  1.5076E-10  2.5095E-01
  5.1711E+00 -3.4997E-08 -1.0098E-08  2.5277E-01  1.5468E-10  1.5272E-10  2.5277E-01
  5.1831E+00 -5.6078E-08 -1.1741E-08  2.5496E-01  1.2650E-10  1.4056E-10  2.5496E-01
  5.1950E+00 -6.4877E-08 -1.0160E-08  2.5456E-01  1.7670E-10  1.7232E-10  2.5456E-01
  5.2070E+00 -2.9526E-08 -1.0241E-08  2.5224E-01  1.5137E-10  1.5373E-10  2.5224E-01
  5.2190E+00 -7.0278E-08 -1.1302E-08  2.5078E-01  1.1219E-10  1.2248E-10  2.5078E-01
  5.2310E+00 -5.6709E-08 -1.0277E-08  2.5027E-01  1.6505E-10  1.5919E-10  2.5027E-01
  5.2430E+00 -2.8648E-08 -1.0668E-08  2.5013E-01  1.3887E-10  1.4598E-10  2.5013E-01
  5.2553E+00 -7.6044E-08 -1.0662E-08  2.5009E-01  1.2551E-10  1.3170E-10  2.5009E-01
  5.2673E+00 -4.7753E-08 -1.0365E-08  2.5009E-01  1.6090E-10  1.5543E-10  2.5009E-01
  5.2793E+00 -3.6088E-08 -1.1413E-08  2.5008E-01  1.3191E-10  1.4353E-10  2.5008E-01
  5.2913E+00 -7.3161E-08 -1.0411E-08  2.5009E-01  1.4988E-10  1.5169E-10  2.5009E-01
  5.3033E+00 -4.0327E-08 -1.0397E-08  2.5009E-01  1.5802E-10  1.5479E-10  2.5009E-01
  5.3153E+00 -4.9730E-08 -1.1854E-08  2.5009E-01  1.1986E-10  1.3258E-10  2.5009E-01
  5.3272E+00 -6.6611E-08 -1.0441E-08  2.5010E-01  1.6722E-10  1.6488E-10  2.5010E-01
  5.3392E+00 -3.4214E-08 -1.0484E-08  2.5011E-01  1.5384E-10  1.5453E-10  2.5011E-01
  5.3512E+00 -6.3766E-08 -1.1703E-08  2.5013E-01  1.1562E-10  1.2706E-10  2.5013E-01
  5.3632E+00 -5.9107E-08 -1.0567E-08  2.5021E-01  1.7409E-10  1.6919E-10  2.5021E-01
  5.3752E+00 -3.1120E-08 -1.0762E-08  2.5044E-01  1.4690E-10  1.5247E-10  2.5044E-01
  5.3872E+00 -7.1540E-08 -1.1193E-08  2.5113E-01  1.1962E-10  1.2804E-10  2.5113E-01
  5.3992E+00 -5.1600E-08 -1.0643E-08  2.5258E-01  1.6324E-10  1.5824E-10  2.5258E-01
  5.4112E+00 -3.3453E-08 -1.1282E-08  2.5368E-01  1.2923E-10  1.3877E-10  2.5368E-01
  5.4232E+00 -7.1649E-08 -1.0809E-08  2.5273E-01  1.3630E-10  1.4113E-10  2.5273E-01
  5.4352E+00 -4.4575E-08 -1.0702E-08  2.5117E-01  1.6588E-10  1.6241E-10  2.5117E-01
  5.4471E+00 -4.2717E-08 -1.1836E-08  2.5041E-01  1.3273E-10  1.4633E-10  2.5041E-01
  5.4591E+00 -6.7213E-08 -1.0719E-08  2.5018E-01  1.6977E-10  1.7092E-10  2.5018E-01
  5.4711E+00 -3.8532E-08 -1.0732E-08  2.5013E-01  1.6937E-10  1.6923E-10  2.5013E-01
  5.4831E+00 -5.5503E-08 -1.1971E-08  2.5012E-01  1.2852E-10  1.4272E-10  2.5012E-01
  5.4951E+00 -6.0976E-08 -1.0792E-08  2.5012E-01  1.8422E-10  1.8220E-10  2.5012E-01
  5.5071E+00 -3.4274E-08 -1.0860E-08  2.5012E-01  1.6451E-10  1.6938E-10  2.5012E-01
  5.5191E+00 -6.5582E-08 -1.1628E-08  2.5012E-01  1.3138E-10  1.4388E-10  2.5012E-01
  5.5311E+00 -5.4548E-08 -1.0890E-08  2.5012E-01  1.8881E-10  1.8558E-10  2.5012E-01
  5.5431E+00 -3.3776E-08 -1.1203E-08  2.5013E-01  1.5813E-10  1.6869E-10  2.5013E-01
  5.5551E+00 -6.9259E-08 -1.1198E-08  2.5013E-01  1.4890E-10  1.5864E-10  2.5013E-01
  5.5671E+00 -4.8446E-08 -1.0950E-08  2.5013E-01  1.8739E-10  1.8505E-10  2.5013E-01
  5.5790E+00 -3.8891E-08 -1.1709E-08  2.5013E-01  1.4850E-10  1.6356E-10  2.5013E-01
  5.5910E+00 -6.7276E-08 -1.0991E-08  2.5014E-01  1.7034E-10  1.7640E-10  2.5014E-01
  5.6030E+00 -4.2851E-08 -1.0967E-08  2.4992E-01  1.8206E-10  1.8264E-10  2.4992E-01
  5.6150E+00 -4.8957E-08 -1.2051E-08  2.4992E-01  1.3569E-10  1.5223E-10  2.4992E-01
  5.6270E+00 -6.2467E-08 -1.1000E-08  2.4993E-01  1.8553E-10  1.8820E-10  2.4992E-01
  5.6390E+00 -3.8227E-08 -1.1022E-08  2.4993E-01  1.7441E-10  1.7961E-10  2.4993E-01
  5.6513E+00 -6.0577E-08 -1.1914E-08  2.4993E-01  1.3321E-10  1.4892E-10  2.4993E-01
  5.6633E+00 -5.6322E-08 -1.1094E-08  2.4993E-01  1.9389E-10  1.9441E-10  2.4993E-01
  5.6753E+00 -3.5730E-08 -1.1248E-08  2.4994E-01  1.6510E-10  1.7645E-10  2.4994E-01
  5.6873E+00 -6.6109E-08 -1.1534E-08  2.4994E-01  1.4525E-10  1.5913E-10  2.4994E-01
  5.6993E+00 -5.0915E-08 -1.1158E-08  2.4994E-01  1.9704E-10  1.9788E-10  2.4994E-01
  5.7112E+00 -3.8033E-08 -1.1657E-08  2.4994E-01  1.5462E-10  1.7106E-10  2.4994E-01
  5.7232E+00 -6.6122E-08 -1.1272E-08  2.4995E-01  1.6579E-10  1.7701E-10  2.4995E-01
  5.7352E+00 -4.5893E-08 -1.1199E-08  2.4995E-01  1.9052E-10  1.9380E-10  2.4995E-01
  5.7472E+00 -4.5313E-08 -1.2063E-08  2.4995E-01  1.4235E-10  1.6149E-10  2.4995E-01
  5.7592E+00 -6.2723E-08 -1.1222E-08  2.4996E-01  1.8399E-10  1.9215E-10  2.4996E-01
  5.7712E+00 -4.1458E-08 -1.1230E-08  2.4996E-01  1.8253E-10  1.8990E-10  2.4996E-01
  5.7832E+00 -5.4822E-08 -1.2145E-08  2.4996E-01  1.3408E-10  1.5328E-10  2.4996E-01
  5.7952E+00 -5.8069E-08 -1.1291E-08  2.4997E-01  1.9434E-10  2.0038E-10  2.4996E-01
  5.8072E+00 -3.8419E-08 -1.1345E-08  2.4997E-01  1.7189E-10  1.8452E-10  2.4997E-01
  5.8192E+00 -6.2020E-08 -1.1891E-08  2.4997E-01  1.3839E-10  1.5659E-10  2.4997E-01
  5.8312E+00 -5.3322E-08 -1.1374E-08  2.4998E-01  1.9766E-10  2.0336E-10  2.4997E-01
  5.8431E+00 -3.8289E-08 -1.1625E-08  2.4998E-01  1.5913E-10  1.7697E-10  2.4998E-01
  5.8551E+00 -6.4414E-08 -1.1593E-08  2.4998E-01  1.5524E-10  1.7197E-10  2.4998E-01
  5.8671E+00 -4.8831E-08 -1.1429E-08  2.4999E-01  1.9536E-10  2.0259E-10  2.4999E-01
  5.8791E+00 -4.2363E-08 -1.2015E-08  2.4999E-01  1.4462E-10  1.6579E-10  2.4999E-01
  5.8911E+00 -6.2753E-08 -1.1468E-08  2.4999E-01  1.7494E-10  1.8962E-10  2.4999E-01
  5.9031E+00 -4.4728E-08 -1.1455E-08  2.5000E-01  1.8844E-10  1.9902E-10  2.5000E-01
  5.9151E+00 -4.9934E-08 -1.2262E-08  2.5000E-01  1.3151E-10  1.5337E-10  2.5000E-01
  5.9271E+00 -5.9145E-08 -1.1496E-08  2.5000E-01  1.8896E-10  2.0171E-10  2.5000E-01
  5.9391E+00 -4.1391E-08 -1.1513E-08  2.5001E-01  1.7686E-10  1.9201E-10  2.5001E-01
  5.9511E+00 -5.7605E-08 -1.2185E-08  2.5001E-01  1.2982E-10  1.5139E-10  2.5001E-01
  5.9631E+00 -5.5073E-08 -1.1576E-08  2.5002E-01  1.9578E-10  2.0767E-10  2.5002E-01
  5.9751E+00 -3.9786E-08 -1.1682E-08  2.5002E-01  1.6215E-10  1.8197E-10  2.5002E-01
  5.9870E+00 -6.1838E-08 -1.1924E-08  2.5002E-01  1.4101E-10  1.6222E-10  2.5002E-01
  5.9990E+00 -5.1115E-08 -1.1637E-08  2.5003E-01  1.9592E-10  2.0860E-10  2.5003E-01
  6.0110E+00 -4.1298E-08 -1.1991E-08  2.5017E-01  1.4472E-10  1.6778E-10  2.5017E-01
  6.0230E+00 -6.2006E-08 -1.1741E-08  2.5018E-01  1.5965E-10  1.8020E-10  2.5018E-01
  6.0350E+00 -4.7438E-08 -1.1684E-08  2.5018E-01  1.8974E-10  2.0487E-10  2.5018E-01
  6.0473E+00 -4.7197E-08 -1.2330E-08  2.5018E-01  1.2683E-10  1.5067E-10  2.5018E-01
  6.0593E+00 -5.9292E-08 -1.1713E-08  2.5019E-01  1.7830E-10  1.9745E-10  2.5019E-01
  6.0713E+00 -4.3832E-08 -1.1721E-08  2.5019E-01  1.7690E-10  1.9581E-10  2.5019E-01
  6.0833E+00 -5.4111E-08 -1.2384E-08  2.5020E-01  1.1835E-10  1.4156E-10  2.5020E-01
  6.0953E+00 -5.5885E-08 -1.1781E-08  2.5020E-01  1.8737E-10  2.0581E-10  2.5020E-01
  6.1073E+00 -4.1721E-08 -1.1827E-08  2.5021E-01  1.6026E-10  1.8286E-10  2.5021E-01
  6.1192E+00 -5.9124E-08 -1.2207E-08  2.5021E-01  1.2444E-10  1.4789E-10  2.5021E-01
  6.1312E+00 -5.2447E-08 -1.1857E-08  2.5022E-01  1.8993E-10  2.0888E-10  2.5022E-01
  6.1432E+00 -4.1814E-08 -1.2056E-08  2.5024E-01  1.4065E-10  1.6563E-10  2.5024E-01
  6.1552E+00 -6.0617E-08 -1.2015E-08  2.5029E-01  1.4307E-10  1.6767E-10  2.5029E-01
  6.1672E+00 -4.9219E-08 -1.1913E-08  2.5048E-01  1.8946E-10  2.1056E-10  2.5048E-01
  6.1792E+00 -4.5002E-08 -1.2360E-08  2.5079E-01  1.2543E-10  1.5155E-10  2.5079E-01
  6.1912E+00 -5.9329E-08 -1.1958E-08  2.5088E-01  1.6637E-10  1.9219E-10  2.5088E-01
  6.2032E+00 -4.6371E-08 -1.1953E-08  2.5062E-01  1.7953E-10  2.0336E-10  2.5062E-01
  6.2152E+00 -5.0666E-08 -1.2541E-08  2.5039E-01  1.0578E-10  1.2922E-10  2.5039E-01
  6.2272E+00 -5.6780E-08 -1.2000E-08  2.5030E-01  1.7303E-10  1.9775E-10  2.5030E-01
  6.2392E+00 -4.4096E-08 -1.2017E-08  2.5028E-01  1.5722E-10  1.8263E-10  2.5028E-01
  6.2511E+00 -5.6107E-08 -1.2494E-08  2.5028E-01  1.0124E-10  1.2360E-10  2.5028E-01
  6.2631E+00 -5.3877E-08 -1.2082E-08  2.5029E-01  1.7716E-10  2.0191E-10  2.5029E-01
  6.2751E+00 -4.3084E-08 -1.2171E-08  2.5029E-01  1.3346E-10  1.5935E-10  2.5029E-01
  6.2871E+00 -5.8922E-08 -1.2332E-08  2.5030E-01  1.1244E-10  1.3627E-10  2.5030E-01
  6.2991E+00 -5.1057E-08 -1.2151E-08  2.5031E-01  1.7627E-10  2.0212E-10  2.5031E-01
  6.3111E+00 -4.4353E-08 -1.2423E-08  2.5031E-01  1.0691E-10  1.3052E-10  2.5031E-01
  6.3231E+00 -5.8859E-08 -1.2237E-08  2.5032E-01  1.3018E-10  1.5610E-10  2.5032E-01
  6.3351E+00 -4.8453E-08 -1.2208E-08  2.5033E-01  1.6471E-10  1.9150E-10  2.5033E-01
  6.3471E+00 -4.8171E-08 -1.2668E-08  2.5034E-01  8.3270E-11  1.0258E-10  2.5034E-01
  6.3591E+00 -5.7059E-08 -1.2251E-08  2.5036E-01  1.4537E-10  1.7262E-10  2.5035E-01
  6.3711E+00 -4.6162E-08 -1.2261E-08  2.5038E-01  1.4616E-10  1.7326E-10  2.5038E-01
  6.3830E+00 -5.3012E-08 -1.2741E-08  2.5045E-01  6.9504E-11  8.5360E-11  2.5045E-01
  6.3950E+00 -5.4610E-08 -1.2321E-08  2.5061E-01  1.5036E-10  1.7763E-10  2.5061E-01
  6.4070E+00 -4.4567E-08 -1.2355E-08  2.5079E-01  1.1631E-10  1.4064E-10  2.5079E-01
  6.4190E+00 -5.6519E-08 -1.2643E-08  2.5076E-01  7.0034E-11  8.5639E-11  2.5076E-01
  6.4310E+00 -5.2124E-08 -1.2399E-08  2.5058E-01  1.5063E-10  1.7835E-10  2.5057E-01
  6.4430E+00 -4.4516E-08 -1.2537E-08  2.5046E-01  8.7872E-11  1.0779E-10  2.5046E-01
  6.4553E+00 -5.7637E-08 -1.2519E-08  2.5042E-01  9.2008E-11  1.1276E-10  2.5042E-01
  6.4673E+00 -4.9607E-08 -1.2460E-08  2.5042E-01  1.4423E-10  1.7237E-10  2.5042E-01
  6.4793E+00 -4.6976E-08 -1.2787E-08  2.5043E-01  5.5223E-11  6.6879E-11  2.5043E-01
  6.4913E+00 -5.6586E-08 -1.2505E-08  2.5044E-01  1.0871E-10  1.3269E-10  2.5044E-01
  6.5033E+00 -4.7584E-08 -1.2509E-08  2.5045E-01  1.2565E-10  1.5213E-10  2.5045E-01
  6.5153E+00 -5.0876E-08 -1.2924E-08  2.5046E-01  3.3320E-11  3.8039E-11  2.5046E-01
  6.5272E+00 -5.4707E-08 -1.2561E-08  2.5047E-01  1.1837E-10  1.4396E-10  2.5047E-01
  6.5392E+00 -4.6015E-08 -1.2578E-08  2.5048E-01  9.7043E-11  1.1874E-10  2.5048E-01
  6.5512E+00 -5.4495E-08 -1.2902E-08  2.5049E-01  2.8403E-11  3.1264E-11  2.5049E-01
  6.5632E+00 -5.2683E-08 -1.2637E-08  2.5050E-01  1.1973E-10  1.4556E-10  2.5050E-01
  6.5752E+00 -4.5407E-08 -1.2708E-08  2.5051E-01  6.0523E-11  7.3101E-11  2.5051E-01
  6.5872E+00 -5.6244E-08 -1.2811E-08  2.5052E-01  3.7724E-11  4.3341E-11  2.5052E-01
  6.5992E+00 -5.0753E-08 -1.2705E-08  2.5054E-01  1.1260E-10  1.3731E-10  2.5054E-01
  6.6112E+00 -4.6403E-08 -1.2903E-08  2.5048E-01  2.0345E-11  1.9905E-11  2.5048E-01
  6.6232E+00 -5.6066E-08 -1.2772E-08  2.5049E-01  5.2593E-11  6.2536E-11  2.5049E-01
  6.6352E+00 -4.8994E-08 -1.2761E-08  2.5050E-01  9.2631E-11  1.1309E-10  2.5050E-01
  6.6472E+00 -4.9088E-08 -1.3085E-08  2.5052E-01 -1.3458E-11 -2.6612E-11  2.5052E-01
  6.6591E+00 -5.4785E-08 -1.2807E-08  2.5053E-01  6.4713E-11  7.7936E-11  2.5053E-01
  6.6711E+00 -4.7479E-08 -1.2820E-08  2.5054E-01  6.3297E-11  7.6053E-11  2.5054E-01
  6.6831E+00 -5.2341E-08 -1.3146E-08  2.5056E-01 -3.1652E-11 -5.2237E-11  2.5056E-01
  6.6951E+00 -5.3147E-08 -1.2880E-08  2.5057E-01  6.8226E-11  8.2201E-11  2.5057E-01
  6.7071E+00 -4.6509E-08 -1.2912E-08  2.5059E-01  2.3175E-11  2.2934E-11  2.5059E-01
  6.7191E+00 -5.4613E-08 -1.3102E-08  2.5060E-01 -3.1992E-11 -5.3059E-11  2.5060E-01
  6.7311E+00 -5.1523E-08 -1.2956E-08  2.5062E-01  6.1416E-11  7.3213E-11  2.5062E-01
  6.7431E+00 -4.6592E-08 -1.3061E-08  2.5063E-01 -2.4201E-11 -4.2471E-11  2.5063E-01
  6.7551E+00 -5.5216E-08 -1.3056E-08  2.5065E-01 -2.0970E-11 -3.8045E-11  2.5065E-01
  6.7671E+00 -5.0015E-08 -1.3022E-08  2.5067E-01  4.3809E-11  4.9947E-11  2.5067E-01
  6.7791E+00 -4.8082E-08 -1.3240E-08  2.5068E-01 -6.9655E-11 -1.0698E-10  2.5068E-01
  6.7911E+00 -5.4533E-08 -1.3072E-08  2.5070E-01 -8.6874E-12 -2.1380E-11  2.5070E-01
  6.8030E+00 -4.8668E-08 -1.3082E-08  2.5072E-01  1.4046E-11  9.7218E-12  2.5072E-01
  6.8150E+00 -5.0596E-08 -1.3361E-08  2.5074E-01 -1.0233E-10 -1.5404E-10  2.5074E-01
  6.8270E+00 -5.3290E-08 -1.3136E-08  2.5076E-01 -3.2351E-12 -1.4219E-11  2.5076E-01
  6.8390E+00 -4.7617E-08 -1.3155E-08  2.5077E-01 -2.8343E-11 -4.9223E-11  2.5077E-01
  6.8510E+00 -5.2952E-08 -1.3380E-08  2.5079E-01 -1.1543E-10 -1.7331E-10  2.5079E-01
  6.8633E+00 -5.1812E-08 -1.3217E-08  2.5082E-01 -6.8576E-12 -1.9586E-11  2.5082E-01
  6.8753E+00 -4.7170E-08 -1.3275E-08  2.5084E-01 -8.4548E-11 -1.2941E-10  2.5084E-01
  6.8873E+00 -5.4167E-08 -1.3342E-08  2.5086E-01 -1.0931E-10 -1.6507E-10  2.5086E-01
  6.8993E+00 -5.0545E-08 -1.3291E-08  2.5088E-01 -2.4618E-11 -4.4680E-11  2.5088E-01
  6.9113E+00 -4.7881E-08 -1.3432E-08  2.5090E-01 -1.3971E-10 -2.0921E-10  2.5090E-01
  6.9233E+00 -5.3940E-08 -1.3352E-08  2.5093E-01 -9.9989E-11 -1.5223E-10  2.5093E-01
  6.9352E+00 -4.9400E-08 -1.3356E-08  2.5095E-01 -5.6269E-11 -8.9762E-11  2.5095E-01
  6.9472E+00 -4.9633E-08 -1.3575E-08  2.5097E-01 -1.8495E-10 -2.7486E-10  2.5097E-01
  6.9592E+00 -5.3052E-08 -1.3408E-08  2.5100E-01 -9.4248E-11 -1.4449E-10  2.5100E-01
  6.9712E+00 -4.8429E-08 -1.3426E-08  2.5103E-01 -1.0055E-10 -1.5372E-10  2.5103E-01
  6.9832E+00 -5.1644E-08 -1.3638E-08  2.5105E-01 -2.1152E-10 -3.1372E-10  2.5105E-01
  6.9952E+00 -5.1968E-08 -1.3487E-08  2.5108E-01 -9.8604E-11 -1.5130E-10  2.5108E-01
  7.0072E+00 -4.7917E-08 -1.3532E-08  2.5111E-01 -1.5057E-10 -2.2668E-10  2.5111E-01
  7.0192E+00 -4.9665E-08 -1.3696E-08  2.5114E-01 -2.9637E-10 -4.3327E-10  2.5114E-01
  7.0312E+00 -5.0957E-08 -1.3672E-08  2.5117E-01 -3.0186E-10 -4.4150E-10  2.5117E-01
  7.0432E+00 -5.0759E-08 -1.3706E-08  2.5120E-01 -2.9644E-10 -4.3493E-10  2.5120E-01
  7.0552E+00 -5.0668E-08 -1.3732E-08  2.5123E-01 -2.9796E-10 -4.3778E-10  2.5123E-01
  7.0672E+00 -5.0646E-08 -1.3755E-08  2.5127E-01 -3.0091E-10 -4.4261E-10  2.5126E-01
  7.0791E+00 -5.0624E-08 -1.3779E-08  2.5130E-01 -3.0388E-10 -4.4751E-10  2.5130E-01
  7.0911E+00 -5.0601E-08 -1.3802E-08  2.5134E-01 -3.0689E-10 -4.5246E-10  2.5133E-01
  7.1031E+00 -5.0577E-08 -1.3825E-08  2.5137E-01 -3.0992E-10 -4.5747E-10  2.5137E-01
  7.1151E+00 -5.0551E-08 -1.3849E-08  2.5141E-01 -3.1297E-10 -4.6255E-10  2.5141E-01
  7.1271E+00 -5.0525E-08 -1.3872E-08  2.5145E-01 -3.1605E-10 -4.6768E-10  2.5145E-01
  7.1391E+00 -5.0497E-08 -1.3896E-08  2.5149E-01 -3.1916E-10 -4.7287E-10  2.5149E-01
  7.1511E+00 -5.0469E-08 -1.3920E-08  2.5153E-01 -3.2229E-10 -4.7812E-10  2.5153E-01
  7.1631E+00 -5.0439E-08 -1.3943E-08  2.5157E-01 -3.2544E-10 -4.8343E-10  2.5157E-01
  7.1751E+00 -5.0407E-08 -1.3967E-08  2.5162E-01 -3.2862E-10 -4.8880E-10  2.5161E-01
  7.1871E+00 -5.0374E-08 -1.3990E-08  2.5166E-01 -3.3181E-10 -4.9422E-10  2.5166E-01
  7.1991E+00 -5.0340E-08 -1.4014E-08  2.5171E-01 -3.3502E-10 -4.9969E-10  2.5171E-01
  7.2110E+00 -5.0304E-08 -1.4037E-08  2.5176E-01 -3.3825E-10 -5.0522E-10  2.5175E-01
  7.2230E+00 -5.0267E-08 -1.4060E-08  2.5181E-01 -3.4149E-10 -5.1080E-10  2.5180E-01
  7.2350E+00 -5.0227E-08 -1.4083E-08  2.5186E-01 -3.4475E-10 -5.1643E-10  2.5186E-01
  7.2470E+00 -5.0186E-08 -1.4106E-08  2.5191E-01 -3.4801E-10 -5.2211E-10  2.5191E-01
  7.2590E+00 -5.0143E-08 -1.4129E-08  2.5197E-01 -3.5128E-10 -5.2782E-10  2.5196E-01
  7.2710E+00 -5.0098E-08 -1.4152E-08  2.5202E-01 -3.5456E-10 -5.3358E-10  2.5202E-01
  7.2833E+00 -5.0050E-08 -1.4174E-08  2.5208E-01 -3.5791E-10 -5.3952E-10  2.5208E-01
  7.2953E+00 -5.0001E-08 -1.4196E-08  2.5215E-01 -3.6118E-10 -5.4534E-10  2.5214E-01
  7.3073E+00 -4.9949E-08 -1.4218E-08  2.5221E-01 -3.6445E-10 -5.5120E-10  2.5221E-01
  7.3193E+00 -4.9895E-08 -1.4239E-08  2.5228E-01 -3.6770E-10 -5.5707E-10  2.5227E-01
  7.3313E+00 -4.9838E-08 -1.4260E-08  2.5234E-01 -3.7093E-10 -5.6296E-10  2.5234E-01
  7.3433E+00 -4.9778E-08 -1.4281E-08  2.5242E-01 -3.7414E-10 -5.6885E-10  2.5241E-01
  7.3552E+00 -4.9716E-08 -1.4301E-08  2.5249E-01 -3.7732E-10 -5.7474E-10  2.5249E-01
  7.3672E+00 -4.9650E-08 -1.4320E-08  2.5257E-01 -3.8047E-10 -5.8063E-10  2.5256E-01
  7.3792E+00 -4.9581E-08 -1.4339E-08  2.5264E-01 -3.8357E-10 -5.8649E-10  2.5264E-01
  7.3912E+00 -4.9509E-08 -1.4357E-08  2.5273E-01 -3.8662E-10 -5.9233E-10  2.5272E-01
  7.4032E+00 -4.9433E-08 -1.4374E-08  2.5281E-01 -3.8961E-10 -5.9812E-10  2.5281E-01
  7.4152E+00 -4.9353E-08 -1.4390E-08  2.5290E-01 -3.9252E-10 -6.0385E-10  2.5290E-01
  7.4272E+00 -4.9268E-08 -1.4405E-08  2.5299E-01 -3.9536E-10 -6.0951E-10  2.5299E-01
  7.4392E+00 -4.9180E-08 -1.4419E-08  2.5309E-01 -3.9809E-10 -6.1508E-10  2.5309E-01
  7.4512E+00 -4.9087E-08 -1.4432E-08  2.5319E-01 -4.0072E-10 -6.2055E-10  2.5319E-01
  7.4632E+00 -4.8988E-08 -1.4443E-08  2.5329E-01 -4.0323E-10 -6.2588E-10  2.5329E-01
  7.4752E+00 -4.8885E-08 -1.4454E-08  2.5340E-01 -4.0560E-10 -6.3105E-10  2.5340E-01
  7.4871E+00 -4.8775E-08 -1.4462E-08  2.5351E-01 -4.0781E-10 -6.3604E-10  2.5351E-01
  7.4991E+00 -4.8660E-08 -1.4469E-08  2.5363E-01 -4.0984E-10 -6.4082E-10  2.5363E-01
  7.5111E+00 -4.8538E-08 -1.4473E-08  2.5375E-01 -4.1167E-10 -6.4536E-10  2.5375E-01
  7.5231E+00 -4.8410E-08 -1.4476E-08  2.5388E-01 -4.1327E-10 -6.4962E-10  2.5388E-01
  7.5351E+00 -4.8274E-08 -1.4476E-08  2.5401E-01 -4.1463E-10 -6.5355E-10  2.5401E-01
  7.5471E+00 -4.8130E-08 -1.4473E-08  2.5415E-01 -4.1570E-10 -6.5711E-10  2.5415E-01
  7.5591E+00 -4.7978E-08 -1.4468E-08  2.5430E-01 -4.1647E-10 -6.6025E-10  2.5429E-01
  7.5711E+00 -4.7816E-08 -1.4459E-08  2.5445E-01 -4.1688E-10 -6.6292E-10  2.5445E-01
  7.5831E+00 -4.7645E-08 -1.4447E-08  2.5461E-01 -4.1690E-10 -6.6505E-10  2.5460E-01
  7.5951E+00 -4.7464E-08 -1.4431E-08  2.5477E-01 -4.1650E-10 -6.6656E-10  2.5477E-01
  7.6071E+00 -4.7272E-08 -1.4411E-08  2.5494E-01 -4.1561E-10 -6.6739E-10  2.5494E-01
  7.6191E+00 -4.7067E-08 -1.4386E-08  2.5512E-01 -4.1419E-10 -6.6745E-10  2.5512E-01
  7.6310E+00 -4.6849E-08 -1.4356E-08  2.5531E-01 -4.1217E-10 -6.6663E-10  2.5531E-01
  7.6430E+00 -4.6618E-08 -1.4320E-08  2.5551E-01 -4.0950E-10 -6.6483E-10  2.5550E-01
  7.6550E+00 -4.6371E-08 -1.4278E-08  2.5571E-01 -4.0610E-10 -6.6192E-10  2.5571E-01
  7.6670E+00 -4.6109E-08 -1.4230E-08  2.5593E-01 -4.0189E-10 -6.5778E-10  2.5593E-01
  7.6790E+00 -4.5828E-08 -1.4173E-08  2.5615E-01 -3.9679E-10 -6.5225E-10  2.5615E-01
  7.6913E+00 -4.5521E-08 -1.4107E-08  2.5640E-01 -3.9052E-10 -6.4497E-10  2.5639E-01
  7.7033E+00 -4.5200E-08 -1.4033E-08  2.5665E-01 -3.8330E-10 -6.3610E-10  2.5664E-01
  7.7153E+00 -4.4857E-08 -1.3949E-08  2.5690E-01 -3.7485E-10 -6.2528E-10  2.5690E-01
  7.7273E+00 -4.4490E-08 -1.3854E-08  2.5718E-01 -3.6505E-10 -6.1227E-10  2.5717E-01
  7.7393E+00 -4.4096E-08 -1.3747E-08  2.5746E-01 -3.5376E-10 -5.9682E-10  2.5746E-01
  7.7513E+00 -4.3673E-08 -1.3625E-08  2.5776E-01 -3.4082E-10 -5.7864E-10  2.5776E-01
  7.7632E+00 -4.3219E-08 -1.3489E-08  2.5807E-01 -3.2605E-10 -5.5741E-10  2.5807E-01
  7.7752E+00 -4.2730E-08 -1.3336E-08  2.5840E-01 -3.0926E-10 -5.3278E-10  2.5840E-01
  7.7872E+00 -4.2205E-08 -1.3165E-08  2.5875E-01 -2.9023E-10 -5.0437E-10  2.5874E-01
  7.7992E+00 -4.1638E-08 -1.2974E-08  2.5911E-01 -2.6875E-10 -4.7172E-10  2.5910E-01
  7.8112E+00 -4.1026E-08 -1.2759E-08  2.5948E-01 -2.4455E-10 -4.3439E-10  2.5948E-01
  7.8232E+00 -4.0366E-08 -1.2520E-08  2.5988E-01 -2.1737E-10 -3.9183E-10  2.5988E-01
  7.8352E+00 -3.9652E-08 -1.2253E-08  2.6029E-01 -1.8690E-10 -3.4348E-10  2.6029E-01
  7.8472E+00 -3.8879E-08 -1.1956E-08  2.6072E-01 -1.5282E-10 -2.8872E-10  2.6072E-01
  7.8592E+00 -3.8041E-08 -1.1625E-08  2.6117E-01 -1.1478E-10 -2.2689E-10  2.6117E-01
  7.8712E+00 -3.7133E-08 -1.1256E-08  2.6163E-01 -7.2426E-11 -1.5725E-10  2.6163E-01
  7.8832E+00 -3.6148E-08 -1.0846E-08  2.6212E-01 -2.5361E-11 -7.9064E-11  2.6212E-01
  7.8952E+00 -3.5077E-08 -1.0390E-08  2.6262E-01  2.6814E-11  8.4762E-12  2.6262E-01
  7.9071E+00 -3.3912E-08 -9.8841E-09  2.6314E-01  8.4511E-11  1.0618E-10  2.6314E-01
  7.9191E+00 -3.2646E-08 -9.3223E-09  2.6368E-01  1.4814E-10  2.1485E-10  2.6368E-01
  7.9311E+00 -3.1267E-08 -8.6996E-09  2.6423E-01  2.1808E-10  3.3527E-10  2.6423E-01
  7.9431E+00 -2.9766E-08 -8.0102E-09  2.6479E-01  2.9471E-10  4.6814E-10  2.6479E-01
  7.9551E+00 -2.8123E-08 -7.2477E-09  2.6536E-01  3.7838E-10  6.1463E-10  2.6536E-01
  7.9671E+00 -2.6323E-08 -6.4052E-09  2.6593E-01  4.7228E-10  7.8302E-10  2.6592E-01
  7.9791E+00 -2.4534E-08 -5.4841E-09  2.6650E-01  5.7106E-10  9.5641E-10  2.6649E-01
  7.9911E+00 -2.2621E-08 -4.4535E-09  2.6706E-01  5.1530E-10  7.7253E-10  2.6706E-01
  8.0031E+00 -1.9947E-08 -3.3387E-09  2.6761E-01  4.8107E-10  6.8760E-10  2.6760E-01
  8.0151E+00 -1.7497E-08 -2.1387E-09  2.6811E-01  7.4183E-10  1.1853E-09  2.6810E-01
  8.0271E+00 -1.5101E-08 -8.0512E-10  2.6858E-01  5.2980E-10  7.6231E-10  2.6858E-01
  8.0390E+00 -1.1865E-08  6.1690E-10  2.6899E-01  5.2073E-10  7.4555E-10  2.6899E-01
  8.0510E+00 -9.0197E-09  2.1290E-09  2.6932E-01  8.6523E-10  1.3534E-09  2.6931E-01
  8.0630E+00 -5.7479E-09  3.7636E-09  2.6957E-01  3.3527E-10  4.6769E-10  2.6957E-01
  8.0750E+00 -1.9797E-09  5.4690E-09  2.6970E-01  5.0382E-10  7.3000E-10  2.6969E-01
  8.0870E+00  1.3456E-09  7.2377E-09  2.6969E-01  6.9624E-10  1.0438E-09  2.6968E-01
  8.0990E+00  5.3087E-09  9.0643E-09  2.6953E-01 -7.4216E-11 -6.7042E-11  2.6953E-01
  8.1113E+00  9.5247E-09  1.0940E-08  2.6917E-01  4.0218E-10  6.0028E-10  2.6917E-01
  8.1233E+00  1.3225E-08  1.2751E-08  2.6863E-01  6.3766E-11  1.2672E-10  2.6863E-01
  8.1353E+00  1.7458E-08  1.4492E-08  2.6789E-01 -6.5288E-10 -7.7007E-10  2.6789E-01
  8.1473E+00  2.1480E-08  1.6103E-08  2.6694E-01  3.5334E-11  9.7846E-11  2.6694E-01
  8.1593E+00  2.5149E-08  1.7559E-08  2.6580E-01 -8.7677E-10 -1.0508E-09  2.6579E-01
  8.1713E+00  2.9019E-08  1.8782E-08  2.6447E-01 -1.2795E-09 -1.5091E-09  2.6445E-01
  8.1832E+00  3.2358E-08  1.9723E-08  2.6299E-01 -7.0148E-10 -8.7604E-10  2.6299E-01
  8.1952E+00  3.5414E-08  2.0369E-08  2.6142E-01 -1.7847E-09 -2.0721E-09  2.6138E-01
  8.2072E+00  3.8331E-08  2.0660E-08  2.5979E-01 -1.7930E-09 -2.1189E-09  2.5975E-01
  8.2192E+00  4.0535E-08  2.0583E-08  2.5816E-01 -1.6079E-09 -1.9833E-09  2.5813E-01
  8.2312E+00  4.2553E-08  2.0154E-08  2.5661E-01 -2.2420E-09 -2.5439E-09  2.5655E-01
  8.2432E+00  4.4243E-08  1.9359E-08  2.5518E-01 -2.0766E-09 -2.4726E-09  2.5513E-01
  8.2552E+00  4.5239E-08  1.8232E-08  2.5395E-01 -2.1099E-09 -2.5185E-09  2.5389E-01
  8.2672E+00  4.6165E-08  1.6807E-08  2.5295E-01 -2.0531E-09 -2.3248E-09  2.5290E-01
  8.2792E+00  4.6709E-08  1.5113E-08  2.5222E-01 -2.0644E-09 -2.4772E-09  2.5217E-01
  8.2912E+00  4.6723E-08  1.3215E-08  2.5180E-01 -1.7825E-09 -2.0913E-09  2.5176E-01
  8.3032E+00  4.6732E-08  1.1152E-08  2.5169E-01 -1.3633E-09 -1.5771E-09  2.5167E-01
  8.3151E+00  4.6330E-08  8.9735E-09  2.5189E-01 -1.6610E-09 -2.0079E-09  2.5186E-01
  8.3271E+00  4.5597E-08  6.7586E-09  2.5239E-01 -8.1904E-10 -9.7632E-10  2.5238E-01
  8.3391E+00  4.4826E-08  4.5396E-09  2.5316E-01 -5.2987E-10 -6.4587E-10  2.5315E-01
  8.3511E+00  4.3570E-08  2.3713E-09  2.5417E-01 -8.4469E-10 -1.0411E-09  2.5416E-01
  8.3631E+00  4.2156E-08  3.2527E-10  2.5537E-01  2.1833E-10  2.3894E-10  2.5537E-01
  8.3751E+00  4.0606E-08 -1.5783E-09  2.5673E-01  1.4715E-10  1.5799E-10  2.5673E-01
  8.3871E+00  3.8496E-08 -3.2950E-09  2.5819E-01  1.0960E-10  1.1552E-10  2.5819E-01
  8.3991E+00  3.6380E-08 -4.7867E-09  2.5970E-01  8.9491E-10  1.0897E-09  2.5969E-01
  8.4111E+00  3.4039E-08 -6.0536E-09  2.6120E-01  5.5887E-10  6.8621E-10  2.6120E-01
  8.4231E+00  3.1167E-08 -7.0742E-09  2.6266E-01  7.8714E-10  9.8681E-10  2.6265E-01
  8.4351E+00  2.8441E-08 -7.8582E-09  2.6403E-01  1.1286E-09  1.4407E-09  2.6401E-01
  8.4471E+00  2.5446E-08 -8.4275E-09  2.6528E-01  7.5147E-10  9.5965E-10  2.6527E-01
  8.4590E+00  2.2125E-08 -8.7791E-09  2.6638E-01  1.0347E-09  1.3543E-09  2.6637E-01
  8.4710E+00  1.9078E-08 -8.9598E-09  2.6733E-01  1.0663E-09  1.4135E-09  2.6731E-01
  8.4830E+00  1.5728E-08 -9.0002E-09  2.6811E-01  7.9661E-10  1.0495E-09  2.6810E-01
  8.4950E+00  1.2399E-08 -8.9010E-09  2.6871E-01  9.7566E-10  1.3199E-09  2.6870E-01
  8.5070E+00  9.3913E-09 -8.7195E-09  2.6916E-01  8.7809E-10  1.1963E-09  2.6915E-01
  8.5190E+00  6.0172E-09 -8.4780E-09  2.6946E-01  7.3658E-10  1.0001E-09  2.6946E-01
  8.5313E+00  2.9764E-09 -8.1688E-09  2.6962E-01  7.8714E-10  1.0898E-09  2.6961E-01
  8.5433E+00  2.5574E-10 -7.8521E-09  2.6966E-01  6.6857E-10  9.2766E-10  2.6965E-01
  8.5553E+00 -2.8792E-09 -7.5234E-09  2.6958E-01  6.0838E-10  8.4890E-10  2.6958E-01
  8.5673E+00 -5.3082E-09 -7.1935E-09  2.6942E-01  5.7908E-10  8.1419E-10  2.6941E-01
  8.5793E+00 -7.6829E-09 -6.8853E-09  2.6918E-01  4.9219E-10  6.9270E-10  2.6918E-01
  8.5913E+00 -1.0384E-08 -6.5792E-09  2.6888E-01  4.4831E-10  6.3713E-10  2.6888E-01
  8.6032E+00 -1.2279E-08 -6.3026E-09  2.6853E-01  3.9447E-10  5.6213E-10  2.6853E-01
  8.6152E+00 -1.4399E-08 -6.0642E-09  2.6815E-01  3.4796E-10  4.9754E-10  2.6815E-01
  8.6272E+00 -1.6546E-08 -5.8230E-09  2.6773E-01  2.9072E-10  4.1936E-10  2.6773E-01
  8.6392E+00 -1.7976E-08 -5.6227E-09  2.6729E-01  2.4483E-10  3.5613E-10  2.6729E-01
  8.6512E+00 -1.9972E-08 -5.4619E-09  2.6685E-01  2.2415E-10  3.2855E-10  2.6685E-01
  8.6632E+00 -2.1517E-08 -5.2957E-09  2.6639E-01  1.5127E-10  2.2591E-10  2.6639E-01
  8.6752E+00 -2.2587E-08 -5.1690E-09  2.6593E-01  1.2972E-10  1.9796E-10  2.6593E-01
  8.6872E+00 -2.4507E-08 -5.0695E-09  2.6548E-01  1.0947E-10  1.7067E-10  2.6547E-01
  8.6992E+00 -2.5500E-08 -4.9733E-09  2.6502E-01  3.4986E-11  6.7605E-11  2.6502E-01
  8.7112E+00 -2.6364E-08 -4.9117E-09  2.6457E-01  4.3643E-11  8.0324E-11  2.6457E-01
  8.7232E+00 -2.8129E-08 -4.8530E-09  2.6414E-01  2.2569E-12  2.4103E-11  2.6414E-01
  8.7351E+00 -2.8686E-08 -4.8131E-09  2.6370E-01 -5.7576E-11 -5.5119E-11  2.6370E-01
  8.7471E+00 -2.9557E-08 -4.8067E-09  2.6329E-01 -2.3797E-11 -1.1148E-11  2.6329E-01
  8.7591E+00 -3.0996E-08 -4.7740E-09  2.6288E-01 -9.3907E-11 -1.0306E-10  2.6288E-01
  8.7711E+00 -3.1240E-08 -4.7727E-09  2.6249E-01 -1.2776E-10 -1.4603E-10  2.6249E-01
  8.7831E+00 -3.2332E-08 -4.8060E-09  2.6211E-01 -8.5857E-11 -9.4130E-11  2.6211E-01
  8.7951E+00 -3.3271E-08 -4.7950E-09  2.6174E-01 -1.7540E-10 -2.0546E-10  2.6174E-01
  8.8071E+00 -3.3309E-08 -4.8193E-09  2.6139E-01 -1.7706E-10 -2.0909E-10  2.6139E-01
  8.8191E+00 -3.4711E-08 -4.8698E-09  2.6105E-01 -1.5098E-10 -1.7869E-10  2.6105E-01
  8.8311E+00 -3.5090E-08 -4.8840E-09  2.6071E-01 -2.4085E-10 -2.8349E-10  2.6071E-01
  8.8431E+00 -3.5056E-08 -4.9303E-09  2.6040E-01 -2.0913E-10 -2.5010E-10  2.6040E-01
  8.8551E+00 -3.6647E-08 -4.9776E-09  2.6009E-01 -2.1880E-10 -2.6224E-10  2.6009E-01
  8.8671E+00 -3.6548E-08 -5.0169E-09  2.5979E-01 -2.9052E-10 -3.4021E-10  2.5979E-01
  8.8790E+00 -3.6659E-08 -5.0882E-09  2.5951E-01 -2.3152E-10 -2.7854E-10  2.5951E-01
  8.8910E+00 -3.8141E-08 -5.1213E-09  2.5924E-01 -2.8278E-10 -3.3541E-10  2.5924E-01
  8.9030E+00 -3.7717E-08 -5.1768E-09  2.5898E-01 -3.2479E-10 -3.7848E-10  2.5898E-01
  8.9150E+00 -3.8252E-08 -5.2718E-09  2.5873E-01 -2.5434E-10 -3.0633E-10  2.5873E-01
  8.9270E+00 -3.9275E-08 -5.2921E-09  2.5848E-01 -3.3737E-10 -3.9291E-10  2.5848E-01
  8.9390E+00 -3.8658E-08 -5.3541E-09  2.5825E-01 -3.4420E-10 -4.0044E-10  2.5825E-01
  8.9513E+00 -3.9871E-08 -5.4561E-09  2.5802E-01 -2.8813E-10 -3.4490E-10  2.5802E-01
  8.9633E+00 -4.0123E-08 -5.4803E-09  2.5780E-01 -3.8162E-10 -4.3602E-10  2.5780E-01
  8.9753E+00 -3.9465E-08 -5.5483E-09  2.5760E-01 -3.4897E-10 -4.0718E-10  2.5760E-01
  8.9873E+00 -4.1196E-08 -5.6296E-09  2.5740E-01 -3.3157E-10 -3.9085E-10  2.5740E-01
  8.9993E+00 -4.0787E-08 -5.6715E-09  2.5720E-01 -4.1126E-10 -4.6333E-10  2.5720E-01
  9.0113E+00 -4.0315E-08 -5.7560E-09  2.5703E-01 -3.4828E-10 -4.0762E-10  2.5702E-01
  9.0232E+00 -4.2162E-08 -5.8039E-09  2.5685E-01 -3.7700E-10 -4.3462E-10  2.5684E-01
  9.0352E+00 -4.1288E-08 -5.8626E-09  2.5667E-01 -4.2811E-10 -4.7820E-10  2.5667E-01
  9.0472E+00 -4.1361E-08 -5.9710E-09  2.5651E-01 -3.4908E-10 -4.0876E-10  2.5651E-01
  9.0592E+00 -4.2796E-08 -5.9860E-09  2.5635E-01 -4.1759E-10 -4.6990E-10  2.5635E-01
  9.0712E+00 -4.1656E-08 -6.0498E-09  2.5619E-01 -4.3379E-10 -4.8306E-10  2.5619E-01
  9.0832E+00 -4.2600E-08 -6.1715E-09  2.5605E-01 -3.6054E-10 -4.1959E-10  2.5605E-01
  9.0952E+00 -4.3192E-08 -6.1728E-09  2.5590E-01 -4.4887E-10 -4.9448E-10  2.5590E-01
  9.1072E+00 -4.1957E-08 -6.2369E-09  2.5576E-01 -4.2894E-10 -4.7874E-10  2.5576E-01
  9.1192E+00 -4.3800E-08 -6.3420E-09  2.5563E-01 -3.8501E-10 -4.4147E-10  2.5563E-01
  9.1312E+00 -4.3432E-08 -6.3572E-09  2.5550E-01 -4.6949E-10 -5.0907E-10  2.5550E-01
  9.1432E+00 -4.2332E-08 -6.4314E-09  2.5538E-01 -4.1673E-10 -4.6776E-10  2.5538E-01
  9.1551E+00 -4.4683E-08 -6.4939E-09  2.5526E-01 -4.1727E-10 -4.6795E-10  2.5525E-01
  9.1671E+00 -4.3553E-08 -6.5344E-09  2.5514E-01 -4.7966E-10 -5.1491E-10  2.5514E-01
  9.1791E+00 -4.2984E-08 -6.6359E-09  2.5503E-01 -4.0373E-10 -4.5544E-10  2.5503E-01
  9.1911E+00 -4.5161E-08 -6.6475E-09  2.5492E-01 -4.4872E-10 -4.9098E-10  2.5492E-01
  9.2031E+00 -4.3580E-08 -6.7016E-09  2.5481E-01 -4.7979E-10 -5.1315E-10  2.5481E-01
  9.2151E+00 -4.4029E-08 -6.8325E-09  2.5471E-01 -3.9930E-10 -4.5030E-10  2.5471E-01
  9.2271E+00 -4.5332E-08 -6.8078E-09  2.5461E-01 -4.7460E-10 -5.0801E-10  2.5461E-01
  9.2391E+00 -4.3546E-08 -6.8634E-09  2.5452E-01 -4.7084E-10 -5.0476E-10  2.5451E-01
  9.2511E+00 -4.5280E-08 -6.9932E-09  2.5443E-01 -4.0879E-10 -4.5671E-10  2.5442E-01
  9.2631E+00 -4.5316E-08 -6.9692E-09  2.5433E-01 -4.9179E-10 -5.1754E-10  2.5433E-01
  9.2751E+00 -4.3564E-08 -7.0294E-09  2.5425E-01 -4.5441E-10 -4.9045E-10  2.5425E-01
  9.2871E+00 -4.6316E-08 -7.1172E-09  2.5417E-01 -4.2959E-10 -4.7128E-10  2.5416E-01
  9.2990E+00 -4.5186E-08 -7.1235E-09  2.5408E-01 -4.9980E-10 -5.2033E-10  2.5408E-01
  9.3110E+00 -4.3864E-08 -7.2097E-09  2.5400E-01 -4.3472E-10 -4.7326E-10  2.5400E-01
  9.3230E+00 -4.6875E-08 -7.2326E-09  2.5393E-01 -4.5428E-10 -4.8717E-10  2.5392E-01
  9.3350E+00 -4.4966E-08 -7.2691E-09  2.5385E-01 -4.9815E-10 -5.1631E-10  2.5385E-01
  9.3470E+00 -4.4680E-08 -7.3966E-09  2.5378E-01 -4.1947E-10 -4.5921E-10  2.5378E-01
  9.3590E+00 -4.6988E-08 -7.3587E-09  2.5371E-01 -4.7640E-10 -4.9974E-10  2.5371E-01
  9.3713E+00 -4.4625E-08 -7.4063E-09  2.5364E-01 -4.8699E-10 -5.0600E-10  2.5364E-01
  9.3833E+00 -4.6092E-08 -7.5567E-09  2.5358E-01 -4.1698E-10 -4.5523E-10  2.5357E-01
  9.3953E+00 -4.6755E-08 -7.4952E-09  2.5351E-01 -4.9338E-10 -5.0804E-10  2.5351E-01
  9.4073E+00 -4.4371E-08 -7.5440E-09  2.5345E-01 -4.6964E-10 -4.9156E-10  2.5345E-01
  9.4193E+00 -4.7362E-08 -7.6611E-09  2.5339E-01 -4.2897E-10 -4.6217E-10  2.5339E-01
  9.4313E+00 -4.6426E-08 -7.6290E-09  2.5333E-01 -4.9976E-10 -5.0898E-10  2.5333E-01
  9.4432E+00 -4.4378E-08 -7.6988E-09  2.5327E-01 -4.4675E-10 -4.7252E-10  2.5327E-01
  9.4552E+00 -4.8138E-08 -7.7420E-09  2.5321E-01 -4.4716E-10 -4.7225E-10  2.5321E-01
  9.4672E+00 -4.6009E-08 -7.7545E-09  2.5315E-01 -4.9805E-10 -5.0463E-10  2.5315E-01
  9.4792E+00 -4.4953E-08 -7.8723E-09  2.5310E-01 -4.2601E-10 -4.5481E-10  2.5310E-01
  9.4912E+00 -4.8308E-08 -7.8329E-09  2.5305E-01 -4.6566E-10 -4.8165E-10  2.5305E-01
  9.5032E+00 -4.5524E-08 -7.8687E-09  2.5300E-01 -4.8869E-10 -4.9557E-10  2.5300E-01
  9.5152E+00 -4.6213E-08 -8.0336E-09  2.5295E-01 -4.1485E-10 -4.4430E-10  2.5295E-01
  9.5272E+00 -4.8058E-08 -7.9413E-09  2.5290E-01 -4.7941E-10 -4.8732E-10  2.5290E-01
  9.5392E+00 -4.5026E-08 -7.9810E-09  2.5285E-01 -4.7207E-10 -4.8188E-10  2.5285E-01
  9.5512E+00 -4.7785E-08 -8.1395E-09  2.5281E-01 -4.1711E-10 -4.4381E-10  2.5281E-01
  9.5632E+00 -4.7590E-08 -8.0558E-09  2.5276E-01 -4.8668E-10 -4.8870E-10  2.5276E-01
  9.5752E+00 -4.4701E-08 -8.1067E-09  2.5272E-01 -4.5003E-10 -4.6431E-10  2.5272E-01
  9.5871E+00 -4.8984E-08 -8.1955E-09  2.5268E-01 -4.2924E-10 -4.4982E-10  2.5268E-01
  9.5991E+00 -4.7010E-08 -8.1636E-09  2.5264E-01 -4.8715E-10 -4.8613E-10  2.5263E-01
  9.6111E+00 -4.4895E-08 -8.2604E-09  2.5258E-01 -4.2631E-10 -4.4524E-10  2.5258E-01
  9.6231E+00 -4.9445E-08 -8.2481E-09  2.5254E-01 -4.4446E-10 -4.5705E-10  2.5254E-01
  9.6351E+00 -4.6347E-08 -8.2645E-09  2.5250E-01 -4.7920E-10 -4.7803E-10  2.5250E-01
  9.6471E+00 -4.5932E-08 -8.4262E-09  2.5247E-01 -4.0810E-10 -4.2995E-10  2.5247E-01
  9.6591E+00 -4.9267E-08 -8.3244E-09  2.5243E-01 -4.5763E-10 -4.6237E-10  2.5243E-01
  9.6711E+00 -4.5637E-08 -8.3567E-09  2.5239E-01 -4.6519E-10 -4.6640E-10  2.5239E-01
  9.6831E+00 -4.7655E-08 -8.5507E-09  2.5236E-01 -4.0175E-10 -4.2341E-10  2.5236E-01
  9.6951E+00 -4.8716E-08 -8.4194E-09  2.5233E-01 -4.6538E-10 -4.6410E-10  2.5232E-01
  9.7071E+00 -4.5012E-08 -8.4563E-09  2.5229E-01 -4.4493E-10 -4.5063E-10  2.5229E-01
  9.7190E+00 -4.9349E-08 -8.6033E-09  2.5226E-01 -4.0714E-10 -4.2513E-10  2.5226E-01
  9.7310E+00 -4.7991E-08 -8.5165E-09  2.5223E-01 -4.6682E-10 -4.6209E-10  2.5222E-01
  9.7430E+00 -4.4796E-08 -8.5846E-09  2.5220E-01 -4.2072E-10 -4.3184E-10  2.5219E-01
  9.7550E+00 -5.0311E-08 -8.6232E-09  2.5217E-01 -4.1874E-10 -4.3036E-10  2.5216E-01
  9.7670E+00 -4.7166E-08 -8.6058E-09  2.5213E-01 -4.6210E-10 -4.5650E-10  2.5213E-01
  9.7790E+00 -4.5425E-08 -8.7455E-09  2.5211E-01 -3.9840E-10 -4.1405E-10  2.5210E-01
  9.7913E+00 -5.0322E-08 -8.6606E-09  2.5208E-01 -4.3214E-10 -4.3597E-10  2.5207E-01
  9.8033E+00 -4.6168E-08 -8.6831E-09  2.5205E-01 -4.4950E-10 -4.4607E-10  2.5205E-01
  9.8153E+00 -4.7294E-08 -8.8977E-09  2.5202E-01 -3.8470E-10 -4.0259E-10  2.5202E-01
  9.8273E+00 -4.9744E-08 -8.7341E-09  2.5199E-01 -4.3975E-10 -4.3780E-10  2.5199E-01
  9.8393E+00 -4.5303E-08 -8.7631E-09  2.5197E-01 -4.3118E-10 -4.3199E-10  2.5197E-01
  9.8513E+00 -4.9394E-08 -8.9618E-09  2.5194E-01 -3.8443E-10 -4.0072E-10  2.5194E-01
  9.8632E+00 -4.8895E-08 -8.8190E-09  2.5192E-01 -4.4230E-10 -4.3667E-10  2.5191E-01
  9.8752E+00 -4.4740E-08 -8.8681E-09  2.5189E-01 -4.0822E-10 -4.1448E-10  2.5189E-01
  9.8872E+00 -5.0883E-08 -8.9625E-09  2.5187E-01 -3.9211E-10 -4.0380E-10  2.5187E-01
  9.8992E+00 -4.7918E-08 -8.8969E-09  2.5184E-01 -4.3945E-10 -4.3267E-10  2.5184E-01
  9.9112E+00 -4.4975E-08 -9.0164E-09  2.5182E-01 -3.8432E-10 -3.9592E-10  2.5182E-01
  9.9232E+00 -5.1313E-08 -8.9672E-09  2.5180E-01 -4.0175E-10 -4.0745E-10  2.5180E-01
  9.9352E+00 -4.6856E-08 -8.9686E-09  2.5177E-01 -4.2942E-10 -4.2396E-10  2.5177E-01
  9.9472E+00 -4.6416E-08 -9.1800E-09  2.5175E-01 -3.6626E-10 -3.8142E-10  2.5175E-01
  9.9592E+00 -5.0882E-08 -9.0099E-09  2.5173E-01 -4.0966E-10 -4.0975E-10  2.5173E-01
  9.9712E+00 -4.5758E-08 -9.0321E-09  2.5171E-01 -4.1436E-10 -4.1231E-10  2.5171E-01
  9.9832E+00 -4.8750E-08 -9.2819E-09  2.5169E-01 -3.5948E-10 -3.7528E-10  2.5169E-01
  9.9952E+00 -4.9977E-08 -9.0802E-09  2.5167E-01 -4.1335E-10 -4.0953E-10  2.5167E-01
  1.0007E+01 -4.4822E-08 -9.1110E-09  2.5167E-01 -3.9378E-10 -3.9681E-10  2.5167E-01
  1.0019E+01 -5.0936E-08 -9.2880E-09  2.5165E-01 -3.6264E-10 -3.7604E-10  2.5165E-01
  1.0031E+01 -4.8863E-08 -9.1546E-09  2.5163E-01 -4.1194E-10 -4.0644E-10  2.5163E-01
  1.0043E+01 -4.4511E-08 -9.2339E-09  2.5161E-01 -3.6982E-10 -3.7849E-10  2.5161E-01
  1.0055E+01 -5.2059E-08 -9.2586E-09  2.5159E-01 -3.7018E-10 -3.7898E-10  2.5159E-01
  1.0067E+01 -4.7640E-08 -9.2203E-09  2.5158E-01 -4.0534E-10 -4.0031E-10  2.5157E-01
  1.0079E+01 -4.5400E-08 -9.4012E-09  2.5156E-01 -3.4811E-10 -3.6140E-10  2.5156E-01
  1.0091E+01 -5.1982E-08 -9.2625E-09  2.5154E-01 -3.7731E-10 -3.8109E-10  2.5154E-01
  1.0103E+01 -4.6350E-08 -9.2731E-09  2.5152E-01 -3.9297E-10 -3.9055E-10  2.5152E-01
  1.0115E+01 -4.7640E-08 -9.5469E-09  2.5151E-01 -3.3527E-10 -3.5100E-10  2.5151E-01
  1.0127E+01 -5.1131E-08 -9.3104E-09  2.5149E-01 -3.8153E-10 -3.8136E-10  2.5149E-01
  1.0139E+01 -4.5105E-08 -9.3311E-09  2.5147E-01 -3.7507E-10 -3.7704E-10  2.5147E-01
  1.0151E+01 -5.0408E-08 -9.5890E-09  2.5146E-01 -3.3282E-10 -3.4815E-10  2.5146E-01
  1.0163E+01 -4.9921E-08 -9.3774E-09  2.5144E-01 -3.8116E-10 -3.7875E-10  2.5144E-01
  1.0175E+01 -4.4262E-08 -9.4246E-09  2.5144E-01 -3.5167E-10 -3.5887E-10  2.5144E-01
  1.0187E+01 -5.2382E-08 -9.5465E-09  2.5144E-01 -3.3590E-10 -3.4825E-10  2.5144E-01
  1.0199E+01 -4.8558E-08 -9.4374E-09  2.5142E-01 -3.7705E-10 -3.7447E-10  2.5141E-01
  1.0211E+01 -4.4475E-08 -9.5762E-09  2.5139E-01 -3.2880E-10 -3.4107E-10  2.5139E-01
  1.0223E+01 -5.2905E-08 -9.4997E-09  2.5137E-01 -3.4461E-10 -3.5243E-10  2.5137E-01
  1.0235E+01 -4.6927E-08 -9.4892E-09  2.5135E-01 -3.6723E-10 -3.6668E-10  2.5135E-01
  1.0247E+01 -4.6576E-08 -9.7631E-09  2.5134E-01 -3.1082E-10 -3.2692E-10  2.5134E-01
  1.0259E+01 -5.2211E-08 -9.5193E-09  2.5132E-01 -3.4946E-10 -3.5356E-10  2.5132E-01
  1.0271E+01 -4.5437E-08 -9.5340E-09  2.5131E-01 -3.5220E-10 -3.5528E-10  2.5131E-01
  1.0283E+01 -4.9629E-08 -9.8487E-09  2.5130E-01 -3.0445E-10 -3.2153E-10  2.5130E-01
  1.0295E+01 -5.0939E-08 -9.5751E-09  2.5128E-01 -3.5060E-10 -3.5239E-10  2.5128E-01
  1.0307E+01 -4.4205E-08 -9.6035E-09  2.5127E-01 -3.3191E-10 -3.3976E-10  2.5127E-01
  1.0319E+01 -5.2355E-08 -9.8135E-09  2.5126E-01 -3.0626E-10 -3.2197E-10  2.5126E-01
  1.0331E+01 -4.9426E-08 -9.6360E-09  2.5125E-01 -3.4750E-10 -3.4876E-10  2.5124E-01
  1.0343E+01 -4.3851E-08 -9.7338E-09  2.5123E-01 -3.0876E-10 -3.2152E-10  2.5123E-01
  1.0355E+01 -5.3635E-08 -9.7417E-09  2.5122E-01 -3.1114E-10 -3.2381E-10  2.5122E-01
  1.0367E+01 -4.7788E-08 -9.6855E-09  2.5121E-01 -3.4038E-10 -3.4281E-10  2.5121E-01
  1.0379E+01 -4.5098E-08 -9.9188E-09  2.5121E-01 -2.8880E-10 -3.0545E-10  2.5121E-01
  1.0391E+01 -5.3387E-08 -9.7181E-09  2.5122E-01 -3.1629E-10 -3.2571E-10  2.5121E-01
  1.0403E+01 -4.6075E-08 -9.7197E-09  2.5123E-01 -3.2956E-10 -3.3481E-10  2.5123E-01
  1.0415E+01 -4.8034E-08 -1.0065E-08  2.5123E-01 -2.7873E-10 -2.9770E-10  2.5123E-01
  1.0427E+01 -5.2193E-08 -9.7506E-09  2.5119E-01 -3.1868E-10 -3.2570E-10  2.5119E-01
  1.0439E+01 -4.4458E-08 -9.7657E-09  2.5116E-01 -3.1127E-10 -3.2047E-10  2.5116E-01
  1.0451E+01 -5.1513E-08 -1.0080E-08  2.5114E-01 -2.7469E-10 -2.9359E-10  2.5113E-01
  1.0463E+01 -5.0587E-08 -9.8071E-09  2.5112E-01 -3.1610E-10 -3.2199E-10  2.5112E-01
  1.0475E+01 -4.3419E-08 -9.8600E-09  2.5111E-01 -2.8898E-10 -3.0251E-10  2.5111E-01
  1.0487E+01 -5.3858E-08 -9.9921E-09  2.5110E-01 -2.7725E-10 -2.9438E-10  2.5110E-01
  1.0499E+01 -4.8801E-08 -9.8531E-09  2.5109E-01 -3.1114E-10 -3.1754E-10  2.5109E-01
  1.0511E+01 -4.3784E-08 -1.0030E-08  2.5108E-01 -2.6659E-10 -2.8396E-10  2.5108E-01
  1.0523E+01 -5.4394E-08 -9.9195E-09  2.5107E-01 -2.8074E-10 -2.9526E-10  2.5107E-01
  1.0535E+01 -4.6910E-08 -9.8918E-09  2.5106E-01 -3.0101E-10 -3.0933E-10  2.5106E-01
  1.0547E+01 -4.6174E-08 -1.0224E-08  2.5105E-01 -2.4986E-10 -2.6982E-10  2.5105E-01
  1.0559E+01 -5.3521E-08 -9.9150E-09  2.5104E-01 -2.8329E-10 -2.9546E-10  2.5104E-01
  1.0571E+01 -4.4996E-08 -9.9214E-09  2.5103E-01 -2.8676E-10 -2.9811E-10  2.5103E-01
  1.0583E+01 -4.9970E-08 -1.0313E-08  2.5102E-01 -2.4300E-10 -2.6406E-10  2.5102E-01
  1.0595E+01 -5.1908E-08 -9.9581E-09  2.5101E-01 -2.8327E-10 -2.9412E-10  2.5101E-01
  1.0607E+01 -4.3396E-08 -9.9810E-09  2.5097E-01 -2.6784E-10 -2.8285E-10  2.5097E-01
  1.0619E+01 -5.3411E-08 -1.0248E-08  2.5096E-01 -2.4383E-10 -2.6449E-10  2.5096E-01
  1.0631E+01 -4.9992E-08 -1.0010E-08  2.5095E-01 -2.8000E-10 -2.9083E-10  2.5095E-01
  1.0643E+01 -4.2931E-08 -1.0133E-08  2.5094E-01 -2.4407E-10 -2.6278E-10  2.5094E-01
  1.0655E+01 -5.5102E-08 -1.0119E-08  2.5093E-01 -2.4798E-10 -2.6664E-10  2.5093E-01
  1.0667E+01 -4.7692E-08 -1.0047E-08  2.5092E-01 -2.7281E-10 -2.8488E-10  2.5092E-01
  1.0679E+01 -4.4631E-08 -1.0343E-08  2.5092E-01 -2.2480E-10 -2.4589E-10  2.5092E-01
  1.0691E+01 -5.4662E-08 -1.0074E-08  2.5091E-01 -2.5017E-10 -2.6686E-10  2.5091E-01
  1.0703E+01 -4.5552E-08 -1.0069E-08  2.5090E-01 -2.6060E-10 -2.7495E-10  2.5090E-01
  1.0715E+01 -4.8368E-08 -1.0494E-08  2.5089E-01 -2.1427E-10 -2.3674E-10  2.5089E-01
  1.0727E+01 -5.3118E-08 -1.0097E-08  2.5088E-01 -2.5073E-10 -2.6612E-10  2.5088E-01
  1.0739E+01 -4.3566E-08 -1.0106E-08  2.5088E-01 -2.4370E-10 -2.6091E-10  2.5088E-01
  1.0751E+01 -5.2600E-08 -1.0478E-08  2.5087E-01 -2.1192E-10 -2.3463E-10  2.5087E-01
  1.0763E+01 -5.1099E-08 -1.0145E-08  2.5086E-01 -2.4869E-10 -2.6373E-10  2.5086E-01
  1.0775E+01 -4.2357E-08 -1.0208E-08  2.5085E-01 -2.2285E-10 -2.4272E-10  2.5085E-01
  1.0787E+01 -5.5304E-08 -1.0347E-08  2.5085E-01 -2.1391E-10 -2.3581E-10  2.5085E-01
  1.0799E+01 -4.8876E-08 -1.0182E-08  2.5084E-01 -2.4232E-10 -2.5795E-10  2.5084E-01
  1.0811E+01 -4.2952E-08 -1.0404E-08  2.5083E-01 -2.0149E-10 -2.2323E-10  2.5083E-01
  1.0823E+01 -5.5787E-08 -1.0246E-08  2.5083E-01 -2.1591E-10 -2.3639E-10  2.5083E-01
  1.0835E+01 -4.6541E-08 -1.0208E-08  2.5082E-01 -2.3325E-10 -2.5043E-10  2.5082E-01
  1.0847E+01 -4.6028E-08 -1.0621E-08  2.5081E-01 -1.8563E-10 -2.0838E-10  2.5081E-01
  1.0859E+01 -5.4614E-08 -1.0228E-08  2.5081E-01 -2.1692E-10 -2.3614E-10  2.5080E-01
  1.0871E+01 -4.4197E-08 -1.0227E-08  2.5080E-01 -2.1932E-10 -2.3845E-10  2.5080E-01
  1.0883E+01 -5.0679E-08 -1.0696E-08  2.5079E-01 -1.7945E-10 -2.0275E-10  2.5079E-01
  1.0895E+01 -5.2599E-08 -1.0265E-08  2.5079E-01 -2.1608E-10 -2.3474E-10  2.5078E-01
  1.0907E+01 -4.2292E-08 -1.0288E-08  2.5078E-01 -2.0074E-10 -2.2173E-10  2.5078E-01
  1.0919E+01 -5.4717E-08 -1.0591E-08  2.5077E-01 -1.7978E-10 -2.0308E-10  2.5077E-01
  1.0931E+01 -5.0247E-08 -1.0310E-08  2.5077E-01 -2.1215E-10 -2.3098E-10  2.5077E-01
  1.0943E+01 -4.1775E-08 -1.0444E-08  2.5076E-01 -1.7924E-10 -2.0133E-10  2.5076E-01
  1.0955E+01 -5.6518E-08 -1.0440E-08  2.5075E-01 -1.8164E-10 -2.0420E-10  2.5075E-01
  1.0967E+01 -4.7733E-08 -1.0339E-08  2.5075E-01 -2.0467E-10 -2.2425E-10  2.5075E-01
  1.0979E+01 -4.3704E-08 -1.0681E-08  2.5074E-01 -1.5996E-10 -1.8225E-10  2.5074E-01
  1.0991E+01 -5.6047E-08 -1.0366E-08  2.5074E-01 -1.8257E-10 -2.0413E-10  2.5074E-01
  1.1003E+01 -4.5135E-08 -1.0349E-08  2.5078E-01 -1.9277E-10 -2.1343E-10  2.5078E-01
  1.1015E+01 -4.8125E-08 -1.0856E-08  2.5077E-01 -1.4880E-10 -1.7113E-10  2.5077E-01
  1.1027E+01 -5.4215E-08 -1.0376E-08  2.5077E-01 -1.8217E-10 -2.0308E-10  2.5076E-01
  1.1039E+01 -4.2709E-08 -1.0377E-08  2.5076E-01 -1.7652E-10 -1.9815E-10  2.5076E-01
  1.1051E+01 -5.3225E-08 -1.0830E-08  2.5075E-01 -1.4548E-10 -1.6785E-10  2.5075E-01
  1.1063E+01 -5.1795E-08 -1.0419E-08  2.5075E-01 -1.7972E-10 -2.0045E-10  2.5075E-01
  1.1075E+01 -4.1133E-08 -1.0497E-08  2.5074E-01 -1.5484E-10 -1.7663E-10  2.5074E-01
  1.1087E+01 -5.6746E-08 -1.0639E-08  2.5074E-01 -1.4753E-10 -1.6978E-10  2.5074E-01
  1.1099E+01 -4.8815E-08 -1.0452E-08  2.5073E-01 -1.7222E-10 -1.9292E-10  2.5073E-01
  1.1111E+01 -4.2029E-08 -1.0725E-08  2.5073E-01 -1.3396E-10 -1.5485E-10  2.5073E-01
  1.1123E+01 -5.7136E-08 -1.0512E-08  2.5072E-01 -1.4855E-10 -1.7024E-10  2.5072E-01
  1.1135E+01 -4.6015E-08 -1.0466E-08  2.5072E-01 -1.6376E-10 -1.8507E-10  2.5071E-01
  1.1147E+01 -4.5880E-08 -1.0966E-08  2.5071E-01 -1.1762E-10 -1.3711E-10  2.5071E-01
  1.1159E+01 -5.5634E-08 -1.0486E-08  2.5072E-01 -1.4716E-10 -1.6805E-10  2.5072E-01
  1.1171E+01 -4.3229E-08 -1.0478E-08  2.5076E-01 -1.4709E-10 -1.6798E-10  2.5076E-01
  1.1183E+01 -5.1434E-08 -1.1028E-08  2.5081E-01 -1.0837E-10 -1.2670E-10  2.5081E-01
  1.1195E+01 -5.3205E-08 -1.0521E-08  2.5080E-01 -1.4335E-10 -1.6356E-10  2.5080E-01
  1.1207E+01 -4.1040E-08 -1.0544E-08  2.5074E-01 -1.2837E-10 -1.4838E-10  2.5074E-01
  1.1219E+01 -5.6066E-08 -1.0881E-08  2.5070E-01 -1.1000E-10 -1.2884E-10  2.5070E-01
  1.1231E+01 -5.0411E-08 -1.0559E-08  2.5068E-01 -1.4130E-10 -1.6183E-10  2.5068E-01
  1.1243E+01 -4.0592E-08 -1.0726E-08  2.5067E-01 -1.0903E-10 -1.2740E-10  2.5067E-01
  1.1255E+01 -5.7976E-08 -1.0694E-08  2.5067E-01 -1.1236E-10 -1.3141E-10  2.5067E-01
  1.1267E+01 -4.7427E-08 -1.0579E-08  2.5066E-01 -1.3396E-10 -1.5436E-10  2.5066E-01
  1.1279E+01 -4.3093E-08 -1.0998E-08  2.5066E-01 -9.0335E-11 -1.0610E-10  2.5066E-01
  1.1291E+01 -5.7267E-08 -1.0606E-08  2.5066E-01 -1.1268E-10 -1.3144E-10  2.5065E-01
  1.1303E+01 -4.4354E-08 -1.0581E-08  2.5065E-01 -1.2176E-10 -1.4141E-10  2.5065E-01
  1.1315E+01 -4.8432E-08 -1.1180E-08  2.5065E-01 -7.9124E-11 -9.3044E-11  2.5065E-01
  1.1327E+01 -5.5039E-08 -1.0612E-08  2.5064E-01 -1.1179E-10 -1.3028E-10  2.5064E-01
  1.1339E+01 -4.1528E-08 -1.0608E-08  2.5064E-01 -1.0512E-10 -1.2307E-10  2.5064E-01
  1.1351E+01 -5.4342E-08 -1.1124E-08  2.5064E-01 -7.5296E-11 -8.8563E-11  2.5064E-01
  1.1363E+01 -5.2169E-08 -1.0653E-08  2.5064E-01 -1.0902E-10 -1.2722E-10  2.5064E-01
  1.1375E+01 -3.9844E-08 -1.0729E-08  2.5065E-01 -8.5701E-11 -1.0081E-10  2.5065E-01
  1.1387E+01 -5.8010E-08 -1.0914E-08  2.5068E-01 -7.7565E-11 -9.1427E-11  2.5068E-01
  1.1399E+01 -4.9019E-08 -1.0676E-08  2.5076E-01 -1.0388E-10 -1.2169E-10  2.5076E-01
  1.1411E+01 -4.0732E-08 -1.0980E-08  2.5082E-01 -6.7815E-11 -7.9652E-11  2.5082E-01
  1.1423E+01 -5.8567E-08 -1.0750E-08  2.5077E-01 -7.9746E-11 -9.4051E-11  2.5077E-01
  1.1435E+01 -4.5727E-08 -1.0685E-08  2.5067E-01 -9.3931E-11 -1.1046E-10  2.5067E-01
  1.1447E+01 -4.5086E-08 -1.1258E-08  2.5062E-01 -4.8079E-11 -5.5170E-11  2.5062E-01
  1.1459E+01 -5.6882E-08 -1.0706E-08  2.5060E-01 -7.6114E-11 -8.9396E-11  2.5060E-01
  1.1471E+01 -4.2451E-08 -1.0688E-08  2.5060E-01 -7.7248E-11 -9.0793E-11  2.5060E-01
  1.1483E+01 -5.1523E-08 -1.1331E-08  2.5059E-01 -3.8643E-11 -4.3266E-11  2.5059E-01
  1.1495E+01 -5.3712E-08 -1.0736E-08  2.5059E-01 -7.3822E-11 -8.6611E-11  2.5059E-01
  1.1507E+01 -3.9633E-08 -1.0763E-08  2.5058E-01 -5.6844E-11 -6.6086E-11  2.5058E-01
  1.1519E+01 -5.7414E-08 -1.1131E-08  2.5058E-01 -3.7821E-11 -4.2272E-11  2.5058E-01
  1.1531E+01 -5.0438E-08 -1.0771E-08  2.5057E-01 -6.8191E-11 -7.9893E-11  2.5057E-01
  1.1543E+01 -3.9298E-08 -1.0977E-08  2.5057E-01 -3.5403E-11 -3.9247E-11  2.5057E-01
  1.1555E+01 -5.9375E-08 -1.0911E-08  2.5057E-01 -3.8686E-11 -4.3421E-11  2.5057E-01
  1.1567E+01 -4.6962E-08 -1.0782E-08  2.5056E-01 -5.9545E-11 -6.9452E-11  2.5056E-01
  1.1579E+01 -4.2451E-08 -1.1285E-08  2.5056E-01 -1.6391E-11 -1.4812E-11  2.5056E-01
  1.1591E+01 -5.8390E-08 -1.0809E-08  2.5056E-01 -3.8745E-11 -4.3536E-11  2.5056E-01
  1.1603E+01 -4.3400E-08 -1.0774E-08  2.5049E-01 -4.6394E-11 -5.3198E-11  2.5049E-01
  1.1615E+01 -4.8762E-08 -1.1468E-08  2.5049E-01 -4.4113E-12  8.7729E-13  2.5049E-01
  1.1627E+01 -5.5747E-08 -1.0811E-08  2.5048E-01 -3.7268E-11 -4.1710E-11  2.5048E-01
  1.1639E+01 -4.0175E-08 -1.0801E-08  2.5048E-01 -2.9043E-11 -3.1230E-11  2.5048E-01
  1.1651E+01 -5.5476E-08 -1.1377E-08  2.5048E-01  7.0556E-13  7.6377E-12  2.5048E-01
  1.1663E+01 -5.2418E-08 -1.0849E-08  2.5047E-01 -3.3179E-11 -3.6561E-11  2.5047E-01
  1.1675E+01 -3.8377E-08 -1.0943E-08  2.5047E-01 -8.3363E-12 -4.3986E-12  2.5047E-01
  1.1687E+01 -5.9446E-08 -1.1126E-08  2.5047E-01  9.8396E-13  7.9522E-12  2.5047E-01
  1.1699E+01 -4.8790E-08 -1.0871E-08  2.5046E-01 -2.3388E-11 -2.4015E-11  2.5046E-01
  1.1711E+01 -3.9671E-08 -1.1236E-08  2.5046E-01  1.2552E-11  2.3171E-11  2.5046E-01
  1.1723E+01 -5.9876E-08 -1.0941E-08  2.5046E-01  4.8726E-13  7.1990E-12  2.5046E-01
  1.1735E+01 -4.5008E-08 -1.0866E-08  2.5046E-01 -1.3943E-11 -1.1803E-11  2.5046E-01
  1.1747E+01 -4.4922E-08 -1.1538E-08  2.5045E-01  2.9681E-11  4.6059E-11  2.5045E-01
  1.1759E+01 -5.7826E-08 -1.0890E-08  2.5045E-01  1.1624E-12  8.0014E-12  2.5045E-01
  1.1771E+01 -4.1260E-08 -1.0861E-08  2.5045E-01  1.2361E-12  8.1112E-12  2.5045E-01
  1.1783E+01 -5.2325E-08 -1.1590E-08  2.5044E-01  3.8493E-11  5.7935E-11  2.5044E-01
  1.1795E+01 -5.4568E-08 -1.0916E-08  2.5044E-01  3.8582E-12  1.1507E-11  2.5044E-01
  1.1807E+01 -3.8334E-08 -1.0934E-08  2.5044E-01  2.0014E-11  3.3054E-11  2.5044E-01
  1.1819E+01 -5.8363E-08 -1.1377E-08  2.5043E-01  4.1314E-11  6.1717E-11  2.5043E-01
  1.1831E+01 -5.0837E-08 -1.0949E-08  2.5043E-01  9.9892E-12  1.9611E-11  2.5043E-01
  1.1843E+01 -3.7794E-08 -1.1166E-08  2.5043E-01  4.0636E-11  6.0661E-11  2.5043E-01
  1.1855E+01 -6.0769E-08 -1.1116E-08  2.5043E-01  4.0592E-11  6.0676E-11  2.5043E-01
  1.1867E+01 -4.6870E-08 -1.0955E-08  2.5042E-01  1.9643E-11  3.2476E-11  2.5042E-01
  1.1879E+01 -4.1202E-08 -1.1512E-08  2.5042E-01  5.9617E-11  8.6125E-11  2.5042E-01
  1.1891E+01 -5.9768E-08 -1.0987E-08  2.5042E-01  4.0700E-11  6.0727E-11  2.5042E-01
  1.1903E+01 -4.2794E-08 -1.0938E-08  2.5041E-01  3.3464E-11  5.0992E-11  2.5041E-01
  1.1915E+01 -4.8287E-08 -1.1726E-08  2.5041E-01  7.3640E-11  1.0491E-10  2.5041E-01
  1.1927E+01 -5.6414E-08 -1.0981E-08  2.5041E-01  4.1815E-11  6.2157E-11  2.5041E-01
  1.1939E+01 -3.8729E-08 -1.0964E-08  2.5041E-01  5.1548E-11  7.5278E-11  2.5041E-01
  1.1951E+01 -5.6698E-08 -1.1598E-08  2.5040E-01  8.0324E-11  1.1384E-10  2.5040E-01
  1.1963E+01 -5.2612E-08 -1.1018E-08  2.5040E-01  4.6900E-11  6.8955E-11  2.5040E-01
  1.1975E+01 -3.6855E-08 -1.1133E-08  2.5040E-01  7.0758E-11  1.0097E-10  2.5040E-01
  1.2000E+01 -4.7811E-08 -1.1164E-08  2.5039E-01  5.6340E-11  8.1627E-11  2.5039E-01
