  1.1129E-02  5.7520E-02  9.0086E-01  5.8755E-01  4.1205E+01  3.8632E-01  4.1200E+01
  2.3219E-02  9.9520E-02  1.7399E+00  6.1001E-01  2.8532E+01  8.5396E-01  2.8498E+01
  3.5217E-02  1.4052E-01  1.8675E+00  6.1505E-01  1.6021E+01  9.7093E-01  1.5943E+01
  4.7247E-02  1.8152E-01  2.2462E+00  6.1987E-01  3.2213E+01  1.2208E+00  3.2153E+01
  5.9085E-02  2.2152E-01  3.2737E+00  6.2336E-01  3.4560E+01  1.6890E+00  3.4454E+01
  7.1286E-02  2.6252E-01  4.0527E+00  6.2442E-01  9.7105E+00  2.0944E+00  9.1128E+00
  8.3205E-02  3.0252E-01  4.1252E+00  6.2436E-01  8.0765E+00  2.1467E+00 -7.3081E+00
  9.5126E-02  3.4252E-01  4.4606E+00  6.2428E-01  5.4486E+00  2.3121E+00  3.9962E+00
  1.0706E-01  3.8252E-01  5.5004E+00  6.2443E-01  8.8983E+00  2.6860E+00  7.7896E+00
  1.1902E-01  4.2252E-01  6.4438E+00  6.2444E-01  1.0500E+01  2.9355E+00 -9.3891E+00
  1.3128E-01  4.6352E-01  6.7243E+00  6.2429E-01  2.1382E+01  2.9023E+00 -2.0871E+01
  1.4324E-01  5.0352E-01  6.6820E+00  6.2413E-01  1.8885E+01  2.9437E+00 -1.8287E+01
  1.5520E-01  5.4352E-01  6.6324E+00  6.2399E-01  1.5920E+01  2.9991E+00 -1.5177E+01
  1.6716E-01  5.8352E-01  6.6140E+00  6.2386E-01  1.4928E+01  3.0205E+00 -1.4121E+01
  1.7912E-01  6.2352E-01  6.6100E+00  6.2374E-01  1.4642E+01  3.0210E+00 -1.3817E+01
  1.9108E-01  6.6352E-01  6.6100E+00  6.2362E-01  1.4642E+01  3.0211E+00 -1.3817E+01
  2.0305E-01  7.0352E-01  6.6100E+00  6.2350E-01  1.4642E+01  3.0211E+00 -1.3817E+01
  2.1501E-01  7.4352E-01  6.6100E+00  6.2338E-01  1.4642E+01  3.0211E+00 -1.3816E+01
  2.2727E-01  7.8452E-01  6.6100E+00  6.2326E-01  1.4642E+01  3.0211E+00 -1.3816E+01
  2.3923E-01  8.2452E-01  6.6100E+00  6.2315E-01  1.4642E+01  3.0211E+00 -1.3816E+01
  2.5119E-01  8.6452E-01  6.6100E+00  6.2303E-01  1.4642E+01  3.0211E+00 -1.3815E+01
  2.6315E-01  9.0452E-01  6.6100E+00  6.2291E-01  1.4642E+01  3.0212E+00 -1.3815E+01
  2.7511E-01  9.4452E-01  6.6100E+00  6.2280E-01  1.4642E+01  3.0212E+00 -1.3815E+01
  2.8707E-01  9.8452E-01  6.6100E+00  6.2268E-01  1.4642E+01  3.0212E+00 -1.3814E+01
  2.9903E-01  1.0245E+00  6.6100E+00  6.2256E-01  1.4642E+01  3.0212E+00 -1.3814E+01
  3.1129E-01  1.0655E+00  6.6100E+00  6.2244E-01  1.4642E+01  3.0212E+00 -1.3814E+01
  3.2325E-01  1.1055E+00  6.6100E+00  6.2232E-01  1.4642E+01  3.0212E+00 -1.3813E+01
  3.3521E-01  1.1455E+00  6.6100E+00  6.2221E-01  1.4642E+01  3.0213E+00 -1.3813E+01
  3.4717E-01  1.1855E+00  6.6100E+00  6.2209E-01  1.4642E+01  3.0213E+00 -1.3813E+01
  3.5913E-01  1.2255E+00  6.6100E+00  6.2197E-01  1.4642E+01  3.0213E+00 -1.3812E+01
  3.7109E-01  1.2655E+00  6.6100E+00  6.2186E-01  1.4642E+01  3.0213E+00 -1.3812E+01
  3.8305E-01  1.3055E+00  6.6100E+00  6.2174E-01  1.4642E+01  3.0213E+00 -1.3812E+01
  3.9502E-01  1.3455E+00  6.6100E+00  6.2162E-01  1.4642E+01  3.0214E+00 -1.3811E+01
  4.0728E-01  1.3865E+00  6.6100E+00  6.2150E-01  1.4642E+01  3.0214E+00 -1.3811E+01
  4.1924E-01  1.4265E+00  6.6100E+00  6.2138E-01  1.4642E+01  3.0214E+00 -1.3811E+01
  4.3120E-01  1.4665E+00  6.6100E+00  6.2126E-01  1.4642E+01  3.0214E+00 -1.3810E+01
  4.4316E-01  1.5065E+00  6.6100E+00  6.2114E-01  1.4642E+01  3.0214E+00 -1.3810E+01
  4.5512E-01  1.5465E+00  6.6100E+00  6.2102E-01  1.4642E+01  3.0214E+00 -1.3810E+01
  4.6708E-01  1.5865E+00  6.6100E+00  6.2090E-01  1.4642E+01  3.0214E+00 -1.3809E+01
  4.7904E-01  1.6265E+00  6.6100E+00  6.2078E-01  1.4642E+01  3.0214E+00 -1.3809E+01
  4.9100E-01  1.6665E+00  6.6100E+00  6.2066E-01  1.4642E+01  3.0214E+00 -1.3809E+01
  5.0326E-01  1.7075E+00  6.6100E+00  6.2054E-01  1.4642E+01  3.0214E+00 -1.3808E+01
  5.1522E-01  1.7475E+00  6.6100E+00  6.2042E-01  1.4642E+01  3.0214E+00 -1.3808E+01
  5.2718E-01  1.7875E+00  6.6100E+00  6.2030E-01  1.4642E+01  3.0214E+00 -1.3808E+01
  5.3914E-01  1.8275E+00  6.6100E+00  6.2018E-01  1.4642E+01  3.0214E+00 -1.3807E+01
  5.5110E-01  1.8675E+00  6.6100E+00  6.2006E-01  1.4642E+01  3.0214E+00 -1.3807E+01
  5.6306E-01  1.9075E+00  6.6100E+00  6.1994E-01  1.4642E+01  3.0214E+00 -1.3807E+01
  5.7503E-01  1.9475E+00  6.6100E+00  6.1981E-01  1.4642E+01  3.0214E+00 -1.3806E+01
  5.8729E-01  1.9885E+00  6.6100E+00  6.1969E-01  1.4642E+01  3.0215E+00 -1.3806E+01
  5.9925E-01  2.0285E+00  6.6100E+00  6.1957E-01  1.4642E+01  3.0215E+00 -1.3805E+01
  6.1121E-01  2.0685E+00  6.6100E+00  6.1945E-01  1.4642E+01  3.0215E+00 -1.3805E+01
  6.2317E-01  2.1085E+00  6.6100E+00  6.1933E-01  1.4642E+01  3.0215E+00 -1.3805E+01
  6.3513E-01  2.1485E+00  6.6100E+00  6.1921E-01  1.4642E+01  3.0215E+00 -1.3804E+01
  6.4709E-01  2.1885E+00  6.6100E+00  6.1909E-01  1.4642E+01  3.0215E+00 -1.3804E+01
  6.5905E-01  2.2285E+00  6.6100E+00  6.1897E-01  1.4642E+01  3.0215E+00 -1.3804E+01
  6.7101E-01  2.2685E+00  6.6100E+00  6.1885E-01  1.4642E+01  3.0215E+00 -1.3803E+01
  6.8327E-01  2.3095E+00  6.6100E+00  6.1873E-01  1.4642E+01  3.0215E+00 -1.3803E+01
  6.9523E-01  2.3495E+00  6.6100E+00  6.1861E-01  1.4642E+01  3.0215E+00 -1.3803E+01
  7.0719E-01  2.3895E+00  6.6100E+00  6.1849E-01  1.4642E+01  3.0215E+00 -1.3802E+01
  7.1915E-01  2.4295E+00  6.6100E+00  6.1837E-01  1.4642E+01  3.0215E+00 -1.3802E+01
  7.3111E-01  2.4695E+00  6.6100E+00  6.1825E-01  1.4642E+01  3.0215E+00 -1.3802E+01
  7.4307E-01  2.5095E+00  6.6100E+00  6.1813E-01  1.4642E+01  3.0215E+00 -1.3801E+01
  7.5503E-01  2.5495E+00  6.6100E+00  6.1801E-01  1.4642E+01  3.0215E+00 -1.3801E+01
  7.6729E-01  2.5905E+00  6.6100E+00  6.1788E-01  1.4642E+01  3.0215E+00 -1.3801E+01
  7.7926E-01  2.6305E+00  6.6100E+00  6.1776E-01  1.4642E+01  3.0215E+00 -1.3800E+01
  7.9122E-01  2.6705E+00  6.6100E+00  6.1764E-01  1.4642E+01  3.0215E+00 -1.3800E+01
  8.0318E-01  2.7105E+00  6.6100E+00  6.1752E-01  1.4642E+01  3.0215E+00 -1.3800E+01
  8.1514E-01  2.7505E+00  6.6100E+00  6.1740E-01  1.4642E+01  3.0215E+00 -1.3799E+01
  8.2710E-01  2.7905E+00  6.6100E+00  6.1728E-01  1.4642E+01  3.0215E+00 -1.3799E+01
  8.3906E-01  2.8305E+00  6.6100E+00  6.1716E-01  1.4642E+01  3.0215E+00 -1.3799E+01
  8.5102E-01  2.8705E+00  6.6100E+00  6.1704E-01  1.4642E+01  3.0215E+00 -1.3798E+01
  8.6328E-01  2.9115E+00  6.6100E+00  6.1692E-01  1.4642E+01  3.0216E+00 -1.3798E+01
  8.7524E-01  2.9515E+00  6.6100E+00  6.1680E-01  1.4642E+01  3.0216E+00 -1.3798E+01
  8.8720E-01  2.9915E+00  6.6100E+00  6.1668E-01  1.4642E+01  3.0216E+00 -1.3797E+01
  8.9916E-01  3.0315E+00  6.6100E+00  6.1656E-01  1.4642E+01  3.0216E+00 -1.3797E+01
  9.1112E-01  3.0715E+00  6.6100E+00  6.1644E-01  1.4642E+01  3.0216E+00 -1.3797E+01
  9.2308E-01  3.1115E+00  6.6100E+00  6.1632E-01  1.4642E+01  3.0216E+00 -1.3796E+01
  9.3504E-01  3.1515E+00  6.6100E+00  6.1620E-01  1.4642E+01  3.0216E+00 -1.3796E+01
  9.4701E-01  3.1915E+00  6.6100E+00  6.1608E-01  1.4642E+01  3.0216E+00 -1.3796E+01
  9.5927E-01  3.2325E+00  6.6100E+00  6.1596E-01  1.4642E+01  3.0216E+00 -1.3795E+01
  9.7123E-01  3.2725E+00  6.6100E+00  6.1584E-01  1.4642E+01  3.0216E+00 -1.3795E+01
  9.8319E-01  3.3125E+00  6.6100E+00  6.1572E-01  1.4642E+01  3.0216E+00 -1.3795E+01
  9.9515E-01  3.3525E+00  6.6100E+00  6.1560E-01  1.4642E+01  3.0216E+00 -1.3794E+01
  1.0071E+00  3.3925E+00  6.6100E+00  6.1548E-01  1.4642E+01  3.0216E+00 -1.3794E+01
  1.0191E+00  3.4325E+00  6.6100E+00  6.1536E-01  1.4642E+01  3.0216E+00 -1.3794E+01
  1.0310E+00  3.4725E+00  6.6100E+00  6.1524E-01  1.4642E+01  3.0216E+00 -1.3793E+01
  1.0433E+00  3.5135E+00  6.6100E+00  6.1511E-01  1.4642E+01  3.0216E+00 -1.3793E+01
  1.0553E+00  3.5535E+00  6.6100E+00  6.1499E-01  1.4642E+01  3.0216E+00 -1.3793E+01
  1.0672E+00  3.5935E+00  6.6100E+00  6.1487E-01  1.4642E+01  3.0216E+00 -1.3792E+01
  1.0792E+00  3.6335E+00  6.6100E+00  6.1475E-01  1.4642E+01  3.0216E+00 -1.3792E+01
  1.0911E+00  3.6735E+00  6.6100E+00  6.1463E-01  1.4642E+01  3.0216E+00 -1.3791E+01
  1.1031E+00  3.7135E+00  6.6100E+00  6.1451E-01  1.4642E+01  3.0216E+00 -1.3791E+01
  1.1151E+00  3.7535E+00  6.6100E+00  6.1439E-01  1.4642E+01  3.0216E+00 -1.3791E+01
  1.1270E+00  3.7935E+00  6.6100E+00  6.1427E-01  1.4642E+01  3.0217E+00 -1.3790E+01
  1.1393E+00  3.8345E+00  6.6100E+00  6.1415E-01  1.4642E+01  3.0217E+00 -1.3790E+01
  1.1512E+00  3.8745E+00  6.6100E+00  6.1403E-01  1.4642E+01  3.0217E+00 -1.3790E+01
  1.1632E+00  3.9145E+00  6.6100E+00  6.1391E-01  1.4642E+01  3.0217E+00 -1.3789E+01
  1.1752E+00  3.9545E+00  6.6100E+00  6.1379E-01  1.4642E+01  3.0217E+00 -1.3789E+01
  1.1871E+00  3.9945E+00  6.6100E+00  6.1367E-01  1.4642E+01  3.0217E+00 -1.3789E+01
  1.1991E+00  4.0345E+00  6.6100E+00  6.1355E-01  1.4642E+01  3.0217E+00 -1.3788E+01
  1.2110E+00  4.0745E+00  6.6100E+00  6.1343E-01  1.4642E+01  3.0217E+00 -1.3788E+01
  1.2230E+00  4.1145E+00  6.6100E+00  6.1331E-01  1.4642E+01  3.0217E+00 -1.3788E+01
  1.2353E+00  4.1555E+00  6.6100E+00  6.1319E-01  1.4642E+01  3.0217E+00 -1.3787E+01
  1.2472E+00  4.1955E+00  6.6100E+00  6.1307E-01  1.4642E+01  3.0217E+00 -1.3787E+01
  1.2592E+00  4.2355E+00  6.6100E+00  6.1295E-01  1.4642E+01  3.0217E+00 -1.3787E+01
  1.2711E+00  4.2755E+00  6.6100E+00  6.1283E-01  1.4642E+01  3.0217E+00 -1.3786E+01
  1.2831E+00  4.3155E+00  6.6100E+00  6.1271E-01  1.4642E+01  3.0217E+00 -1.3786E+01
  1.2951E+00  4.3555E+00  6.6100E+00  6.1259E-01  1.4642E+01  3.0217E+00 -1.3786E+01
  1.3070E+00  4.3955E+00  6.6100E+00  6.1247E-01  1.4642E+01  3.0217E+00 -1.3785E+01
  1.3193E+00  4.4365E+00  6.6100E+00  6.1234E-01  1.4642E+01  3.0217E+00 -1.3785E+01
  1.3312E+00  4.4765E+00  6.6100E+00  6.1222E-01  1.4642E+01  3.0217E+00 -1.3785E+01
  1.3432E+00  4.5165E+00  6.6100E+00  6.1210E-01  1.4642E+01  3.0217E+00 -1.3784E+01
  1.3552E+00  4.5565E+00  6.6100E+00  6.1198E-01  1.4642E+01  3.0217E+00 -1.3784E+01
  1.3671E+00  4.5965E+00  6.6100E+00  6.1186E-01  1.4642E+01  3.0217E+00 -1.3783E+01
  1.3791E+00  4.6365E+00  6.6100E+00  6.1175E-01  1.4642E+01  3.0217E+00 -1.3783E+01
  1.3910E+00  4.6765E+00  6.6100E+00  6.1163E-01  1.4642E+01  3.0217E+00 -1.3783E+01
  1.4030E+00  4.7165E+00  6.6100E+00  6.1151E-01  1.4642E+01  3.0218E+00 -1.3782E+01
  1.4153E+00  4.7575E+00  6.6100E+00  6.1138E-01  1.4642E+01  3.0218E+00 -1.3782E+01
  1.4272E+00  4.7975E+00  6.6100E+00  6.1126E-01  1.4642E+01  3.0218E+00 -1.3782E+01
  1.4392E+00  4.8375E+00  6.6100E+00  6.1114E-01  1.4642E+01  3.0218E+00 -1.3781E+01
  1.4512E+00  4.8775E+00  6.6100E+00  6.1102E-01  1.4642E+01  3.0218E+00 -1.3781E+01
  1.4631E+00  4.9175E+00  6.6100E+00  6.1090E-01  1.4642E+01  3.0218E+00 -1.3781E+01
  1.4751E+00  4.9575E+00  6.6100E+00  6.1078E-01  1.4642E+01  3.0218E+00 -1.3780E+01
  1.4870E+00  4.9975E+00  6.6100E+00  6.1066E-01  1.4642E+01  3.0218E+00 -1.3780E+01
  1.4993E+00  5.0385E+00  6.6100E+00  6.1054E-01  1.4642E+01  3.0218E+00 -1.3780E+01
  1.5113E+00  5.0785E+00  6.6100E+00  6.1042E-01  1.4642E+01  3.0218E+00 -1.3779E+01
  1.5232E+00  5.1185E+00  6.6100E+00  6.1030E-01  1.4642E+01  3.0218E+00 -1.3779E+01
  1.5352E+00  5.1585E+00  6.6100E+00  6.1018E-01  1.4642E+01  3.0218E+00 -1.3779E+01
  1.5471E+00  5.1985E+00  6.6100E+00  6.1006E-01  1.4642E+01  3.0218E+00 -1.3778E+01
  1.5591E+00  5.2385E+00  6.6100E+00  6.0994E-01  1.4642E+01  3.0218E+00 -1.3778E+01
  1.5711E+00  5.2785E+00  6.6100E+00  6.0982E-01  1.4642E+01  3.0218E+00 -1.3777E+01
  1.5830E+00  5.3185E+00  6.6100E+00  6.0970E-01  1.4642E+01  3.0218E+00 -1.3777E+01
  1.5953E+00  5.3595E+00  6.6100E+00  6.0958E-01  1.4642E+01  3.0218E+00 -1.3777E+01
  1.6072E+00  5.3995E+00  6.6100E+00  6.0946E-01  1.4642E+01  3.0218E+00 -1.3776E+01
  1.6192E+00  5.4395E+00  6.6100E+00  6.0934E-01  1.4642E+01  3.0218E+00 -1.3776E+01
  1.6312E+00  5.4795E+00  6.6100E+00  6.0922E-01  1.4642E+01  3.0218E+00 -1.3776E+01
  1.6431E+00  5.5195E+00  6.6100E+00  6.0910E-01  1.4642E+01  3.0218E+00 -1.3775E+01
  1.6551E+00  5.5595E+00  6.6100E+00  6.0898E-01  1.4642E+01  3.0218E+00 -1.3775E+01
  1.6670E+00  5.5995E+00  6.6100E+00  6.0886E-01  1.4642E+01  3.0219E+00 -1.3775E+01
  1.6790E+00  5.6395E+00  6.6100E+00  6.0874E-01  1.4642E+01  3.0219E+00 -1.3774E+01
  1.6913E+00  5.6805E+00  6.6100E+00  6.0862E-01  1.4642E+01  3.0219E+00 -1.3774E+01
  1.7032E+00  5.7205E+00  6.6100E+00  6.0850E-01  1.4642E+01  3.0219E+00 -1.3774E+01
  1.7152E+00  5.7605E+00  6.6100E+00  6.0838E-01  1.4642E+01  3.0219E+00 -1.3773E+01
  1.7271E+00  5.8005E+00  6.6100E+00  6.0826E-01  1.4642E+01  3.0219E+00 -1.3773E+01
  1.7391E+00  5.8405E+00  6.6100E+00  6.0814E-01  1.4642E+01  3.0219E+00 -1.3773E+01
  1.7511E+00  5.8805E+00  6.6100E+00  6.0802E-01  1.4642E+01  3.0219E+00 -1.3772E+01
  1.7630E+00  5.9205E+00  6.6100E+00  6.0790E-01  1.4642E+01  3.0219E+00 -1.3772E+01
  1.7753E+00  5.9615E+00  6.6100E+00  6.0777E-01  1.4642E+01  3.0219E+00 -1.3771E+01
  1.7873E+00  6.0015E+00  6.6100E+00  6.0765E-01  1.4642E+01  3.0219E+00 -1.3771E+01
  1.7992E+00  6.0415E+00  6.6100E+00  6.0753E-01  1.4642E+01  3.0219E+00 -1.3771E+01
  1.8112E+00  6.0815E+00  6.6100E+00  6.0741E-01  1.4642E+01  3.0219E+00 -1.3770E+01
  1.8231E+00  6.1215E+00  6.6100E+00  6.0729E-01  1.4642E+01  3.0219E+00 -1.3770E+01
  1.8351E+00  6.1615E+00  6.6100E+00  6.0717E-01  1.4642E+01  3.0219E+00 -1.3770E+01
  1.8471E+00  6.2015E+00  6.6100E+00  6.0705E-01  1.4642E+01  3.0219E+00 -1.3769E+01
  1.8590E+00  6.2415E+00  6.6100E+00  6.0693E-01  1.4642E+01  3.0219E+00 -1.3769E+01
  1.8713E+00  6.2825E+00  6.6100E+00  6.0681E-01  1.4642E+01  3.0219E+00 -1.3769E+01
  1.8832E+00  6.3225E+00  6.6100E+00  6.0669E-01  1.4642E+01  3.0219E+00 -1.3768E+01
  1.8952E+00  6.3625E+00  6.6100E+00  6.0657E-01  1.4642E+01  3.0219E+00 -1.3768E+01
  1.9072E+00  6.4025E+00  6.6100E+00  6.0645E-01  1.4642E+01  3.0219E+00 -1.3767E+01
  1.9191E+00  6.4425E+00  6.6100E+00  6.0633E-01  1.4642E+01  3.0219E+00 -1.3767E+01
  1.9311E+00  6.4825E+00  6.6100E+00  6.0621E-01  1.4642E+01  3.0219E+00 -1.3767E+01
  1.9430E+00  6.5225E+00  6.6100E+00  6.0609E-01  1.4642E+01  3.0220E+00 -1.3766E+01
  1.9550E+00  6.5625E+00  6.6100E+00  6.0597E-01  1.4642E+01  3.0220E+00 -1.3766E+01
  1.9673E+00  6.6035E+00  6.6100E+00  6.0585E-01  1.4642E+01  3.0220E+00 -1.3766E+01
  1.9792E+00  6.6435E+00  6.6100E+00  6.0573E-01  1.4642E+01  3.0220E+00 -1.3765E+01
  1.9912E+00  6.6835E+00  6.6100E+00  6.0561E-01  1.4642E+01  3.0220E+00 -1.3765E+01
  2.0031E+00  6.7235E+00  6.6100E+00  6.0549E-01  1.4642E+01  3.0220E+00 -1.3765E+01
  2.0151E+00  6.7635E+00  6.6100E+00  6.0537E-01  1.4642E+01  3.0220E+00 -1.3764E+01
  2.0271E+00  6.8035E+00  6.6100E+00  6.0525E-01  1.4642E+01  3.0220E+00 -1.3764E+01
  2.0390E+00  6.8435E+00  6.6100E+00  6.0513E-01  1.4642E+01  3.0220E+00 -1.3764E+01
  2.0513E+00  6.8845E+00  6.6100E+00  6.0501E-01  1.4642E+01  3.0220E+00 -1.3763E+01
  2.0632E+00  6.9245E+00  6.6100E+00  6.0489E-01  1.4642E+01  3.0220E+00 -1.3763E+01
  2.0752E+00  6.9645E+00  6.6100E+00  6.0477E-01  1.4642E+01  3.0220E+00 -1.3762E+01
  2.0872E+00  7.0045E+00  6.6100E+00  6.0465E-01  1.4642E+01  3.0220E+00 -1.3762E+01
  2.0991E+00  7.0445E+00  6.6100E+00  6.0453E-01  1.4642E+01  3.0220E+00 -1.3762E+01
  2.1111E+00  7.0845E+00  6.6100E+00  6.0441E-01  1.4642E+01  3.0220E+00 -1.3761E+01
  2.1230E+00  7.1245E+00  6.6100E+00  6.0429E-01  1.4642E+01  3.0220E+00 -1.3761E+01
  2.1350E+00  7.1645E+00  6.6100E+00  6.0417E-01  1.4642E+01  3.0220E+00 -1.3761E+01
  2.1473E+00  7.2055E+00  6.6100E+00  6.0405E-01  1.4642E+01  3.0220E+00 -1.3760E+01
  2.1592E+00  7.2455E+00  6.6100E+00  6.0393E-01  1.4642E+01  3.0220E+00 -1.3760E+01
  2.1712E+00  7.2855E+00  6.6100E+00  6.0381E-01  1.4642E+01  3.0220E+00 -1.3760E+01
  2.1832E+00  7.3255E+00  6.6100E+00  6.0369E-01  1.4642E+01  3.0220E+00 -1.3759E+01
  2.1951E+00  7.3655E+00  6.6100E+00  6.0357E-01  1.4642E+01  3.0220E+00 -1.3759E+01
  2.2071E+00  7.4055E+00  6.6100E+00  6.0345E-01  1.4642E+01  3.0221E+00 -1.3758E+01
  2.2190E+00  7.4455E+00  6.6100E+00  6.0333E-01  1.4642E+01  3.0221E+00 -1.3758E+01
  2.2313E+00  7.4865E+00  6.6100E+00  6.0321E-01  1.4642E+01  3.0221E+00 -1.3758E+01
  2.2433E+00  7.5265E+00  6.6100E+00  6.0309E-01  1.4642E+01  3.0221E+00 -1.3757E+01
  2.2552E+00  7.5665E+00  6.6100E+00  6.0297E-01  1.4642E+01  3.0221E+00 -1.3757E+01
  2.2672E+00  7.6065E+00  6.6100E+00  6.0285E-01  1.4642E+01  3.0221E+00 -1.3757E+01
  2.2791E+00  7.6465E+00  6.6100E+00  6.0273E-01  1.4642E+01  3.0221E+00 -1.3756E+01
  2.2911E+00  7.6865E+00  6.6100E+00  6.0261E-01  1.4642E+01  3.0221E+00 -1.3756E+01
  2.3031E+00  7.7265E+00  6.6100E+00  6.0249E-01  1.4642E+01  3.0221E+00 -1.3755E+01
  2.3150E+00  7.7665E+00  6.6100E+00  6.0237E-01  1.4642E+01  3.0221E+00 -1.3755E+01
  2.3273E+00  7.8075E+00  6.6100E+00  6.0225E-01  1.4642E+01  3.0221E+00 -1.3755E+01
  2.3392E+00  7.8475E+00  6.6100E+00  6.0213E-01  1.4642E+01  3.0221E+00 -1.3754E+01
  2.3512E+00  7.8875E+00  6.6100E+00  6.0201E-01  1.4642E+01  3.0221E+00 -1.3754E+01
  2.3632E+00  7.9275E+00  6.6100E+00  6.0189E-01  1.4642E+01  3.0221E+00 -1.3754E+01
  2.3751E+00  7.9675E+00  6.6100E+00  6.0177E-01  1.4642E+01  3.0221E+00 -1.3753E+01
  2.3871E+00  8.0075E+00  6.6100E+00  6.0165E-01  1.4642E+01  3.0221E+00 -1.3753E+01
  2.3990E+00  8.0475E+00  6.6100E+00  6.0153E-01  1.4642E+01  3.0221E+00 -1.3753E+01
  2.4110E+00  8.0875E+00  6.6100E+00  6.0141E-01  1.4642E+01  3.0221E+00 -1.3752E+01
  2.4233E+00  8.1285E+00  6.6100E+00  6.0129E-01  1.4642E+01  3.0221E+00 -1.3752E+01
  2.4352E+00  8.1685E+00  6.6100E+00  6.0117E-01  1.4642E+01  3.0221E+00 -1.3751E+01
  2.4472E+00  8.2085E+00  6.6100E+00  6.0105E-01  1.4642E+01  3.0221E+00 -1.3751E+01
  2.4591E+00  8.2485E+00  6.6100E+00  6.0093E-01  1.4642E+01  3.0221E+00 -1.3751E+01
  2.4711E+00  8.2885E+00  6.6100E+00  6.0081E-01  1.4642E+01  3.0221E+00 -1.3750E+01
  2.4831E+00  8.3285E+00  6.6100E+00  6.0069E-01  1.4642E+01  3.0222E+00 -1.3750E+01
  2.4950E+00  8.3685E+00  6.6100E+00  6.0057E-01  1.4642E+01  3.0222E+00 -1.3750E+01
  2.5073E+00  8.4095E+00  6.6100E+00  6.0045E-01  1.4642E+01  3.0222E+00 -1.3749E+01
  2.5192E+00  8.4495E+00  6.6100E+00  6.0033E-01  1.4642E+01  3.0222E+00 -1.3749E+01
  2.5312E+00  8.4895E+00  6.6100E+00  6.0021E-01  1.4642E+01  3.0222E+00 -1.3748E+01
  2.5432E+00  8.5295E+00  6.6100E+00  6.0009E-01  1.4642E+01  3.0222E+00 -1.3748E+01
  2.5551E+00  8.5695E+00  6.6100E+00  5.9997E-01  1.4642E+01  3.0222E+00 -1.3748E+01
  2.5671E+00  8.6095E+00  6.6100E+00  5.9985E-01  1.4642E+01  3.0222E+00 -1.3747E+01
  2.5791E+00  8.6495E+00  6.6100E+00  5.9973E-01  1.4642E+01  3.0222E+00 -1.3747E+01
  2.5910E+00  8.6895E+00  6.6100E+00  5.9961E-01  1.4642E+01  3.0222E+00 -1.3747E+01
  2.6033E+00  8.7305E+00  6.6100E+00  5.9949E-01  1.4642E+01  3.0222E+00 -1.3746E+01
  2.6152E+00  8.7705E+00  6.6100E+00  5.9937E-01  1.4642E+01  3.0222E+00 -1.3746E+01
  2.6272E+00  8.8105E+00  6.6100E+00  5.9925E-01  1.4642E+01  3.0222E+00 -1.3745E+01
  2.6392E+00  8.8505E+00  6.6100E+00  5.9913E-01  1.4642E+01  3.0222E+00 -1.3745E+01
  2.6511E+00  8.8905E+00  6.6100E+00  5.9901E-01  1.4642E+01  3.0222E+00 -1.3745E+01
  2.6631E+00  8.9305E+00  6.6100E+00  5.9889E-01  1.4642E+01  3.0222E+00 -1.3744E+01
  2.6750E+00  8.9705E+00  6.6100E+00  5.9877E-01  1.4642E+01  3.0222E+00 -1.3744E+01
  2.6873E+00  9.0115E+00  6.6100E+00  5.9865E-01  1.4642E+01  3.0222E+00 -1.3744E+01
  2.6993E+00  9.0515E+00  6.6100E+00  5.9853E-01  1.4642E+01  3.0222E+00 -1.3743E+01
  2.7112E+00  9.0915E+00  6.6100E+00  5.9841E-01  1.4642E+01  3.0222E+00 -1.3743E+01
  2.7232E+00  9.1315E+00  6.6100E+00  5.9829E-01  1.4642E+01  3.0222E+00 -1.3742E+01
  2.7351E+00  9.1715E+00  6.6100E+00  5.9817E-01  1.4642E+01  3.0222E+00 -1.3742E+01
  2.7471E+00  9.2115E+00  6.6100E+00  5.9805E-01  1.4642E+01  3.0223E+00 -1.3742E+01
  2.7591E+00  9.2515E+00  6.6100E+00  5.9793E-01  1.4642E+01  3.0223E+00 -1.3741E+01
  2.7710E+00  9.2915E+00  6.6100E+00  5.9781E-01  1.4642E+01  3.0223E+00 -1.3741E+01
  2.7833E+00  9.3325E+00  6.6100E+00  5.9769E-01  1.4642E+01  3.0223E+00 -1.3741E+01
  2.7952E+00  9.3725E+00  6.6100E+00  5.9757E-01  1.4642E+01  3.0223E+00 -1.3740E+01
  2.8072E+00  9.4125E+00  6.6100E+00  5.9745E-01  1.4642E+01  3.0223E+00 -1.3740E+01
  2.8192E+00  9.4525E+00  6.6100E+00  5.9733E-01  1.4642E+01  3.0223E+00 -1.3739E+01
  2.8311E+00  9.4925E+00  6.6100E+00  5.9721E-01  1.4642E+01  3.0223E+00 -1.3739E+01
  2.8431E+00  9.5325E+00  6.6100E+00  5.9709E-01  1.4642E+01  3.0223E+00 -1.3739E+01
  2.8550E+00  9.5725E+00  6.6100E+00  5.9697E-01  1.4642E+01  3.0223E+00 -1.3738E+01
  2.8670E+00  9.6125E+00  6.6100E+00  5.9685E-01  1.4642E+01  3.0223E+00 -1.3738E+01
  2.8793E+00  9.6535E+00  6.6100E+00  5.9673E-01  1.4642E+01  3.0223E+00 -1.3738E+01
  2.8912E+00  9.6935E+00  6.6100E+00  5.9661E-01  1.4642E+01  3.0223E+00 -1.3737E+01
  2.9032E+00  9.7335E+00  6.6100E+00  5.9649E-01  1.4642E+01  3.0223E+00 -1.3737E+01
  2.9152E+00  9.7735E+00  6.6100E+00  5.9637E-01  1.4642E+01  3.0223E+00 -1.3736E+01
  2.9271E+00  9.8135E+00  6.6100E+00  5.9625E-01  1.4642E+01  3.0223E+00 -1.3736E+01
  2.9391E+00  9.8535E+00  6.6100E+00  5.9613E-01  1.4642E+01  3.0223E+00 -1.3736E+01
  2.9510E+00  9.8935E+00  6.6100E+00  5.9601E-01  1.4649E+01  3.0234E+00 -1.3742E+01
  2.9633E+00  9.9345E+00  6.6087E+00  5.9589E-01  1.4804E+01  3.0274E+00 -1.3905E+01
  2.9753E+00  9.9745E+00  6.6053E+00  5.9576E-01  1.5142E+01  3.0371E+00 -1.4258E+01
  2.9872E+00  1.0015E+01  6.6441E+00  5.9565E-01  1.2859E+01  3.0275E+00 -1.1812E+01
  2.9992E+00  1.0055E+01  6.8250E+00  5.9556E-01  1.0207E+01  3.1060E+00 -8.7742E+00
  3.0111E+00  1.0095E+01  7.0234E+00  5.9549E-01  1.2476E+01  3.2037E+00 -1.1256E+01
  3.0231E+00  1.0135E+01  7.1448E+00  5.9540E-01  1.2236E+01  3.2062E+00 -1.0987E+01
  3.0351E+00  1.0175E+01  7.3488E+00  5.9534E-01  1.0499E+01  3.3076E+00 -8.9082E+00
  3.0470E+00  1.0215E+01  7.5260E+00  5.9528E-01  1.3365E+01  3.3902E+00 -1.2091E+01
  3.0590E+00  1.0255E+01  7.6558E+00  5.9521E-01  1.1622E+01  3.4067E+00 -1.0115E+01
  3.0713E+00  1.0296E+01  7.8765E+00  5.9515E-01  1.1028E+01  3.5139E+00 -9.3145E+00
  3.0832E+00  1.0336E+01  8.0277E+00  5.9510E-01  1.3801E+01  3.5642E+00 -1.2433E+01
  3.0952E+00  1.0376E+01  8.1785E+00  5.9504E-01  1.1100E+01  3.6135E+00 -9.2917E+00
  3.1072E+00  1.0416E+01  8.3948E+00  5.9500E-01  1.1723E+01  3.7179E+00 -9.9193E+00
  3.1192E+00  1.0456E+01  8.5266E+00  5.9495E-01  1.3602E+01  3.7379E+00 -1.2064E+01
  3.1311E+00  1.0496E+01  8.7007E+00  5.9491E-01  1.0884E+01  3.8170E+00 -8.7916E+00
  3.1431E+00  1.0536E+01  8.9069E+00  5.9487E-01  1.2543E+01  3.9187E+00 -1.0674E+01
  3.1551E+00  1.0576E+01  9.0288E+00  5.9483E-01  1.2974E+01  3.9219E+00 -1.1173E+01
  3.1671E+00  1.0616E+01  9.2250E+00  5.9479E-01  1.0887E+01  4.0195E+00 -8.5355E+00
  3.1790E+00  1.0656E+01  9.4130E+00  5.9476E-01  1.3314E+01  4.1106E+00 -1.1379E+01
  3.1910E+00  1.0696E+01  9.5375E+00  5.9473E-01  1.2223E+01  4.1181E+00 -1.0072E+01
  3.2033E+00  1.0737E+01  9.7545E+00  5.9470E-01  1.1151E+01  4.2246E+00 -8.5960E+00
  3.2153E+00  1.0777E+01  9.9166E+00  5.9467E-01  1.3830E+01  4.2890E+00 -1.1801E+01
  3.2272E+00  1.0817E+01  1.0057E+01  5.9464E-01  1.1535E+01  4.3235E+00 -8.9553E+00
  3.2392E+00  1.0857E+01  1.0275E+01  5.9462E-01  1.1617E+01  4.4278E+00 -8.9163E+00
  3.2512E+00  1.0897E+01  1.0415E+01  5.9459E-01  1.3762E+01  4.4604E+00 -1.1538E+01
  3.2632E+00  1.0937E+01  1.0578E+01  5.9457E-01  1.1156E+01  4.5270E+00 -8.1533E+00
  3.2751E+00  1.0977E+01  1.0790E+01  5.9455E-01  1.2238E+01  4.6300E+00 -9.4407E+00
  3.2871E+00  1.1017E+01  1.0915E+01  5.9453E-01  1.3231E+01  4.6384E+00 -1.0686E+01
  3.2991E+00  1.1057E+01  1.1102E+01  5.9451E-01  1.1024E+01  4.7295E+00 -7.6323E+00
  3.3111E+00  1.1097E+01  1.1300E+01  5.9449E-01  1.2922E+01  4.8264E+00 -1.0054E+01
  3.3231E+00  1.1137E+01  1.1421E+01  5.9447E-01  1.2501E+01  4.8292E+00 -9.5022E+00
  3.3351E+00  1.1177E+01  1.1627E+01  5.9446E-01  1.1120E+01  4.9314E+00 -7.4057E+00
  3.3470E+00  1.1217E+01  1.1802E+01  5.9444E-01  1.3465E+01  5.0107E+00 -1.0500E+01
  3.3590E+00  1.1257E+01  1.1933E+01  5.9443E-01  1.1837E+01  5.0294E+00 -8.2780E+00
  3.3713E+00  1.1298E+01  1.2155E+01  5.9441E-01  1.1450E+01  5.1365E+00 -7.5124E+00
  3.3833E+00  1.1338E+01  1.2304E+01  5.9440E-01  1.3623E+01  5.1830E+00 -1.0467E+01
  3.3953E+00  1.1378E+01  1.2457E+01  5.9439E-01  1.1360E+01  5.2357E+00 -7.1733E+00
  3.4072E+00  1.1418E+01  1.2673E+01  5.9438E-01  1.1935E+01  5.3393E+00 -7.8586E+00
  3.4192E+00  1.1458E+01  1.2804E+01  5.9437E-01  1.3288E+01  5.3564E+00 -9.7653E+00
  3.4312E+00  1.1498E+01  1.2980E+01  5.9435E-01  1.1192E+01  5.4384E+00 -6.4456E+00
  3.4432E+00  1.1538E+01  1.3185E+01  5.9435E-01  1.2533E+01  5.5386E+00 -8.3803E+00
  3.4552E+00  1.1578E+01  1.3307E+01  5.9434E-01  1.2684E+01  5.5411E+00 -8.5997E+00
  3.4672E+00  1.1618E+01  1.3505E+01  5.9433E-01  1.1229E+01  5.6402E+00 -6.0031E+00
  3.4791E+00  1.1658E+01  1.3691E+01  5.9432E-01  1.3091E+01  5.7285E+00 -8.8580E+00
  3.4911E+00  1.1698E+01  1.3816E+01  5.9431E-01  1.2097E+01  5.7380E+00 -7.2887E+00
  3.5031E+00  1.1738E+01  1.4029E+01  5.9430E-01  1.1448E+01  5.8421E+00 -5.8672E+00
  3.5151E+00  1.1778E+01  1.4191E+01  5.9430E-01  1.3414E+01  5.9058E+00 -9.0093E+00
  3.5271E+00  1.1818E+01  1.4332E+01  5.9429E-01  1.1710E+01  5.9406E+00 -6.0985E+00
  3.5391E+00  1.1858E+01  1.4550E+01  5.9428E-01  1.1823E+01  6.0447E+00 -6.0270E+00
  3.5510E+00  1.1898E+01  1.4690E+01  5.9428E-01  1.3351E+01  6.0767E+00 -8.5848E+00
  3.5630E+00  1.1938E+01  1.4853E+01  5.9427E-01  1.1550E+01  6.1438E+00 -5.1495E+00
  3.5750E+00  1.1978E+01  1.5065E+01  5.9426E-01  1.2314E+01  6.2464E+00 -6.4142E+00
  3.5870E+00  1.2018E+01  1.5190E+01  5.9426E-01  1.2976E+01  6.2544E+00 -7.5899E+00
  3.5993E+00  1.2059E+01  1.5383E+01  5.9425E-01  1.1591E+01  6.3485E+00 -4.4979E+00
  3.6113E+00  1.2099E+01  1.5578E+01  5.9425E-01  1.2909E+01  6.4434E+00 -7.0050E+00
  3.6233E+00  1.2139E+01  1.5701E+01  5.9424E-01  1.2485E+01  6.4471E+00 -6.1771E+00
  3.6352E+00  1.2179E+01  1.5908E+01  5.9424E-01  1.1798E+01  6.5501E+00 -4.2072E+00
  3.6472E+00  1.2219E+01  1.6080E+01  5.9424E-01  1.3332E+01  6.6257E+00 -7.3081E+00
  3.6592E+00  1.2259E+01  1.6214E+01  5.9423E-01  1.2202E+01  6.6479E+00 -4.8718E+00
  3.6712E+00  1.2299E+01  1.6431E+01  5.9423E-01  1.2117E+01  6.7523E+00 -4.2064E+00
  3.6832E+00  1.2339E+01  1.6579E+01  5.9423E-01  1.3474E+01  6.7979E+00 -7.1183E+00
  3.6952E+00  1.2379E+01  1.6733E+01  5.9422E-01  1.2136E+01  6.8514E+00 -3.7871E+00
  3.7072E+00  1.2419E+01  1.6949E+01  5.9422E-01  1.2534E+01  6.9548E+00 -4.4862E+00
  3.7191E+00  1.2459E+01  1.7079E+01  5.9422E-01  1.3332E+01  6.9712E+00 -6.3328E+00
  3.7311E+00  1.2499E+01  1.7256E+01  5.9421E-01  1.2245E+01  7.0539E+00 -3.0032E+00
  3.7431E+00  1.2539E+01  1.7461E+01  5.9421E-01  1.3018E+01  7.1537E+00 -4.9523E+00
  3.7551E+00  1.2579E+01  1.7582E+01  5.9421E-01  1.3079E+01  7.1561E+00 -5.1017E+00
  3.7671E+00  1.2619E+01  1.7781E+01  5.9421E-01  1.2468E+01  7.2555E+00 -2.5195E+00
  3.7791E+00  1.2659E+01  1.7966E+01  5.9421E-01  1.3478E+01  7.3431E+00 -5.3796E+00
  3.7911E+00  1.2699E+01  1.8092E+01  5.9420E-01  1.2929E+01  7.3531E+00 -3.7461E+00
  3.8031E+00  1.2739E+01  1.8305E+01  5.9420E-01  1.2769E+01  7.4573E+00 -2.3550E+00
  3.8150E+00  1.2779E+01  1.8467E+01  5.9420E-01  1.3792E+01  7.5199E+00 -5.4818E+00
  3.8270E+00  1.2819E+01  1.8609E+01  5.9420E-01  1.2965E+01  7.5557E+00 -2.5297E+00
  3.8390E+00  1.2859E+01  1.8826E+01  5.9420E-01  1.3130E+01  7.6597E+00 -2.4969E+00
  3.8510E+00  1.2899E+01  1.8965E+01  5.9419E-01  1.3880E+01  7.6907E+00 -5.0121E+00
  3.8633E+00  1.2940E+01  1.9135E+01  5.9419E-01  1.3151E+01  7.7614E+00 -1.5251E+00
  3.8753E+00  1.2980E+01  1.9346E+01  5.9419E-01  1.3564E+01  7.8635E+00 -2.9726E+00
  3.8873E+00  1.3020E+01  1.9470E+01  5.9419E-01  1.3803E+01  7.8693E+00 -3.8890E+00
  3.8993E+00  1.3060E+01  1.9660E+01  5.9419E-01  1.3433E+01  7.9633E+00 -9.1743E-01
  3.9112E+00  1.3100E+01  1.9854E+01  5.9419E-01  1.3994E+01  8.0577E+00 -3.4555E+00
  3.9232E+00  1.3140E+01  1.9977E+01  5.9419E-01  1.3807E+01  8.0618E+00 -2.5596E+00
  3.9352E+00  1.3180E+01  2.0185E+01  5.9419E-01  1.3756E+01  8.1648E+00 -6.3514E-01
  3.9472E+00  1.3220E+01  2.0356E+01  5.9419E-01  1.4364E+01  8.2394E+00 -3.7455E+00
  3.9592E+00  1.3260E+01  2.0490E+01  5.9419E-01  1.3963E+01  8.2627E+00 -1.2607E+00
  3.9712E+00  1.3300E+01  2.0707E+01  5.9419E-01  1.4097E+01  8.3670E+00 -6.5070E-01
  3.9832E+00  1.3340E+01  2.0855E+01  5.9418E-01  1.4592E+01  8.4113E+00 -3.5399E+00
  3.9952E+00  1.3380E+01  2.1010E+01  5.9418E-01  1.4250E+01  8.4661E+00 -1.9539E-01
  4.0072E+00  1.3420E+01  2.1225E+01  5.9418E-01  1.4454E+01  8.5695E+00 -9.5257E-01
  4.0191E+00  1.3460E+01  2.1355E+01  5.9418E-01  1.4707E+01  8.5849E+00 -2.7453E+00
  4.0311E+00  1.3500E+01  2.1533E+01  5.9418E-01  1.4600E+01  8.6685E+00  5.6020E-01
  4.0431E+00  1.3540E+01  2.1737E+01  5.9418E-01  1.4827E+01  8.7681E+00 -1.4418E+00
  4.0551E+00  1.3580E+01  2.1859E+01  5.9418E-01  1.4839E+01  8.7703E+00 -1.5221E+00
  4.0671E+00  1.3620E+01  2.2058E+01  5.9418E-01  1.4962E+01  8.8701E+00  1.0087E+00
  4.0791E+00  1.3660E+01  2.2242E+01  5.9418E-01  1.5192E+01  8.9569E+00 -1.8870E+00
  4.0911E+00  1.3700E+01  2.2369E+01  5.9418E-01  1.5094E+01  8.9676E+00 -1.9347E-01
  4.1031E+00  1.3740E+01  2.2583E+01  5.9418E-01  1.5310E+01  9.0718E+00  1.1319E+00
  4.1150E+00  1.3780E+01  2.2743E+01  5.9418E-01  1.5500E+01  9.1332E+00 -1.9988E+00
  4.1270E+00  1.3820E+01  2.2886E+01  5.9418E-01  1.5465E+01  9.1703E+00  9.8182E-01
  4.1390E+00  1.3860E+01  2.3103E+01  5.9418E-01  1.5637E+01  9.2743E+00  9.4386E-01
  4.1510E+00  1.3900E+01  2.3241E+01  5.9418E-01  1.5734E+01  9.3039E+00 -1.5369E+00
  4.1630E+00  1.3940E+01  2.3407E+01  5.9418E-01  1.5888E+01  9.3733E+00  1.8930E+00
  4.1753E+00  1.3981E+01  2.3623E+01  5.9418E-01  1.5957E+01  9.4779E+00  4.1922E-01
  4.1873E+00  1.4021E+01  2.3746E+01  5.9418E-01  1.5966E+01  9.4832E+00 -4.3245E-01
  4.1993E+00  1.4061E+01  2.3938E+01  5.9418E-01  1.6310E+01  9.5778E+00  2.4871E+00
  4.2113E+00  1.4101E+01  2.4131E+01  5.9418E-01  1.6278E+01  9.6717E+00 -1.0603E-01
  4.2232E+00  1.4141E+01  2.4254E+01  5.9418E-01  1.6307E+01  9.6762E+00  8.5648E-01
  4.2352E+00  1.4181E+01  2.4462E+01  5.9418E-01  1.6680E+01  9.7793E+00  2.7093E+00
  4.2472E+00  1.4221E+01  2.4633E+01  5.9418E-01  1.6588E+01  9.8528E+00 -4.2736E-01
  4.2592E+00  1.4261E+01  2.4768E+01  5.9418E-01  1.6755E+01  9.8773E+00  2.0991E+00
  4.2712E+00  1.4301E+01  2.4985E+01  5.9418E-01  1.7003E+01  9.9816E+00  2.6295E+00
  4.2832E+00  1.4341E+01  2.5132E+01  5.9418E-01  1.6873E+01  1.0024E+01 -2.4528E-01
  4.2952E+00  1.4381E+01  2.5288E+01  5.9418E-01  1.7246E+01  1.0081E+01  3.0986E+00
  4.3072E+00  1.4421E+01  2.5503E+01  5.9419E-01  1.7288E+01  1.0184E+01  2.2613E+00
  4.3192E+00  1.4461E+01  2.5632E+01  5.9419E-01  1.7172E+01  1.0198E+01  5.2039E-01
  4.3312E+00  1.4501E+01  2.5811E+01  5.9419E-01  1.7715E+01  1.0283E+01  3.7832E+00
  4.3431E+00  1.4541E+01  2.6014E+01  5.9419E-01  1.7557E+01  1.0382E+01  1.7089E+00
  4.3551E+00  1.4581E+01  2.6136E+01  5.9419E-01  1.7559E+01  1.0384E+01  1.6974E+00
  4.3671E+00  1.4621E+01  2.6336E+01  5.9419E-01  1.8128E+01  1.0485E+01  4.1570E+00
  4.3791E+00  1.4661E+01  2.6519E+01  5.9419E-01  1.7831E+01  1.0571E+01  1.2106E+00
  4.3911E+00  1.4701E+01  2.6646E+01  5.9419E-01  1.8054E+01  1.0582E+01  2.9613E+00
  4.4031E+00  1.4741E+01  2.6861E+01  5.9419E-01  1.8469E+01  1.0686E+01  4.2021E+00
  4.4151E+00  1.4781E+01  2.7020E+01  5.9419E-01  1.8117E+01  1.0746E+01  1.0587E+00
  4.4271E+00  1.4821E+01  2.7163E+01  5.9419E-01  1.8599E+01  1.0785E+01  4.0596E+00
  4.4391E+00  1.4861E+01  2.7381E+01  5.9419E-01  1.8743E+01  1.0889E+01  3.9335E+00
  4.4510E+00  1.4901E+01  2.7518E+01  5.9419E-01  1.8433E+01  1.0917E+01  1.4842E+00
  4.4630E+00  1.4941E+01  2.7685E+01  5.9419E-01  1.9127E+01  1.0988E+01  4.8878E+00
  4.4750E+00  1.4981E+01  2.7896E+01  5.9419E-01  1.8977E+01  1.1090E+01  3.4290E+00
  4.4870E+00  1.5021E+01  2.8020E+01  5.9419E-01  1.8834E+01  1.1096E+01  2.4431E+00
  4.4990E+00  1.5061E+01  2.8210E+01  5.9419E-01  1.9588E+01  1.1190E+01  5.3896E+00
  4.5113E+00  1.5102E+01  2.8408E+01  5.9419E-01  1.9189E+01  1.1286E+01  2.7325E+00
  4.5233E+00  1.5142E+01  2.8531E+01  5.9419E-01  1.9370E+01  1.1291E+01  3.7603E+00
  4.5353E+00  1.5182E+01  2.8741E+01  5.9419E-01  1.9956E+01  1.1394E+01  5.5266E+00
  4.5473E+00  1.5222E+01  2.8910E+01  5.9419E-01  1.9440E+01  1.1466E+01  2.3555E+00
  4.5593E+00  1.5262E+01  2.9045E+01  5.9419E-01  1.9956E+01  1.1492E+01  4.9184E+00
  4.5712E+00  1.5302E+01  2.9263E+01  5.9420E-01  2.0237E+01  1.1596E+01  5.3554E+00
  4.5832E+00  1.5342E+01  2.9409E+01  5.9420E-01  1.9743E+01  1.1638E+01  2.4917E+00
  4.5952E+00  1.5382E+01  2.9566E+01  5.9420E-01  2.0527E+01  1.1695E+01  5.8256E+00
  4.6072E+00  1.5422E+01  2.9781E+01  5.9420E-01  2.0451E+01  1.1799E+01  4.8955E+00
  4.6192E+00  1.5462E+01  2.9909E+01  5.9420E-01  2.0136E+01  1.1812E+01  3.2063E+00
  4.6312E+00  1.5502E+01  3.0090E+01  5.9420E-01  2.1025E+01  1.1898E+01  6.4145E+00
  4.6432E+00  1.5542E+01  3.0292E+01  5.9420E-01  2.0634E+01  1.1997E+01  4.2571E+00
  4.6552E+00  1.5582E+01  3.0413E+01  5.9420E-01  2.0649E+01  1.1999E+01  4.3144E+00
  4.6672E+00  1.5622E+01  3.0615E+01  5.9420E-01  2.1433E+01  1.2099E+01  6.6906E+00
  4.6792E+00  1.5662E+01  3.0797E+01  5.9420E-01  2.0834E+01  1.2184E+01  3.6858E+00
  4.6911E+00  1.5702E+01  3.0924E+01  5.9420E-01  2.1249E+01  1.2197E+01  5.4908E+00
  4.7031E+00  1.5742E+01  3.1139E+01  5.9420E-01  2.1740E+01  1.2301E+01  6.6359E+00
  4.7151E+00  1.5782E+01  3.1297E+01  5.9420E-01  2.1089E+01  1.2359E+01  3.4759E+00
  4.7271E+00  1.5822E+01  3.1442E+01  5.9420E-01  2.1854E+01  1.2400E+01  6.4908E+00
  4.7391E+00  1.5862E+01  3.1659E+01  5.9420E-01  2.1956E+01  1.2504E+01  6.2662E+00
  4.7511E+00  1.5902E+01  3.1795E+01  5.9420E-01  2.1436E+01  1.2531E+01  3.8478E+00
  4.7631E+00  1.5942E+01  3.1964E+01  5.9420E-01  2.2403E+01  1.2603E+01  7.2160E+00
  4.7751E+00  1.5982E+01  3.2174E+01  5.9420E-01  2.2119E+01  1.2705E+01  5.6630E+00
  4.7871E+00  1.6022E+01  3.2297E+01  5.9420E-01  2.1910E+01  1.2710E+01  4.7403E+00
  4.7991E+00  1.6062E+01  3.2489E+01  5.9420E-01  2.2854E+01  1.2805E+01  7.6128E+00
  4.8110E+00  1.6102E+01  3.2682E+01  5.9421E-01  2.2270E+01  1.2899E+01  4.9726E+00
  4.8230E+00  1.6142E+01  3.2805E+01  5.9421E-01  2.2493E+01  1.2903E+01  5.8638E+00
  4.8350E+00  1.6182E+01  3.3014E+01  5.9421E-01  2.3195E+01  1.3006E+01  7.6750E+00
  4.8470E+00  1.6222E+01  3.3184E+01  5.9421E-01  2.2464E+01  1.3080E+01  4.4809E+00
  4.8590E+00  1.6262E+01  3.3319E+01  5.9421E-01  2.3119E+01  1.3104E+01  6.9389E+00
  4.8710E+00  1.6302E+01  3.3536E+01  5.9421E-01  2.3438E+01  1.3209E+01  7.4295E+00
  4.8833E+00  1.6343E+01  3.3686E+01  5.9421E-01  2.2751E+01  1.3251E+01  4.5078E+00
  4.8953E+00  1.6383E+01  3.3844E+01  5.9421E-01  2.3727E+01  1.3310E+01  7.8245E+00
  4.9073E+00  1.6423E+01  3.4059E+01  5.9421E-01  2.3574E+01  1.3414E+01  6.7938E+00
  4.9193E+00  1.6463E+01  3.4186E+01  5.9421E-01  2.3176E+01  1.3426E+01  5.1569E+00
  4.9313E+00  1.6503E+01  3.4368E+01  5.9421E-01  2.4208E+01  1.3512E+01  8.3024E+00
  4.9432E+00  1.6543E+01  3.4569E+01  5.9421E-01  2.3693E+01  1.3611E+01  6.0552E+00
  4.9552E+00  1.6583E+01  3.4691E+01  5.9421E-01  2.3729E+01  1.3613E+01  6.1811E+00
  4.9672E+00  1.6623E+01  3.4894E+01  5.9421E-01  2.4583E+01  1.3714E+01  8.4660E+00
  4.9792E+00  1.6663E+01  3.5074E+01  5.9421E-01  2.3840E+01  1.3798E+01  5.3987E+00
  4.9912E+00  1.6703E+01  3.5203E+01  5.9421E-01  2.4350E+01  1.3812E+01  7.2555E+00
  5.0032E+00  1.6743E+01  3.5418E+01  5.9421E-01  2.4846E+01  1.3916E+01  8.2975E+00
  5.0152E+00  1.6783E+01  3.5574E+01  5.9421E-01  2.4066E+01  1.3973E+01  5.1198E+00
  5.0272E+00  1.6823E+01  3.5720E+01  5.9421E-01  2.4952E+01  1.4015E+01  8.1432E+00
  5.0392E+00  1.6863E+01  3.5938E+01  5.9421E-01  2.5012E+01  1.4119E+01  7.8135E+00
  5.0512E+00  1.6903E+01  3.6073E+01  5.9422E-01  2.4414E+01  1.4144E+01  5.4267E+00
  5.0631E+00  1.6943E+01  3.6243E+01  5.9422E-01  2.5477E+01  1.4218E+01  8.7525E+00
  5.0751E+00  1.6983E+01  3.6452E+01  5.9422E-01  2.5123E+01  1.4320E+01  7.0996E+00
  5.0871E+00  1.7023E+01  3.6575E+01  5.9422E-01  2.4902E+01  1.4325E+01  6.2406E+00
  5.0991E+00  1.7063E+01  3.6768E+01  5.9422E-01  2.5893E+01  1.4419E+01  9.0320E+00
  5.1111E+00  1.7103E+01  3.6960E+01  5.9422E-01  2.5226E+01  1.4513E+01  6.3098E+00
  5.1231E+00  1.7143E+01  3.7083E+01  5.9422E-01  2.5490E+01  1.4518E+01  7.2656E+00
  5.1351E+00  1.7183E+01  3.7293E+01  5.9422E-01  2.6192E+01  1.4621E+01  8.9759E+00
  5.1471E+00  1.7223E+01  3.7462E+01  5.9422E-01  2.5385E+01  1.4694E+01  5.7367E+00
  5.1591E+00  1.7263E+01  3.7598E+01  5.9422E-01  2.6102E+01  1.4719E+01  8.2278E+00
  5.1711E+00  1.7303E+01  3.7815E+01  5.9422E-01  2.6391E+01  1.4824E+01  8.6110E+00
  5.1831E+00  1.7343E+01  3.7961E+01  5.9422E-01  2.5652E+01  1.4865E+01  5.6757E+00
  5.1950E+00  1.7383E+01  3.8118E+01  5.9422E-01  2.6656E+01  1.4923E+01  8.9385E+00
  5.2070E+00  1.7423E+01  3.8333E+01  5.9422E-01  2.6508E+01  1.5026E+01  7.9521E+00
  5.2190E+00  1.7463E+01  3.8461E+01  5.9422E-01  2.6056E+01  1.5040E+01  6.1906E+00
  5.2310E+00  1.7503E+01  3.8642E+01  5.9422E-01  2.7109E+01  1.5125E+01  9.3305E+00
  5.2430E+00  1.7543E+01  3.8844E+01  5.9422E-01  2.6589E+01  1.5224E+01  7.1104E+00
  5.2553E+00  1.7584E+01  3.8969E+01  5.9422E-01  2.6620E+01  1.5228E+01  7.2011E+00
  5.2673E+00  1.7624E+01  3.9173E+01  5.9422E-01  2.7452E+01  1.5329E+01  9.3891E+00
  5.2793E+00  1.7664E+01  3.9352E+01  5.9422E-01  2.6681E+01  1.5412E+01  6.2571E+00
  5.2913E+00  1.7704E+01  3.9481E+01  5.9422E-01  2.7215E+01  1.5427E+01  8.1632E+00
  5.3033E+00  1.7744E+01  3.9697E+01  5.9422E-01  2.7675E+01  1.5531E+01  9.0972E+00
  5.3153E+00  1.7784E+01  3.9852E+01  5.9422E-01  2.6885E+01  1.5586E+01  5.9019E+00
  5.3272E+00  1.7824E+01  3.9999E+01  5.9422E-01  2.7778E+01  1.5630E+01  8.9292E+00
  5.3392E+00  1.7864E+01  4.0216E+01  5.9423E-01  2.7806E+01  1.5734E+01  8.4898E+00
  5.3512E+00  1.7904E+01  4.0351E+01  5.9423E-01  2.7219E+01  1.5758E+01  6.1360E+00
  5.3632E+00  1.7944E+01  4.0522E+01  5.9423E-01  2.8258E+01  1.5833E+01  9.4137E+00
  5.3752E+00  1.7984E+01  4.0730E+01  5.9423E-01  2.7888E+01  1.5935E+01  7.6569E+00
  5.3872E+00  1.8024E+01  4.0853E+01  5.9423E-01  2.7687E+01  1.5939E+01  6.8626E+00
  5.3992E+00  1.8064E+01  4.1047E+01  5.9423E-01  2.8630E+01  1.6034E+01  9.5675E+00
  5.4112E+00  1.8104E+01  4.1238E+01  5.9423E-01  2.7970E+01  1.6128E+01  6.7609E+00
  5.4232E+00  1.8144E+01  4.1362E+01  5.9423E-01  2.8243E+01  1.6133E+01  7.7801E+00
  5.4352E+00  1.8184E+01  4.1572E+01  5.9423E-01  2.8890E+01  1.6236E+01  9.3850E+00
  5.4471E+00  1.8224E+01  4.1739E+01  5.9423E-01  2.8113E+01  1.6307E+01  6.1004E+00
  5.4591E+00  1.8264E+01  4.1876E+01  5.9423E-01  2.8809E+01  1.6335E+01  8.6211E+00
  5.4711E+00  1.8304E+01  4.2094E+01  5.9423E-01  2.9058E+01  1.6439E+01  8.8927E+00
  5.4831E+00  1.8344E+01  4.2239E+01  5.9423E-01  2.8365E+01  1.6479E+01  5.9640E+00
  5.4951E+00  1.8384E+01  4.2397E+01  5.9423E-01  2.9313E+01  1.6538E+01  9.2046E+00
  5.5071E+00  1.8424E+01  4.2612E+01  5.9423E-01  2.9155E+01  1.6642E+01  8.1082E+00
  5.5191E+00  1.8464E+01  4.2739E+01  5.9423E-01  2.8747E+01  1.6654E+01  6.3979E+00
  5.5311E+00  1.8504E+01  4.2921E+01  5.9423E-01  2.9719E+01  1.6740E+01  9.4680E+00
  5.5431E+00  1.8544E+01  4.3122E+01  5.9423E-01  2.9226E+01  1.6839E+01  7.1493E+00
  5.5551E+00  1.8584E+01  4.3244E+01  5.9423E-01  2.9243E+01  1.6841E+01  7.2029E+00
  5.5671E+00  1.8624E+01  4.3446E+01  5.9423E-01  3.0025E+01  1.6941E+01  9.4161E+00
  5.5790E+00  1.8664E+01  4.3627E+01  5.9423E-01  2.9331E+01  1.7026E+01  6.2720E+00
  5.5910E+00  1.8704E+01  4.3755E+01  5.9423E-01  2.9786E+01  1.7040E+01  8.0551E+00
  5.6030E+00  1.8744E+01  4.3970E+01  5.9423E-01  3.0230E+01  1.7144E+01  9.0293E+00
  5.6150E+00  1.8784E+01  4.4127E+01  5.9423E-01  2.9516E+01  1.7201E+01  5.7737E+00
  5.6270E+00  1.8824E+01  4.4273E+01  5.9423E-01  3.0299E+01  1.7243E+01  8.7205E+00
  5.6390E+00  1.8864E+01  4.4490E+01  5.9423E-01  3.0355E+01  1.7347E+01  8.3233E+00
  5.6513E+00  1.8905E+01  4.4628E+01  5.9423E-01  2.9826E+01  1.7372E+01  5.9163E+00
  5.6633E+00  1.8945E+01  4.4801E+01  5.9423E-01  3.0752E+01  1.7448E+01  9.1411E+00
  5.6753E+00  1.8985E+01  4.5009E+01  5.9423E-01  3.0417E+01  1.7550E+01  7.2778E+00
  5.6873E+00  1.9025E+01  4.5131E+01  5.9423E-01  3.0258E+01  1.7554E+01  6.5487E+00
  5.6993E+00  1.9065E+01  4.5326E+01  5.9423E-01  3.1083E+01  1.7650E+01  9.1632E+00
  5.7112E+00  1.9105E+01  4.5516E+01  5.9423E-01  3.0509E+01  1.7742E+01  6.2708E+00
  5.7232E+00  1.9145E+01  4.5640E+01  5.9423E-01  3.0760E+01  1.7749E+01  7.3522E+00
  5.7352E+00  1.9185E+01  4.5851E+01  5.9423E-01  3.1317E+01  1.7851E+01  8.8483E+00
  5.7472E+00  1.9225E+01  4.6017E+01  5.9424E-01  3.0659E+01  1.7921E+01  5.5190E+00
  5.7592E+00  1.9265E+01  4.6155E+01  5.9424E-01  3.1265E+01  1.7950E+01  8.0658E+00
  5.7712E+00  1.9305E+01  4.6373E+01  5.9424E-01  3.1475E+01  1.8054E+01  8.2230E+00
  5.7832E+00  1.9345E+01  4.6516E+01  5.9424E-01  3.0905E+01  1.8092E+01  5.3029E+00
  5.7952E+00  1.9385E+01  4.6676E+01  5.9424E-01  3.1713E+01  1.8153E+01  8.5165E+00
  5.8072E+00  1.9425E+01  4.6890E+01  5.9424E-01  3.1580E+01  1.8257E+01  7.3076E+00
  5.8192E+00  1.9465E+01  4.7017E+01  5.9424E-01  3.1257E+01  1.8268E+01  5.6500E+00
  5.8312E+00  1.9505E+01  4.7200E+01  5.9424E-01  3.2076E+01  1.8355E+01  8.6460E+00
  5.8431E+00  1.9545E+01  4.7400E+01  5.9424E-01  3.1674E+01  1.8454E+01  6.2271E+00
  5.8551E+00  1.9585E+01  4.7522E+01  5.9424E-01  3.1701E+01  1.8456E+01  6.3490E+00
  5.8671E+00  1.9625E+01  4.7726E+01  5.9424E-01  3.2353E+01  1.8557E+01  8.4599E+00
  5.8791E+00  1.9665E+01  4.7905E+01  5.9424E-01  3.1804E+01  1.8640E+01  5.2459E+00
  5.8911E+00  1.9705E+01  4.8034E+01  5.9424E-01  3.2182E+01  1.8655E+01  7.0774E+00
  5.9031E+00  1.9745E+01  4.8249E+01  5.9424E-01  3.2551E+01  1.8759E+01  7.9379E+00
  5.9151E+00  1.9785E+01  4.8404E+01  5.9424E-01  3.2003E+01  1.8814E+01  4.6617E+00
  5.9271E+00  1.9825E+01  4.8552E+01  5.9424E-01  3.2634E+01  1.8858E+01  7.6099E+00
  5.9391E+00  1.9865E+01  4.8769E+01  5.9424E-01  3.2690E+01  1.8962E+01  7.0971E+00
  5.9511E+00  1.9905E+01  4.8903E+01  5.9424E-01  3.2289E+01  1.8986E+01  4.6668E+00
  5.9631E+00  1.9945E+01  4.9075E+01  5.9424E-01  3.3025E+01  1.9060E+01  7.8621E+00
  5.9751E+00  1.9985E+01  4.9283E+01  5.9424E-01  3.2807E+01  1.9163E+01  6.0276E+00
  5.9870E+00  2.0025E+01  4.9406E+01  5.9424E-01  3.2666E+01  1.9167E+01  5.1602E+00
  5.9990E+00  2.0065E+01  4.9600E+01  5.9424E-01  3.3336E+01  1.9262E+01  7.7837E+00
  6.0110E+00  2.0105E+01  4.9791E+01  5.9424E-01  3.2938E+01  1.9356E+01  4.8944E+00
  6.0230E+00  2.0145E+01  4.9914E+01  5.9424E-01  3.3101E+01  1.9362E+01  5.8405E+00
  6.0350E+00  2.0185E+01  5.0125E+01  5.9424E-01  3.3573E+01  1.9464E+01  7.3679E+00
  6.0473E+00  2.0226E+01  5.0295E+01  5.9424E-01  3.3110E+01  1.9535E+01  3.9535E+00
  6.0593E+00  2.0266E+01  5.0434E+01  5.9424E-01  3.3565E+01  1.9565E+01  6.5230E+00
  6.0713E+00  2.0306E+01  5.0652E+01  5.9424E-01  3.3745E+01  1.9669E+01  6.5636E+00
  6.0833E+00  2.0346E+01  5.0794E+01  5.9424E-01  3.3362E+01  1.9706E+01  3.6543E+00
  6.0953E+00  2.0386E+01  5.0955E+01  5.9424E-01  3.3962E+01  1.9768E+01  6.8368E+00
  6.1073E+00  2.0426E+01  5.1168E+01  5.9424E-01  3.3893E+01  1.9872E+01  5.5134E+00
  6.1192E+00  2.0466E+01  5.1294E+01  5.9424E-01  3.3686E+01  1.9882E+01  3.9103E+00
  6.1312E+00  2.0506E+01  5.1479E+01  5.9424E-01  3.4293E+01  1.9970E+01  6.8286E+00
  6.1432E+00  2.0546E+01  5.1678E+01  5.9424E-01  3.4046E+01  2.0069E+01  4.3085E+00
  6.1552E+00  2.0586E+01  5.1800E+01  5.9424E-01  3.4075E+01  2.0071E+01  4.4984E+00
  6.1672E+00  2.0626E+01  5.2005E+01  5.9424E-01  3.4563E+01  2.0172E+01  6.5042E+00
  6.1792E+00  2.0666E+01  5.2182E+01  5.9424E-01  3.4236E+01  2.0254E+01  3.2211E+00
  6.1912E+00  2.0706E+01  5.2312E+01  5.9424E-01  3.4491E+01  2.0271E+01  5.0984E+00
  6.2032E+00  2.0746E+01  5.2528E+01  5.9424E-01  3.4780E+01  2.0374E+01  5.8433E+00
  6.2152E+00  2.0786E+01  5.2682E+01  5.9424E-01  3.4471E+01  2.0428E+01  2.5485E+00
  6.2272E+00  2.0826E+01  5.2831E+01  5.9424E-01  3.4888E+01  2.0473E+01  5.4942E+00
  6.2392E+00  2.0866E+01  5.3047E+01  5.9424E-01  3.4968E+01  2.0577E+01  4.8640E+00
  6.2511E+00  2.0906E+01  5.3181E+01  5.9424E-01  3.4753E+01  2.0600E+01  2.4678E+00
  6.2631E+00  2.0946E+01  5.3353E+01  5.9424E-01  3.5242E+01  2.0675E+01  5.6073E+00
  6.2751E+00  2.0986E+01  5.3561E+01  5.9424E-01  3.5157E+01  2.0778E+01  3.6617E+00
  6.2871E+00  2.1026E+01  5.3683E+01  5.9424E-01  3.5089E+01  2.0782E+01  2.8596E+00
  6.2991E+00  2.1066E+01  5.3879E+01  5.9424E-01  3.5543E+01  2.0877E+01  5.3894E+00
  6.3111E+00  2.1106E+01  5.4068E+01  5.9424E-01  3.5371E+01  2.0970E+01  2.4103E+00
  6.3231E+00  2.1146E+01  5.4192E+01  5.9424E-01  3.5465E+01  2.0977E+01  3.4183E+00
  6.3351E+00  2.1186E+01  5.4403E+01  5.9424E-01  3.5800E+01  2.1079E+01  4.8335E+00
  6.3471E+00  2.1226E+01  5.4569E+01  5.9424E-01  3.5618E+01  2.1149E+01  1.4177E+00
  6.3591E+00  2.1266E+01  5.4707E+01  5.9424E-01  3.5850E+01  2.1178E+01  3.8861E+00
  6.3711E+00  2.1306E+01  5.4925E+01  5.9424E-01  3.6032E+01  2.1282E+01  3.9644E+00
  6.3830E+00  2.1346E+01  5.5068E+01  5.9424E-01  3.5891E+01  2.1320E+01  9.6301E-01
  6.3950E+00  2.1386E+01  5.5228E+01  5.9424E-01  3.6212E+01  2.1381E+01  4.0921E+00
  6.4070E+00  2.1426E+01  5.5442E+01  5.9424E-01  3.6263E+01  2.1485E+01  2.8018E+00
  6.4190E+00  2.1466E+01  5.5569E+01  5.9424E-01  3.6190E+01  2.1496E+01  1.0693E+00
  6.4310E+00  2.1506E+01  5.5752E+01  5.9424E-01  3.6537E+01  2.1582E+01  3.9784E+00
  6.4430E+00  2.1546E+01  5.5952E+01  5.9424E-01  3.6517E+01  2.1682E+01  1.4732E+00
  6.4553E+00  2.1587E+01  5.6077E+01  5.9424E-01  3.6530E+01  2.1686E+01  1.6240E+00
  6.4673E+00  2.1627E+01  5.6283E+01  5.9424E-01  3.6832E+01  2.1787E+01  3.5225E+00
  6.4793E+00  2.1667E+01  5.6459E+01  5.9424E-01  3.6800E+01  2.1868E+01  1.7147E-01
  6.4913E+00  2.1707E+01  5.6590E+01  5.9424E-01  3.6889E+01  2.1886E+01  2.0921E+00
  6.5033E+00  2.1747E+01  5.6806E+01  5.9424E-01  3.7104E+01  2.1989E+01  2.7196E+00
  6.5153E+00  2.1787E+01  5.6959E+01  5.9424E-01  3.7096E+01  2.2041E+01 -5.9121E-01
  6.5272E+00  2.1827E+01  5.7109E+01  5.9424E-01  3.7244E+01  2.2088E+01  2.3481E+00
  6.5392E+00  2.1867E+01  5.7325E+01  5.9424E-01  3.7380E+01  2.2193E+01  1.5991E+00
  6.5512E+00  2.1907E+01  5.7457E+01  5.9424E-01  3.7388E+01  2.2213E+01 -7.6054E-01
  6.5632E+00  2.1947E+01  5.7632E+01  5.9424E-01  3.7582E+01  2.2290E+01  2.3194E+00
  6.5752E+00  2.1987E+01  5.7838E+01  5.9424E-01  3.7684E+01  2.2393E+01  2.6193E-01
  6.5872E+00  2.2027E+01  5.7961E+01  5.9424E-01  3.7692E+01  2.2396E+01 -4.7410E-01
  6.5992E+00  2.2067E+01  5.8157E+01  5.9424E-01  3.7900E+01  2.2492E+01  1.9592E+00
  6.6112E+00  2.2107E+01  5.8345E+01  5.9424E-01  3.8022E+01  2.2584E+01 -1.1090E+00
  6.6232E+00  2.2147E+01  5.8470E+01  5.9424E-01  3.8017E+01  2.2592E+01 -4.0678E-02
  6.6352E+00  2.2187E+01  5.8681E+01  5.9424E-01  3.8210E+01  2.2694E+01  1.2606E+00
  6.6472E+00  2.2227E+01  5.8846E+01  5.9424E-01  3.8368E+01  2.2762E+01 -2.2004E+00
  6.6591E+00  2.2267E+01  5.8985E+01  5.9424E-01  3.8357E+01  2.2793E+01  2.8958E-01
  6.6711E+00  2.2307E+01  5.9203E+01  5.9424E-01  3.8532E+01  2.2897E+01  2.4834E-01
  6.6831E+00  2.2347E+01  5.9345E+01  5.9424E-01  3.8690E+01  2.2933E+01 -2.7430E+00
  6.6951E+00  2.2387E+01  5.9506E+01  5.9424E-01  3.8699E+01  2.2995E+01  3.5323E-01
  6.7071E+00  2.2427E+01  5.9719E+01  5.9424E-01  3.8887E+01  2.3100E+01 -1.0548E+00
  6.7191E+00  2.2467E+01  5.9845E+01  5.9424E-01  3.8986E+01  2.3110E+01 -2.7330E+00
  6.7311E+00  2.2507E+01  6.0030E+01  5.9424E-01  3.9037E+01  2.3197E+01  9.6404E-02
  6.7431E+00  2.2547E+01  6.0229E+01  5.9424E-01  3.9285E+01  2.3297E+01 -2.5132E+00
  6.7551E+00  2.2587E+01  6.0351E+01  5.9424E-01  3.9281E+01  2.3299E+01 -2.3958E+00
  6.7671E+00  2.2627E+01  6.0555E+01  5.9424E-01  3.9379E+01  2.3399E+01 -4.7663E-01
  6.7791E+00  2.2667E+01  6.0732E+01  5.9424E-01  3.9703E+01  2.3482E+01 -3.8509E+00
  6.7911E+00  2.2707E+01  6.0863E+01  5.9424E-01  3.9596E+01  2.3498E+01 -2.0498E+00
  6.8030E+00  2.2747E+01  6.1079E+01  5.9424E-01  3.9741E+01  2.3601E+01 -1.3884E+00
  6.8150E+00  2.2787E+01  6.1232E+01  5.9424E-01  4.0092E+01  2.3655E+01 -4.7697E+00
  6.8270E+00  2.2827E+01  6.1381E+01  5.9424E-01  3.9929E+01  2.3700E+01 -1.9073E+00
  6.8390E+00  2.2867E+01  6.1598E+01  5.9424E-01  4.0145E+01  2.3805E+01 -2.6214E+00
  6.8510E+00  2.2907E+01  6.1731E+01  5.9424E-01  4.0419E+01  2.3827E+01 -5.0961E+00
  6.8633E+00  2.2948E+01  6.1909E+01  5.9424E-01  4.0278E+01  2.3905E+01 -2.0208E+00
  6.8753E+00  2.2988E+01  6.2115E+01  5.9424E-01  4.0617E+01  2.4008E+01 -4.1908E+00
  6.8873E+00  2.3028E+01  6.2237E+01  5.9424E-01  4.0697E+01  2.4011E+01 -4.8600E+00
  6.8993E+00  2.3068E+01  6.2434E+01  5.9424E-01  4.0645E+01  2.4106E+01 -2.5253E+00
  6.9113E+00  2.3108E+01  6.2621E+01  5.9424E-01  4.1116E+01  2.4198E+01 -5.6820E+00
  6.9233E+00  2.3148E+01  6.2746E+01  5.9424E-01  4.0989E+01  2.4206E+01 -4.5548E+00
  6.9352E+00  2.3188E+01  6.2959E+01  5.9424E-01  4.1045E+01  2.4308E+01 -3.3688E+00
  6.9472E+00  2.3228E+01  6.3121E+01  5.9424E-01  4.1591E+01  2.4375E+01 -6.8727E+00
  6.9592E+00  2.3268E+01  6.3262E+01  5.9424E-01  4.1305E+01  2.4408E+01 -4.3645E+00
  6.9712E+00  2.3308E+01  6.3480E+01  5.9424E-01  4.1496E+01  2.4512E+01 -4.5264E+00
  6.9832E+00  2.3348E+01  6.3620E+01  5.9424E-01  4.1983E+01  2.4546E+01 -7.5048E+00
  6.9952E+00  2.3388E+01  6.3783E+01  5.9424E-01  4.1652E+01  2.4610E+01 -4.4452E+00
  7.0072E+00  2.3428E+01  6.3995E+01  5.9424E-01  4.1963E+01  2.4698E+01 -5.7897E+00
  7.0192E+00  2.3468E+01  6.4080E+01  5.9424E-01  4.2717E+01  2.4714E+01 -9.7520E+00
  7.0312E+00  2.3508E+01  6.4081E+01  5.9424E-01  4.2733E+01  2.4714E+01 -9.8240E+00
  7.0432E+00  2.3548E+01  6.4079E+01  5.9424E-01  4.2690E+01  2.4720E+01 -9.5887E+00
  7.0552E+00  2.3588E+01  6.4079E+01  5.9424E-01  4.2684E+01  2.4722E+01 -9.5494E+00
  7.0672E+00  2.3628E+01  6.4079E+01  5.9424E-01  4.2684E+01  2.4722E+01 -9.5494E+00
  7.0791E+00  2.3668E+01  6.4079E+01  5.9424E-01  4.2684E+01  2.4722E+01 -9.5494E+00
  7.0911E+00  2.3708E+01  6.4079E+01  5.9424E-01  4.2684E+01  2.4722E+01 -9.5493E+00
  7.1031E+00  2.3748E+01  6.4079E+01  5.9424E-01  4.2684E+01  2.4722E+01 -9.5493E+00
  7.1151E+00  2.3788E+01  6.4079E+01  5.9424E-01  4.2684E+01  2.4722E+01 -9.5493E+00
  7.1271E+00  2.3828E+01  6.4079E+01  5.9424E-01  4.2684E+01  2.4722E+01 -9.5492E+00
  7.1391E+00  2.3868E+01  6.4079E+01  5.9424E-01  4.2684E+01  2.4722E+01 -9.5492E+00
  7.1511E+00  2.3908E+01  6.4079E+01  5.9424E-01  4.2684E+01  2.4722E+01 -9.5492E+00
  7.1631E+00  2.3948E+01  6.4079E+01  5.9424E-01  4.2684E+01  2.4722E+01 -9.5491E+00
  7.1751E+00  2.3988E+01  6.4079E+01  5.9424E-01  4.2684E+01  2.4722E+01 -9.5491E+00
  7.1871E+00  2.4028E+01  6.4079E+01  5.9424E-01  4.2684E+01  2.4722E+01 -9.5491E+00
  7.1991E+00  2.4068E+01  6.4079E+01  5.9424E-01  4.2684E+01  2.4722E+01 -9.5490E+00
  7.2110E+00  2.4108E+01  6.4079E+01  5.9424E-01  4.2684E+01  2.4722E+01 -9.5490E+00
  7.2230E+00  2.4148E+01  6.4079E+01  5.9424E-01  4.2684E+01  2.4722E+01 -9.5490E+00
  7.2350E+00  2.4188E+01  6.4079E+01  5.9424E-01  4.2684E+01  2.4722E+01 -9.5489E+00
  7.2470E+00  2.4228E+01  6.4079E+01  5.9424E-01  4.2684E+01  2.4722E+01 -9.5489E+00
  7.2590E+00  2.4268E+01  6.4079E+01  5.9424E-01  4.2684E+01  2.4722E+01 -9.5488E+00
  7.2710E+00  2.4308E+01  6.4079E+01  5.9424E-01  4.2684E+01  2.4722E+01 -9.5488E+00
  7.2833E+00  2.4349E+01  6.4079E+01  5.9424E-01  4.2684E+01  2.4722E+01 -9.5488E+00
  7.2953E+00  2.4389E+01  6.4079E+01  5.9424E-01  4.2684E+01  2.4722E+01 -9.5487E+00
  7.3073E+00  2.4429E+01  6.4079E+01  5.9424E-01  4.2684E+01  2.4722E+01 -9.5487E+00
  7.3193E+00  2.4469E+01  6.4079E+01  5.9424E-01  4.2684E+01  2.4722E+01 -9.5487E+00
  7.3313E+00  2.4509E+01  6.4079E+01  5.9424E-01  4.2684E+01  2.4722E+01 -9.5486E+00
  7.3433E+00  2.4549E+01  6.4079E+01  5.9424E-01  4.2684E+01  2.4722E+01 -9.5486E+00
  7.3552E+00  2.4589E+01  6.4079E+01  5.9424E-01  4.2684E+01  2.4722E+01 -9.5486E+00
  7.3672E+00  2.4629E+01  6.4079E+01  5.9424E-01  4.2684E+01  2.4722E+01 -9.5485E+00
  7.3792E+00  2.4669E+01  6.4079E+01  5.9424E-01  4.2684E+01  2.4722E+01 -9.5485E+00
  7.3912E+00  2.4709E+01  6.4079E+01  5.9424E-01  4.2684E+01  2.4722E+01 -9.5485E+00
  7.4032E+00  2.4749E+01  6.4079E+01  5.9424E-01  4.2684E+01  2.4722E+01 -9.5484E+00
  7.4152E+00  2.4789E+01  6.4079E+01  5.9424E-01  4.2684E+01  2.4722E+01 -9.5484E+00
  7.4272E+00  2.4829E+01  6.4079E+01  5.9424E-01  4.2684E+01  2.4722E+01 -9.5484E+00
  7.4392E+00  2.4869E+01  6.4079E+01  5.9424E-01  4.2684E+01  2.4722E+01 -9.5483E+00
  7.4512E+00  2.4909E+01  6.4079E+01  5.9424E-01  4.2684E+01  2.4722E+01 -9.5483E+00
  7.4632E+00  2.4949E+01  6.4079E+01  5.9424E-01  4.2684E+01  2.4722E+01 -9.5483E+00
  7.4752E+00  2.4989E+01  6.4079E+01  5.9424E-01  4.2684E+01  2.4722E+01 -9.5482E+00
  7.4871E+00  2.5029E+01  6.4079E+01  5.9424E-01  4.2684E+01  2.4722E+01 -9.5482E+00
  7.4991E+00  2.5069E+01  6.4079E+01  5.9424E-01  4.2684E+01  2.4722E+01 -9.5482E+00
  7.5111E+00  2.5109E+01  6.4079E+01  5.9424E-01  4.2684E+01  2.4722E+01 -9.5481E+00
  7.5231E+00  2.5149E+01  6.4079E+01  5.9424E-01  4.2684E+01  2.4722E+01 -9.5481E+00
  7.5351E+00  2.5189E+01  6.4079E+01  5.9424E-01  4.2684E+01  2.4722E+01 -9.5481E+00
  7.5471E+00  2.5229E+01  6.4079E+01  5.9424E-01  4.2684E+01  2.4722E+01 -9.5480E+00
  7.5591E+00  2.5269E+01  6.4079E+01  5.9424E-01  4.2684E+01  2.4722E+01 -9.5480E+00
  7.5711E+00  2.5309E+01  6.4079E+01  5.9424E-01  4.2684E+01  2.4722E+01 -9.5480E+00
  7.5831E+00  2.5349E+01  6.4079E+01  5.9424E-01  4.2684E+01  2.4722E+01 -9.5479E+00
  7.5951E+00  2.5389E+01  6.4079E+01  5.9424E-01  4.2684E+01  2.4722E+01 -9.5479E+00
  7.6071E+00  2.5429E+01  6.4079E+01  5.9424E-01  4.2684E+01  2.4722E+01 -9.5479E+00
  7.6191E+00  2.5469E+01  6.4079E+01  5.9424E-01  4.2684E+01  2.4722E+01 -9.5478E+00
  7.6310E+00  2.5509E+01  6.4079E+01  5.9424E-01  4.2684E+01  2.4722E+01 -9.5478E+00
  7.6430E+00  2.5549E+01  6.4079E+01  5.9424E-01  4.2684E+01  2.4722E+01 -9.5478E+00
  7.6550E+00  2.5589E+01  6.4079E+01  5.9424E-01  4.2684E+01  2.4722E+01 -9.5477E+00
  7.6670E+00  2.5629E+01  6.4079E+01  5.9424E-01  4.2684E+01  2.4722E+01 -9.5477E+00
  7.6790E+00  2.5669E+01  6.4079E+01  5.9424E-01  4.2684E+01  2.4722E+01 -9.5477E+00
  7.6913E+00  2.5710E+01  6.4079E+01  5.9424E-01  4.2684E+01  2.4722E+01 -9.5476E+00
  7.7033E+00  2.5750E+01  6.4079E+01  5.9423E-01  4.2684E+01  2.4722E+01 -9.5476E+00
  7.7153E+00  2.5790E+01  6.4079E+01  5.9423E-01  4.2684E+01  2.4722E+01 -9.5476E+00
  7.7273E+00  2.5830E+01  6.4079E+01  5.9423E-01  4.2684E+01  2.4722E+01 -9.5475E+00
  7.7393E+00  2.5870E+01  6.4079E+01  5.9423E-01  4.2684E+01  2.4722E+01 -9.5475E+00
  7.7513E+00  2.5910E+01  6.4079E+01  5.9423E-01  4.2684E+01  2.4722E+01 -9.5475E+00
  7.7632E+00  2.5950E+01  6.4079E+01  5.9423E-01  4.2684E+01  2.4722E+01 -9.5474E+00
  7.7752E+00  2.5990E+01  6.4079E+01  5.9423E-01  4.2684E+01  2.4722E+01 -9.5474E+00
  7.7872E+00  2.6030E+01  6.4079E+01  5.9423E-01  4.2684E+01  2.4722E+01 -9.5474E+00
  7.7992E+00  2.6070E+01  6.4079E+01  5.9423E-01  4.2684E+01  2.4722E+01 -9.5473E+00
  7.8112E+00  2.6110E+01  6.4079E+01  5.9423E-01  4.2684E+01  2.4722E+01 -9.5473E+00
  7.8232E+00  2.6150E+01  6.4079E+01  5.9423E-01  4.2684E+01  2.4722E+01 -9.5472E+00
  7.8352E+00  2.6190E+01  6.4079E+01  5.9423E-01  4.2684E+01  2.4722E+01 -9.5472E+00
  7.8472E+00  2.6230E+01  6.4079E+01  5.9423E-01  4.2684E+01  2.4722E+01 -9.5472E+00
  7.8592E+00  2.6270E+01  6.4079E+01  5.9423E-01  4.2684E+01  2.4722E+01 -9.5471E+00
  7.8712E+00  2.6310E+01  6.4079E+01  5.9423E-01  4.2684E+01  2.4722E+01 -9.5471E+00
  7.8832E+00  2.6350E+01  6.4079E+01  5.9423E-01  4.2684E+01  2.4722E+01 -9.5471E+00
  7.8952E+00  2.6390E+01  6.4079E+01  5.9423E-01  4.2684E+01  2.4722E+01 -9.5470E+00
  7.9071E+00  2.6430E+01  6.4079E+01  5.9423E-01  4.2684E+01  2.4722E+01 -9.5470E+00
  7.9191E+00  2.6470E+01  6.4079E+01  5.9423E-01  4.2684E+01  2.4722E+01 -9.5470E+00
  7.9311E+00  2.6510E+01  6.4079E+01  5.9423E-01  4.2684E+01  2.4722E+01 -9.5469E+00
  7.9431E+00  2.6550E+01  6.4079E+01  5.9423E-01  4.2684E+01  2.4722E+01 -9.5469E+00
  7.9551E+00  2.6590E+01  6.4079E+01  5.9423E-01  4.2697E+01  2.4724E+01 -9.5912E+00
  7.9671E+00  2.6630E+01  6.4077E+01  5.9423E-01  4.2769E+01  2.4731E+01 -9.8567E+00
  7.9791E+00  2.6670E+01  6.4078E+01  5.9423E-01  4.2744E+01  2.4730E+01 -9.7511E+00
  7.9911E+00  2.6710E+01  6.4177E+01  5.9423E-01  4.1959E+01  2.4748E+01 -5.1086E+00
  8.0031E+00  2.6750E+01  6.4423E+01  5.9423E-01  4.1961E+01  2.4849E+01 -3.4807E+00
  8.0151E+00  2.6790E+01  6.4611E+01  5.9423E-01  4.2509E+01  2.4922E+01 -6.9276E+00
  8.0271E+00  2.6830E+01  6.4774E+01  5.9423E-01  4.2144E+01  2.4962E+01 -3.3873E+00
  8.0390E+00  2.6870E+01  6.5026E+01  5.9423E-01  4.2325E+01  2.5083E+01 -3.1107E+00
  8.0510E+00  2.6910E+01  6.5188E+01  5.9423E-01  4.2684E+01  2.5120E+01 -5.9125E+00
  8.0630E+00  2.6950E+01  6.5377E+01  5.9423E-01  4.2440E+01  2.5198E+01 -1.7467E+00
  8.0750E+00  2.6990E+01  6.5623E+01  5.9423E-01  4.2710E+01  2.5316E+01 -3.0302E+00
  8.0870E+00  2.7030E+01  6.5768E+01  5.9423E-01  4.2829E+01  2.5325E+01 -4.2509E+00
  8.0990E+00  2.7070E+01  6.5984E+01  5.9423E-01  4.2800E+01  2.5432E+01 -4.9445E-01
  8.1113E+00  2.7111E+01  6.6217E+01  5.9423E-01  4.3105E+01  2.5543E+01 -3.2091E+00
  8.1233E+00  2.7151E+01  6.6358E+01  5.9423E-01  4.3044E+01  2.5547E+01 -2.1119E+00
  8.1353E+00  2.7191E+01  6.6598E+01  5.9423E-01  4.3196E+01  2.5668E+01  3.3675E-01
  8.1473E+00  2.7231E+01  6.6798E+01  5.9423E-01  4.3451E+01  2.5754E+01 -3.0909E+00
  8.1593E+00  2.7271E+01  6.6952E+01  5.9423E-01  4.3384E+01  2.5780E+01 -1.2224E-01
  8.1713E+00  2.7311E+01  6.7203E+01  5.9423E-01  4.3595E+01  2.5901E+01  7.9505E-01
  8.1832E+00  2.7351E+01  6.7376E+01  5.9423E-01  4.3743E+01  2.5954E+01 -2.4274E+00
  8.1952E+00  2.7391E+01  6.7553E+01  5.9423E-01  4.3809E+01  2.6016E+01  1.5849E+00
  8.2072E+00  2.7431E+01  6.7803E+01  5.9423E-01  4.3991E+01  2.6135E+01  9.0960E-01
  8.2192E+00  2.7471E+01  6.7954E+01  5.9423E-01  4.4027E+01  2.6154E+01 -1.0898E+00
  8.2312E+00  2.7511E+01  6.8159E+01  5.9423E-01  4.4272E+01  2.6251E+01  2.9160E+00
  8.2432E+00  2.7551E+01  6.8396E+01  5.9423E-01  4.4376E+01  2.6365E+01  7.8953E-01
  8.2552E+00  2.7591E+01  6.8536E+01  5.9423E-01  4.4379E+01  2.6368E+01  7.5263E-01
  8.2672E+00  2.7631E+01  6.8767E+01  5.9423E-01  4.4737E+01  2.6484E+01  3.8759E+00
  8.2792E+00  2.7671E+01  6.8981E+01  5.9423E-01  4.4743E+01  2.6584E+01  6.9457E-01
  8.2912E+00  2.7711E+01  6.9127E+01  5.9423E-01  4.4840E+01  2.6596E+01  2.7240E+00
  8.3032E+00  2.7751E+01  6.9374E+01  5.9423E-01  4.5180E+01  2.6717E+01  4.4471E+00
  8.3151E+00  2.7791E+01  6.9561E+01  5.9423E-01  4.5092E+01  2.6789E+01  9.5719E-01
  8.3271E+00  2.7831E+01  6.9725E+01  5.9423E-01  4.5377E+01  2.6831E+01  4.5123E+00
  8.3391E+00  2.7871E+01  6.9977E+01  5.9423E-01  4.5592E+01  2.6951E+01  4.6480E+00
  8.3511E+00  2.7911E+01  7.0137E+01  5.9423E-01  4.5452E+01  2.6987E+01  1.8669E+00
  8.3631E+00  2.7951E+01  7.0328E+01  5.9423E-01  4.5939E+01  2.7066E+01  5.9818E+00
  8.3751E+00  2.7991E+01  7.0573E+01  5.9423E-01  4.5974E+01  2.7184E+01  4.5636E+00
  8.3871E+00  2.8031E+01  7.0718E+01  5.9423E-01  4.5888E+01  2.7192E+01  3.4109E+00
  8.3991E+00  2.8071E+01  7.0936E+01  5.9423E-01  4.6482E+01  2.7300E+01  7.0630E+00
  8.4111E+00  2.8111E+01  7.1163E+01  5.9423E-01  4.6331E+01  2.7410E+01  4.3404E+00
  8.4231E+00  2.8151E+01  7.1304E+01  5.9423E-01  4.6434E+01  2.7414E+01  5.2761E+00
  8.4351E+00  2.8191E+01  7.1543E+01  5.9423E-01  4.6978E+01  2.7533E+01  7.7503E+00
  8.4471E+00  2.8231E+01  7.1745E+01  5.9423E-01  4.6681E+01  2.7622E+01  4.2871E+00
  8.4590E+00  2.8271E+01  7.1898E+01  5.9423E-01  4.7066E+01  2.7646E+01  7.1217E+00
  8.4710E+00  2.8311E+01  7.2149E+01  5.9423E-01  4.7421E+01  2.7767E+01  8.0774E+00
  8.4830E+00  2.8351E+01  7.2323E+01  5.9423E-01  4.7061E+01  2.7822E+01  4.7653E+00
  8.4950E+00  2.8391E+01  7.2499E+01  5.9423E-01  4.7719E+01  2.7882E+01  8.6942E+00
  8.5070E+00  2.8431E+01  7.2749E+01  5.9423E-01  4.7806E+01  2.8001E+01  8.0557E+00
  8.5190E+00  2.8471E+01  7.2901E+01  5.9423E-01  4.7526E+01  2.8022E+01  5.9181E+00
  8.5313E+00  2.8512E+01  7.3111E+01  5.9423E-01  4.8351E+01  2.8119E+01  9.9272E+00
  8.5433E+00  2.8552E+01  7.3347E+01  5.9423E-01  4.8129E+01  2.8234E+01  7.6747E+00
  8.5553E+00  2.8592E+01  7.3487E+01  5.9423E-01  4.8140E+01  2.8236E+01  7.7166E+00
  8.5673E+00  2.8632E+01  7.3719E+01  5.9423E-01  4.8902E+01  2.8353E+01  1.0715E+01
  8.5793E+00  2.8672E+01  7.3932E+01  5.9423E-01  4.8455E+01  2.8452E+01  7.4398E+00
  8.5913E+00  2.8712E+01  7.4078E+01  5.9423E-01  4.8841E+01  2.8465E+01  9.5320E+00
  8.6032E+00  2.8752E+01  7.4326E+01  5.9423E-01  4.9374E+01  2.8586E+01  1.1115E+01
  8.6152E+00  2.8792E+01  7.4511E+01  5.9423E-01  4.8816E+01  2.8656E+01  7.5854E+00
  8.6272E+00  2.8832E+01  7.4677E+01  5.9423E-01  4.9568E+01  2.8700E+01  1.1151E+01
  8.6392E+00  2.8872E+01  7.4929E+01  5.9423E-01  4.9764E+01  2.8820E+01  1.1145E+01
  8.6512E+00  2.8912E+01  7.5088E+01  5.9423E-01  4.9275E+01  2.8854E+01  8.3883E+00
  8.6632E+00  2.8952E+01  7.5281E+01  5.9423E-01  5.0259E+01  2.8935E+01  1.2448E+01
  8.6752E+00  2.8992E+01  7.5525E+01  5.9423E-01  5.0091E+01  2.9053E+01  1.0895E+01
  8.6872E+00  2.9032E+01  7.5669E+01  5.9423E-01  4.9879E+01  2.9061E+01  9.8117E+00
  8.6992E+00  2.9072E+01  7.5888E+01  5.9423E-01  5.0872E+01  2.9169E+01  1.3357E+01
  8.7112E+00  2.9112E+01  7.6114E+01  5.9423E-01  5.0382E+01  2.9279E+01  1.0519E+01
  8.7232E+00  2.9152E+01  7.6256E+01  5.9423E-01  5.0610E+01  2.9283E+01  1.1532E+01
  8.7351E+00  2.9192E+01  7.6496E+01  5.9423E-01  5.1387E+01  2.9402E+01  1.3872E+01
  8.7471E+00  2.9232E+01  7.6696E+01  5.9423E-01  5.0692E+01  2.9490E+01  1.0337E+01
  8.7591E+00  2.9272E+01  7.6850E+01  5.9423E-01  5.1397E+01  2.9515E+01  1.3213E+01
  8.7711E+00  2.9312E+01  7.7101E+01  5.9423E-01  5.1808E+01  2.9636E+01  1.4027E+01
  8.7831E+00  2.9352E+01  7.7274E+01  5.9423E-01  5.1096E+01  2.9689E+01  1.0705E+01
  8.7951E+00  2.9392E+01  7.7452E+01  5.9423E-01  5.2155E+01  2.9751E+01  1.4613E+01
  8.8071E+00  2.9432E+01  7.7702E+01  5.9423E-01  5.2137E+01  2.9871E+01  1.3835E+01
  8.8191E+00  2.9472E+01  7.7852E+01  5.9423E-01  5.1653E+01  2.9890E+01  1.1746E+01
  8.8311E+00  2.9512E+01  7.8058E+01  5.9423E-01  5.2829E+01  2.9986E+01  1.5640E+01
  8.8431E+00  2.9552E+01  7.8294E+01  5.9423E-01  5.2399E+01  3.0101E+01  1.3407E+01
  8.8551E+00  2.9592E+01  7.8435E+01  5.9423E-01  5.2373E+01  3.0104E+01  1.3286E+01
  8.8671E+00  2.9632E+01  7.8666E+01  5.9423E-01  5.3401E+01  3.0219E+01  1.6297E+01
  8.8790E+00  2.9672E+01  7.8880E+01  5.9424E-01  5.2655E+01  3.0320E+01  1.3007E+01
  8.8910E+00  2.9712E+01  7.9026E+01  5.9424E-01  5.3187E+01  3.0332E+01  1.4948E+01
  8.9030E+00  2.9752E+01  7.9273E+01  5.9424E-01  5.3858E+01  3.0453E+01  1.6565E+01
  8.9150E+00  2.9792E+01  7.9460E+01  5.9424E-01  5.2980E+01  3.0525E+01  1.2970E+01
  8.9270E+00  2.9832E+01  7.9624E+01  5.9424E-01  5.3998E+01  3.0567E+01  1.6427E+01
  8.9390E+00  2.9872E+01  7.9876E+01  5.9424E-01  5.4201E+01  3.0687E+01  1.6459E+01
  8.9513E+00  2.9913E+01  8.0040E+01  5.9424E-01  5.3468E+01  3.0721E+01  1.3640E+01
  8.9633E+00  2.9953E+01  8.0234E+01  5.9424E-01  5.4759E+01  3.0805E+01  1.7640E+01
  8.9753E+00  2.9993E+01  8.0478E+01  5.9424E-01  5.4428E+01  3.0923E+01  1.5952E+01
  8.9873E+00  3.0033E+01  8.0621E+01  5.9424E-01  5.4151E+01  3.0929E+01  1.4940E+01
  8.9993E+00  3.0073E+01  8.0842E+01  5.9424E-01  5.5371E+01  3.1039E+01  1.8375E+01
  9.0113E+00  3.0113E+01  8.1066E+01  5.9424E-01  5.4638E+01  3.1148E+01  1.5424E+01
  9.0232E+00  3.0153E+01  8.1209E+01  5.9424E-01  5.4963E+01  3.1152E+01  1.6512E+01
  9.0352E+00  3.0193E+01  8.1450E+01  5.9424E-01  5.5855E+01  3.1272E+01  1.8717E+01
  9.0472E+00  3.0233E+01  8.1648E+01  5.9424E-01  5.4891E+01  3.1358E+01  1.5113E+01
  9.0592E+00  3.0273E+01  8.1803E+01  5.9424E-01  5.5808E+01  3.1385E+01  1.8027E+01
  9.0712E+00  3.0313E+01  8.2055E+01  5.9424E-01  5.6220E+01  3.1506E+01  1.8698E+01
  9.0832E+00  3.0353E+01  8.2226E+01  5.9424E-01  5.5284E+01  3.1557E+01  1.5371E+01
  9.0952E+00  3.0393E+01  8.2405E+01  5.9424E-01  5.6589E+01  3.1621E+01  1.9254E+01
  9.1072E+00  3.0433E+01  8.2655E+01  5.9424E-01  5.6473E+01  3.1741E+01  1.8335E+01
  9.1192E+00  3.0473E+01  8.2805E+01  5.9424E-01  5.5873E+01  3.1758E+01  1.6298E+01
  9.1312E+00  3.0513E+01  8.3012E+01  5.9424E-01  5.7254E+01  3.1855E+01  2.0106E+01
  9.1432E+00  3.0553E+01  8.3247E+01  5.9424E-01  5.6652E+01  3.1970E+01  1.7745E+01
  9.1551E+00  3.0593E+01  8.3388E+01  5.9424E-01  5.6642E+01  3.1973E+01  1.7703E+01
  9.1671E+00  3.0633E+01  8.3620E+01  5.9424E-01  5.7792E+01  3.2089E+01  2.0589E+01
  9.1791E+00  3.0673E+01  8.3832E+01  5.9424E-01  5.6834E+01  3.2189E+01  1.7203E+01
  9.1911E+00  3.0713E+01  8.3979E+01  5.9424E-01  5.7493E+01  3.2202E+01  1.9207E+01
  9.2031E+00  3.0753E+01  8.4227E+01  5.9424E-01  5.8193E+01  3.2322E+01  2.0682E+01
  9.2151E+00  3.0793E+01  8.4412E+01  5.9424E-01  5.7114E+01  3.2392E+01  1.7048E+01
  9.2271E+00  3.0833E+01  8.4578E+01  5.9424E-01  5.8313E+01  3.2437E+01  2.0514E+01
  9.2391E+00  3.0873E+01  8.4830E+01  5.9424E-01  5.8464E+01  3.2557E+01  2.0403E+01
  9.2511E+00  3.0913E+01  8.4989E+01  5.9424E-01  5.7584E+01  3.2590E+01  1.7552E+01
  9.2631E+00  3.0953E+01  8.5182E+01  5.9424E-01  5.9036E+01  3.2672E+01  2.1502E+01
  9.2751E+00  3.0993E+01  8.5426E+01  5.9424E-01  5.8639E+01  3.2790E+01  1.9841E+01
  9.2871E+00  3.1033E+01  8.5570E+01  5.9424E-01  5.8266E+01  3.2798E+01  1.8672E+01
  9.2990E+00  3.1073E+01  8.5790E+01  5.9424E-01  5.9623E+01  3.2905E+01  2.2103E+01
  9.3110E+00  3.1113E+01  8.6016E+01  5.9424E-01  5.8769E+01  3.3016E+01  1.9155E+01
  9.3230E+00  3.1153E+01  8.6157E+01  5.9424E-01  5.9084E+01  3.3020E+01  2.0082E+01
  9.3350E+00  3.1193E+01  8.6398E+01  5.9424E-01  6.0065E+01  3.3139E+01  2.2312E+01
  9.3470E+00  3.1233E+01  8.6597E+01  5.9424E-01  5.8948E+01  3.3226E+01  1.8668E+01
  9.3590E+00  3.1273E+01  8.6752E+01  5.9424E-01  5.9929E+01  3.3252E+01  2.1451E+01
  9.3713E+00  3.1314E+01  8.7009E+01  5.9424E-01  6.0351E+01  3.3376E+01  2.2082E+01
  9.3833E+00  3.1354E+01  8.7178E+01  5.9424E-01  5.9291E+01  3.3425E+01  1.8753E+01
  9.3953E+00  3.1394E+01  8.7360E+01  5.9424E-01  6.0724E+01  3.3491E+01  2.2607E+01
  9.4073E+00  3.1434E+01  8.7609E+01  5.9424E-01  6.0526E+01  3.3611E+01  2.1547E+01
  9.4193E+00  3.1474E+01  8.7758E+01  5.9424E-01  5.9874E+01  3.3627E+01  1.9565E+01
  9.4313E+00  3.1514E+01  8.7967E+01  5.9424E-01  6.1344E+01  3.3725E+01  2.3284E+01
  9.4432E+00  3.1554E+01  8.8201E+01  5.9424E-01  6.0625E+01  3.3840E+01  2.0795E+01
  9.4552E+00  3.1594E+01  8.8341E+01  5.9424E-01  6.0641E+01  3.3843E+01  2.0832E+01
  9.4672E+00  3.1634E+01  8.8575E+01  5.9424E-01  6.1824E+01  3.3959E+01  2.3591E+01
  9.4792E+00  3.1674E+01  8.8785E+01  5.9424E-01  6.0739E+01  3.4058E+01  2.0111E+01
  9.4912E+00  3.1714E+01  8.8933E+01  5.9424E-01  6.1476E+01  3.4072E+01  2.2175E+01
  9.5032E+00  3.1754E+01  8.9182E+01  5.9424E-01  6.2157E+01  3.4193E+01  2.3509E+01
  9.5152E+00  3.1794E+01  8.9365E+01  5.9424E-01  6.0972E+01  3.4261E+01  1.9838E+01
  9.5272E+00  3.1834E+01  8.9532E+01  5.9424E-01  6.2261E+01  3.4307E+01  2.3310E+01
  9.5392E+00  3.1874E+01  8.9784E+01  5.9424E-01  6.2354E+01  3.4427E+01  2.3056E+01
  9.5512E+00  3.1914E+01  8.9942E+01  5.9424E-01  6.1416E+01  3.4459E+01  2.0232E+01
  9.5632E+00  3.1954E+01  9.0137E+01  5.9424E-01  6.2934E+01  3.4542E+01  2.4122E+01
  9.5752E+00  3.1994E+01  9.0380E+01  5.9424E-01  6.2454E+01  3.4660E+01  2.2325E+01
  9.5871E+00  3.2034E+01  9.0524E+01  5.9424E-01  6.2080E+01  3.4667E+01  2.1227E+01
  9.5991E+00  3.2074E+01  9.0745E+01  5.9424E-01  6.3461E+01  3.4776E+01  2.4548E+01
  9.6111E+00  3.2114E+01  9.0969E+01  5.9424E-01  6.2513E+01  3.4885E+01  2.1485E+01
  9.6231E+00  3.2154E+01  9.1111E+01  5.9424E-01  6.2873E+01  3.4890E+01  2.2487E+01
  9.6351E+00  3.2194E+01  9.1353E+01  5.9424E-01  6.3836E+01  3.5009E+01  2.4581E+01
  9.6471E+00  3.2234E+01  9.1550E+01  5.9424E-01  6.2637E+01  3.5095E+01  2.0867E+01
  9.6591E+00  3.2274E+01  9.1706E+01  5.9424E-01  6.3675E+01  3.5123E+01  2.3688E+01
  9.6711E+00  3.2314E+01  9.1958E+01  5.9424E-01  6.4075E+01  3.5243E+01  2.4251E+01
  9.6831E+00  3.2354E+01  9.2128E+01  5.9424E-01  6.2938E+01  3.5294E+01  2.0823E+01
  9.6951E+00  3.2394E+01  9.2309E+01  5.9424E-01  6.4386E+01  3.5358E+01  2.4601E+01
  9.7071E+00  3.2434E+01  9.2558E+01  5.9424E-01  6.4189E+01  3.5478E+01  2.3574E+01
  9.7190E+00  3.2474E+01  9.2707E+01  5.9424E-01  6.3466E+01  3.5495E+01  2.1448E+01
  9.7310E+00  3.2514E+01  9.2915E+01  5.9424E-01  6.4958E+01  3.5592E+01  2.5142E+01
  9.7430E+00  3.2554E+01  9.3150E+01  5.9424E-01  6.4224E+01  3.5708E+01  2.2670E+01
  9.7550E+00  3.2594E+01  9.3291E+01  5.9424E-01  6.4184E+01  3.5711E+01  2.2543E+01
  9.7670E+00  3.2634E+01  9.3523E+01  5.9424E-01  6.5388E+01  3.5826E+01  2.5316E+01
  9.7790E+00  3.2674E+01  9.3735E+01  5.9424E-01  6.4273E+01  3.5926E+01  2.1817E+01
  9.7913E+00  3.2715E+01  9.3888E+01  5.9424E-01  6.5016E+01  3.5942E+01  2.3846E+01
  9.8033E+00  3.2755E+01  9.4137E+01  5.9424E-01  6.5650E+01  3.6063E+01  2.5039E+01
  9.8153E+00  3.2795E+01  9.4318E+01  5.9424E-01  6.4432E+01  3.6129E+01  2.1334E+01
  9.8273E+00  3.2835E+01  9.4487E+01  5.9424E-01  6.5740E+01  3.6177E+01  2.4808E+01
  9.8393E+00  3.2875E+01  9.4739E+01  5.9424E-01  6.5779E+01  3.6298E+01  2.4410E+01
  9.8513E+00  3.2915E+01  9.4896E+01  5.9424E-01  6.4841E+01  3.6327E+01  2.1617E+01
  9.8632E+00  3.2955E+01  9.5092E+01  5.9424E-01  6.6347E+01  3.6412E+01  2.5443E+01
  9.8752E+00  3.2995E+01  9.5335E+01  5.9424E-01  6.5816E+01  3.6531E+01  2.3509E+01
  9.8872E+00  3.3035E+01  9.5477E+01  5.9424E-01  6.5466E+01  3.6536E+01  2.2484E+01
  9.8992E+00  3.3075E+01  9.5700E+01  5.9424E-01  6.6806E+01  3.6646E+01  2.5693E+01
  9.9112E+00  3.3115E+01  9.5923E+01  5.9424E-01  6.5822E+01  3.6755E+01  2.2516E+01
  9.9232E+00  3.3155E+01  9.6066E+01  5.9424E-01  6.6207E+01  3.6760E+01  2.3592E+01
  9.9352E+00  3.3195E+01  9.6308E+01  5.9424E-01  6.7114E+01  3.6879E+01  2.5549E+01
  9.9472E+00  3.3235E+01  9.6504E+01  5.9424E-01  6.5902E+01  3.6964E+01  2.1769E+01
  9.9592E+00  3.3275E+01  9.6661E+01  5.9424E-01  6.6946E+01  3.6993E+01  2.4624E+01
  9.9712E+00  3.3315E+01  9.6913E+01  5.9424E-01  6.7290E+01  3.7114E+01  2.5043E+01
  9.9832E+00  3.3355E+01  9.7082E+01  5.9424E-01  6.6167E+01  3.7162E+01  2.1614E+01
  9.9952E+00  3.3395E+01  9.7264E+01  5.9424E-01  6.7587E+01  3.7229E+01  2.5361E+01
  1.0007E+01  3.3435E+01  9.7513E+01  5.9424E-01  6.7346E+01  3.7349E+01  2.4192E+01
  1.0019E+01  3.3475E+01  9.7661E+01  5.9424E-01  6.6655E+01  3.7364E+01  2.2121E+01
  1.0031E+01  3.3515E+01  9.7871E+01  5.9424E-01  6.8089E+01  3.7463E+01  2.5726E+01
  1.0043E+01  3.3555E+01  9.8104E+01  5.9424E-01  6.7332E+01  3.7578E+01  2.3124E+01
  1.0055E+01  3.3595E+01  9.8245E+01  5.9424E-01  6.7320E+01  3.7581E+01  2.3076E+01
  1.0067E+01  3.3635E+01  9.8479E+01  5.9424E-01  6.8452E+01  3.7696E+01  2.5722E+01
  1.0079E+01  3.3675E+01  9.8689E+01  5.9424E-01  6.7342E+01  3.7796E+01  2.2129E+01
  1.0091E+01  3.3715E+01  9.8837E+01  5.9424E-01  6.8040E+01  3.7810E+01  2.4103E+01
  1.0103E+01  3.3755E+01  9.9086E+01  5.9424E-01  6.8671E+01  3.7930E+01  2.5328E+01
  1.0115E+01  3.3795E+01  9.9268E+01  5.9424E-01  6.7477E+01  3.7998E+01  2.1550E+01
  1.0127E+01  3.3835E+01  9.9436E+01  5.9424E-01  6.8702E+01  3.8045E+01  2.4922E+01
  1.0139E+01  3.3875E+01  9.9688E+01  5.9424E-01  6.8761E+01  3.8165E+01  2.4560E+01
  1.0151E+01  3.3915E+01  9.9846E+01  5.9424E-01  6.7823E+01  3.8196E+01  2.1642E+01
  1.0163E+01  3.3955E+01  1.0004E+02  5.9424E-01  6.9251E+01  3.8279E+01  2.5420E+01
  1.0175E+01  3.3995E+01  1.0028E+02  5.9424E-01  6.8762E+01  3.8398E+01  2.3512E+01
  1.0187E+01  3.4035E+01  1.0043E+02  5.9424E-01  6.8376E+01  3.8405E+01  2.2328E+01
  1.0199E+01  3.4075E+01  1.0065E+02  5.9425E-01  6.9659E+01  3.8513E+01  2.5534E+01
  1.0211E+01  3.4115E+01  1.0087E+02  5.9425E-01  6.8733E+01  3.8623E+01  2.2356E+01
  1.0223E+01  3.4156E+01  1.0102E+02  5.9425E-01  6.9089E+01  3.8631E+01  2.3392E+01
  1.0235E+01  3.4196E+01  1.0126E+02  5.9425E-01  6.9912E+01  3.8750E+01  2.5212E+01
  1.0247E+01  3.4236E+01  1.0146E+02  5.9425E-01  6.8752E+01  3.8832E+01  2.1369E+01
  1.0259E+01  3.4276E+01  1.0162E+02  5.9425E-01  6.9753E+01  3.8864E+01  2.4254E+01
  1.0271E+01  3.4316E+01  1.0187E+02  5.9425E-01  7.0039E+01  3.8984E+01  2.4529E+01
  1.0283E+01  3.4356E+01  1.0204E+02  5.9425E-01  6.8987E+01  3.9031E+01  2.1101E+01
  1.0295E+01  3.4396E+01  1.0222E+02  5.9425E-01  7.0320E+01  3.9099E+01  2.4814E+01
  1.0307E+01  3.4436E+01  1.0247E+02  5.9425E-01  7.0058E+01  3.9219E+01  2.3503E+01
  1.0319E+01  3.4476E+01  1.0261E+02  5.9425E-01  6.9432E+01  3.9233E+01  2.1490E+01
  1.0331E+01  3.4516E+01  1.0283E+02  5.9425E-01  7.0754E+01  3.9333E+01  2.5002E+01
  1.0343E+01  3.4556E+01  1.0306E+02  5.9425E-01  7.0021E+01  3.9448E+01  2.2272E+01
  1.0355E+01  3.4596E+01  1.0320E+02  5.9425E-01  7.0034E+01  3.9451E+01  2.2303E+01
  1.0367E+01  3.4636E+01  1.0343E+02  5.9425E-01  7.1058E+01  3.9566E+01  2.4821E+01
  1.0379E+01  3.4676E+01  1.0364E+02  5.9425E-01  7.0014E+01  3.9665E+01  2.1135E+01
  1.0391E+01  3.4716E+01  1.0379E+02  5.9425E-01  7.0679E+01  3.9681E+01  2.3167E+01
  1.0403E+01  3.4756E+01  1.0404E+02  5.9425E-01  7.1231E+01  3.9801E+01  2.4250E+01
  1.0415E+01  3.4796E+01  1.0422E+02  5.9425E-01  7.0132E+01  3.9867E+01  2.0438E+01
  1.0427E+01  3.4836E+01  1.0439E+02  5.9425E-01  7.1265E+01  3.9915E+01  2.3811E+01
  1.0439E+01  3.4876E+01  1.0464E+02  5.9425E-01  7.1289E+01  4.0036E+01  2.3304E+01
  1.0451E+01  3.4916E+01  1.0480E+02  5.9425E-01  7.0445E+01  4.0065E+01  2.0417E+01
  1.0463E+01  3.4956E+01  1.0500E+02  5.9425E-01  7.1744E+01  4.0150E+01  2.4131E+01
  1.0475E+01  3.4996E+01  1.0524E+02  5.9425E-01  7.1273E+01  4.0269E+01  2.2085E+01
  1.0487E+01  3.5036E+01  1.0538E+02  5.9425E-01  7.0945E+01  4.0274E+01  2.0974E+01
  1.0499E+01  3.5076E+01  1.0560E+02  5.9425E-01  7.2093E+01  4.0383E+01  2.4068E+01
  1.0511E+01  3.5116E+01  1.0583E+02  5.9425E-01  7.1238E+01  4.0493E+01  2.0775E+01
  1.0523E+01  3.5156E+01  1.0597E+02  5.9425E-01  7.1542E+01  4.0499E+01  2.1766E+01
  1.0535E+01  3.5196E+01  1.0621E+02  5.9425E-01  7.2313E+01  4.0617E+01  2.3611E+01
  1.0547E+01  3.5236E+01  1.0641E+02  5.9425E-01  7.1275E+01  4.0702E+01  1.9719E+01
  1.0559E+01  3.5276E+01  1.0656E+02  5.9425E-01  7.2135E+01  4.0731E+01  2.2479E+01
  1.0571E+01  3.5316E+01  1.0682E+02  5.9425E-01  7.2424E+01  4.0852E+01  2.2790E+01
  1.0583E+01  3.5356E+01  1.0699E+02  5.9425E-01  7.1470E+01  4.0900E+01  1.9259E+01
  1.0595E+01  3.5396E+01  1.0717E+02  5.9425E-01  7.2642E+01  4.0966E+01  2.2899E+01
  1.0607E+01  3.5436E+01  1.0742E+02  5.9425E-01  7.2442E+01  4.1087E+01  2.1620E+01
  1.0619E+01  3.5476E+01  1.0756E+02  5.9425E-01  7.1852E+01  4.1102E+01  1.9460E+01
  1.0631E+01  3.5516E+01  1.0777E+02  5.9425E-01  7.3031E+01  4.1200E+01  2.2949E+01
  1.0643E+01  3.5557E+01  1.0801E+02  5.9425E-01  7.2380E+01  4.1318E+01  2.0110E+01
  1.0655E+01  3.5597E+01  1.0815E+02  5.9425E-01  7.2415E+01  4.1321E+01  2.0220E+01
  1.0667E+01  3.5637E+01  1.0839E+02  5.9425E-01  7.3303E+01  4.1436E+01  2.2608E+01
  1.0679E+01  3.5677E+01  1.0860E+02  5.9425E-01  7.2385E+01  4.1534E+01  1.8832E+01
  1.0691E+01  3.5717E+01  1.0875E+02  5.9425E-01  7.2984E+01  4.1551E+01  2.0918E+01
  1.0703E+01  3.5757E+01  1.0900E+02  5.9425E-01  7.3452E+01  4.1671E+01  2.1858E+01
  1.0715E+01  3.5797E+01  1.0917E+02  5.9425E-01  7.2506E+01  4.1735E+01  1.8017E+01
  1.0727E+01  3.5837E+01  1.0935E+02  5.9425E-01  7.3497E+01  4.1786E+01  2.1387E+01
  1.0739E+01  3.5877E+01  1.0960E+02  5.9425E-01  7.3505E+01  4.1906E+01  2.0736E+01
  1.0751E+01  3.5917E+01  1.0975E+02  5.9425E-01  7.2797E+01  4.1934E+01  1.7883E+01
  1.0763E+01  3.5957E+01  1.0995E+02  5.9425E-01  7.3916E+01  4.2020E+01  2.1529E+01
  1.0775E+01  3.5997E+01  1.1019E+02  5.9425E-01  7.3503E+01  4.2139E+01  1.9345E+01
  1.0787E+01  3.6037E+01  1.1033E+02  5.9425E-01  7.3245E+01  4.2144E+01  1.8309E+01
  1.0799E+01  3.6077E+01  1.1056E+02  5.9425E-01  7.4222E+01  4.2253E+01  2.1288E+01
  1.0811E+01  3.6117E+01  1.1078E+02  5.9425E-01  7.3496E+01  4.2362E+01  1.7882E+01
  1.0823E+01  3.6157E+01  1.1092E+02  5.9425E-01  7.3772E+01  4.2369E+01  1.8945E+01
  1.0835E+01  3.6197E+01  1.1117E+02  5.9425E-01  7.4420E+01  4.2487E+01  2.0653E+01
  1.0847E+01  3.6237E+01  1.1136E+02  5.9425E-01  7.3557E+01  4.2570E+01  1.6697E+01
  1.0859E+01  3.6277E+01  1.1152E+02  5.9425E-01  7.4291E+01  4.2602E+01  1.9487E+01
  1.0871E+01  3.6317E+01  1.1177E+02  5.9425E-01  7.4531E+01  4.2722E+01  1.9653E+01
  1.0883E+01  3.6357E+01  1.1194E+02  5.9425E-01  7.3754E+01  4.2768E+01  1.6124E+01
  1.0895E+01  3.6397E+01  1.1212E+02  5.9425E-01  7.4736E+01  4.2836E+01  1.9730E+01
  1.0907E+01  3.6437E+01  1.1237E+02  5.9425E-01  7.4570E+01  4.2957E+01  1.8308E+01
  1.0919E+01  3.6477E+01  1.1252E+02  5.9425E-01  7.4106E+01  4.2971E+01  1.6205E+01
  1.0931E+01  3.6517E+01  1.1273E+02  5.9425E-01  7.5082E+01  4.3070E+01  1.9602E+01
  1.0943E+01  3.6557E+01  1.1296E+02  5.9425E-01  7.4581E+01  4.3186E+01  1.6757E+01
  1.0955E+01  3.6597E+01  1.1310E+02  5.9425E-01  7.4573E+01  4.3189E+01  1.6704E+01
  1.0967E+01  3.6637E+01  1.1334E+02  5.9425E-01  7.5335E+01  4.3303E+01  1.9108E+01
  1.0979E+01  3.6677E+01  1.1354E+02  5.9425E-01  7.4624E+01  4.3402E+01  1.5305E+01
  1.0991E+01  3.6717E+01  1.1369E+02  5.9425E-01  7.5072E+01  4.3418E+01  1.7247E+01
  1.1003E+01  3.6757E+01  1.1394E+02  5.9425E-01  7.5497E+01  4.3538E+01  1.8220E+01
  1.1015E+01  3.6797E+01  1.1412E+02  5.9425E-01  7.4757E+01  4.3604E+01  1.4300E+01
  1.1027E+01  3.6837E+01  1.1429E+02  5.9425E-01  7.5531E+01  4.3653E+01  1.7572E+01
  1.1039E+01  3.6877E+01  1.1454E+02  5.9425E-01  7.5588E+01  4.3773E+01  1.6956E+01
  1.1051E+01  3.6917E+01  1.1470E+02  5.9425E-01  7.5024E+01  4.3802E+01  1.3974E+01
  1.1063E+01  3.6957E+01  1.1490E+02  5.9425E-01  7.5915E+01  4.3887E+01  1.7576E+01
  1.1075E+01  3.6998E+01  1.1514E+02  5.9425E-01  7.5620E+01  4.4009E+01  1.5289E+01
  1.1087E+01  3.7038E+01  1.1529E+02  5.9425E-01  7.5439E+01  4.4013E+01  1.4328E+01
  1.1099E+01  3.7078E+01  1.1551E+02  5.9425E-01  7.6214E+01  4.4123E+01  1.7191E+01
  1.1111E+01  3.7118E+01  1.1573E+02  5.9425E-01  7.5678E+01  4.4231E+01  1.3673E+01
  1.1123E+01  3.7158E+01  1.1588E+02  5.9425E-01  7.5903E+01  4.4239E+01  1.4807E+01
  1.1135E+01  3.7198E+01  1.1612E+02  5.9425E-01  7.6419E+01  4.4357E+01  1.6378E+01
  1.1147E+01  3.7238E+01  1.1631E+02  5.9425E-01  7.5795E+01  4.4438E+01  1.2362E+01
  1.1159E+01  3.7278E+01  1.1647E+02  5.9425E-01  7.6360E+01  4.4472E+01  1.5177E+01
  1.1171E+01  3.7318E+01  1.1672E+02  5.9425E-01  7.6563E+01  4.4592E+01  1.5199E+01
  1.1183E+01  3.7358E+01  1.1689E+02  5.9425E-01  7.6015E+01  4.4636E+01  1.1676E+01
  1.1195E+01  3.7398E+01  1.1707E+02  5.9425E-01  7.6760E+01  4.4706E+01  1.5242E+01
  1.1207E+01  3.7438E+01  1.1732E+02  5.9425E-01  7.6665E+01  4.4827E+01  1.3677E+01
  1.1219E+01  3.7478E+01  1.1747E+02  5.9425E-01  7.6348E+01  4.4840E+01  1.1635E+01
  1.1231E+01  3.7518E+01  1.1768E+02  5.9425E-01  7.7086E+01  4.4940E+01  1.4937E+01
  1.1243E+01  3.7558E+01  1.1791E+02  5.9425E-01  7.6758E+01  4.5056E+01  1.1963E+01
  1.1255E+01  3.7598E+01  1.1805E+02  5.9425E-01  7.6766E+01  4.5058E+01  1.1989E+01
  1.1267E+01  3.7638E+01  1.1829E+02  5.9425E-01  7.7344E+01  4.5173E+01  1.4264E+01
  1.1279E+01  3.7678E+01  1.1850E+02  5.9425E-01  7.6884E+01  4.5271E+01  1.0371E+01
  1.1291E+01  3.7718E+01  1.1865E+02  5.9425E-01  7.7208E+01  4.5288E+01  1.2367E+01
  1.1303E+01  3.7758E+01  1.1890E+02  5.9425E-01  7.7543E+01  4.5408E+01  1.3197E+01
  1.1315E+01  3.7798E+01  1.1907E+02  5.9425E-01  7.7076E+01  4.5472E+01  9.2477E+00
  1.1327E+01  3.7838E+01  1.1925E+02  5.9425E-01  7.7621E+01  4.5522E+01  1.2516E+01
  1.1339E+01  3.7878E+01  1.1950E+02  5.9425E-01  7.7703E+01  4.5643E+01  1.1755E+01
  1.1351E+01  3.7918E+01  1.1965E+02  5.9425E-01  7.7357E+01  4.5671E+01  8.8076E+00
  1.1363E+01  3.7958E+01  1.1985E+02  5.9425E-01  7.7981E+01  4.5756E+01  1.2342E+01
  1.1375E+01  3.7998E+01  1.2009E+02  5.9425E-01  7.7851E+01  4.5876E+01  1.0043E+01
  1.1387E+01  3.8038E+01  1.2023E+02  5.9425E-01  7.7722E+01  4.5881E+01  8.9209E+00
  1.1399E+01  3.8078E+01  1.2046E+02  5.9425E-01  7.8284E+01  4.5990E+01  1.1785E+01
  1.1411E+01  3.8118E+01  1.2068E+02  5.9425E-01  7.8014E+01  4.6099E+01  8.2604E+00
  1.1423E+01  3.8158E+01  1.2082E+02  5.9425E-01  7.8135E+01  4.6106E+01  9.2379E+00
  1.1435E+01  3.8198E+01  1.2107E+02  5.9425E-01  7.8536E+01  4.6224E+01  1.0834E+01
  1.1447E+01  3.8238E+01  1.2126E+02  5.9425E-01  7.8218E+01  4.6307E+01  6.7646E+00
  1.1459E+01  3.8278E+01  1.2142E+02  5.9425E-01  7.8550E+01  4.6338E+01  9.4591E+00
  1.1471E+01  3.8318E+01  1.2167E+02  5.9425E-01  7.8758E+01  4.6459E+01  9.5158E+00
  1.1483E+01  3.8358E+01  1.2184E+02  5.9425E-01  7.8479E+01  4.6505E+01  5.8849E+00
  1.1495E+01  3.8399E+01  1.2203E+02  5.9425E-01  7.8943E+01  4.6576E+01  9.4341E+00
  1.1507E+01  3.8439E+01  1.2227E+02  5.9425E-01  7.8960E+01  4.6697E+01  7.7254E+00
  1.1519E+01  3.8479E+01  1.2242E+02  5.9425E-01  7.8810E+01  4.6708E+01  5.7466E+00
  1.1531E+01  3.8519E+01  1.2263E+02  5.9425E-01  7.9277E+01  4.6809E+01  8.9498E+00
  1.1543E+01  3.8559E+01  1.2286E+02  5.9425E-01  7.9181E+01  4.6925E+01  5.8491E+00
  1.1555E+01  3.8599E+01  1.2300E+02  5.9425E-01  7.9193E+01  4.6927E+01  5.9535E+00
  1.1567E+01  3.8639E+01  1.2324E+02  5.9425E-01  7.9576E+01  4.7043E+01  8.0981E+00
  1.1579E+01  3.8679E+01  1.2345E+02  5.9425E-01  7.9432E+01  4.7139E+01  4.1177E+00
  1.1591E+01  3.8719E+01  1.2360E+02  5.9425E-01  7.9596E+01  4.7158E+01  6.1643E+00
  1.1603E+01  3.8759E+01  1.2385E+02  5.9425E-01  7.9852E+01  4.7277E+01  6.8516E+00
  1.1615E+01  3.8799E+01  1.2402E+02  5.9425E-01  7.9714E+01  4.7339E+01  2.8771E+00
  1.1627E+01  3.8839E+01  1.2420E+02  5.9425E-01  7.9986E+01  4.7392E+01  6.1372E+00
  1.1639E+01  3.8879E+01  1.2445E+02  5.9425E-01  8.0125E+01  4.7513E+01  5.2304E+00
  1.1651E+01  3.8919E+01  1.2460E+02  5.9425E-01  8.0031E+01  4.7538E+01  2.3222E+00
  1.1663E+01  3.8959E+01  1.2480E+02  5.9425E-01  8.0353E+01  4.7626E+01  5.7846E+00
  1.1675E+01  3.8999E+01  1.2504E+02  5.9425E-01  8.0416E+01  4.7746E+01  3.3474E+00
  1.1687E+01  3.9039E+01  1.2518E+02  5.9425E-01  8.0386E+01  4.7750E+01  2.3012E+00
  1.1699E+01  3.9079E+01  1.2541E+02  5.9425E-01  8.0695E+01  4.7859E+01  5.0487E+00
  1.1711E+01  3.9119E+01  1.2563E+02  5.9425E-01  8.0732E+01  4.7968E+01  1.4123E+00
  1.1723E+01  3.9159E+01  1.2577E+02  5.9425E-01  8.0770E+01  4.7975E+01  2.4605E+00
  1.1735E+01  3.9199E+01  1.2602E+02  5.9425E-01  8.1025E+01  4.8093E+01  3.9189E+00
  1.1747E+01  3.9239E+01  1.2621E+02  5.9425E-01  8.1067E+01  4.8174E+01 -2.1061E-01
  1.1759E+01  3.9279E+01  1.2637E+02  5.9425E-01  8.1162E+01  4.8208E+01  2.5092E+00
  1.1771E+01  3.9319E+01  1.2662E+02  5.9425E-01  8.1362E+01  4.8328E+01  2.4205E+00
  1.1783E+01  3.9359E+01  1.2679E+02  5.9425E-01  8.1409E+01  4.8372E+01 -1.2036E+00
  1.1795E+01  3.9399E+01  1.2697E+02  5.9425E-01  8.1549E+01  4.8442E+01  2.2551E+00
  1.1807E+01  3.9439E+01  1.2722E+02  5.9425E-01  8.1724E+01  4.8563E+01  5.7638E-01
  1.1819E+01  3.9479E+01  1.2737E+02  5.9425E-01  8.1758E+01  4.8576E+01 -1.5542E+00
  1.1831E+01  3.9519E+01  1.2758E+02  5.9425E-01  8.1927E+01  4.8675E+01  1.6327E+00
  1.1843E+01  3.9559E+01  1.2781E+02  5.9425E-01  8.2119E+01  4.8792E+01 -1.4591E+00
  1.1855E+01  3.9599E+01  1.2795E+02  5.9425E-01  8.2124E+01  4.8794E+01 -1.5176E+00
  1.1867E+01  3.9639E+01  1.2819E+02  5.9425E-01  8.2305E+01  4.8908E+01  6.4367E-01
  1.1879E+01  3.9679E+01  1.2839E+02  5.9425E-01  8.2536E+01  4.9006E+01 -3.3673E+00
  1.1891E+01  3.9719E+01  1.2854E+02  5.9425E-01  8.2510E+01  4.9024E+01 -1.4612E+00
  1.1903E+01  3.9759E+01  1.2879E+02  5.9425E-01  8.2701E+01  4.9143E+01 -7.4141E-01
  1.1915E+01  3.9799E+01  1.2897E+02  5.9425E-01  8.2944E+01  4.9207E+01 -4.7992E+00
  1.1927E+01  3.9840E+01  1.2915E+02  5.9425E-01  8.2910E+01  4.9261E+01 -1.5655E+00
  1.1939E+01  3.9880E+01  1.2940E+02  5.9425E-01  8.3141E+01  4.9382E+01 -2.6181E+00
  1.1951E+01  3.9920E+01  1.2955E+02  5.9425E-01  8.3320E+01  4.9405E+01 -5.4844E+00
  1.1963E+01  3.9960E+01  1.2975E+02  5.9425E-01  8.3315E+01  4.9494E+01 -2.0968E+00
  1.1975E+01  4.0000E+01  1.2999E+02  5.9425E-01  8.3621E+01  4.9614E+01 -4.6719E+00
  1.2000E+01  4.0083E+01  1.3038E+02  5.9425E-01  8.3740E+01  4.9730E+01 -3.0434E+00
