  0.0000E+00  0.0000E+00  0.0000E+00  0.0000E+00  0.0000E+00  0.0000E+00  0.0000E+00
  1.1129E-02 -6.6383E-08 -9.7719E-10  2.4947E-01 -3.5553E-13  2.3014E-12  2.4947E-01
  2.3219E-02 -1.1003E-08 -1.3853E-09  2.4953E-01  5.4799E-12  1.2610E-11  2.4953E-01
  3.5217E-02 -8.2526E-08 -3.1432E-09  2.4961E-01  2.4756E-11  2.9444E-11  2.4961E-01
  4.7247E-02 -1.0660E-07 -2.0627E-09  2.4982E-01  9.3083E-12  2.1651E-11  2.4982E-01
  5.9085E-02 -1.8318E-08 -2.0863E-09  2.4991E-01  1.2286E-11  2.8448E-11  2.4991E-01
  7.1286E-02  2.5954E-08 -3.2992E-09  2.4988E-01  1.5644E-10  1.4630E-10  2.4988E-01
  8.3205E-02 -5.9744E-08 -4.4482E-09  2.4989E-01 -7.2447E-11 -1.1623E-10  2.4989E-01
  9.5126E-02 -9.7943E-08 -3.0472E-09  2.5000E-01  2.8931E-10  1.9057E-10  2.5000E-01
  1.0706E-01 -3.0337E-08 -2.9244E-09  2.5007E-01  2.7093E-10  2.0735E-10  2.5007E-01
  1.1902E-01  1.5975E-09 -4.4693E-09  2.5008E-01 -1.6634E-10 -2.0054E-10  2.5008E-01
  1.3128E-01 -4.8169E-08 -4.8824E-09  2.5012E-01 -3.3437E-11 -9.8034E-11  2.5012E-01
  1.4324E-01 -6.4469E-08 -4.5474E-09  2.5027E-01 -5.3028E-11 -1.2191E-10  2.5027E-01
  1.5520E-01 -5.7877E-08 -4.8519E-09  2.5079E-01 -8.6069E-11 -1.5206E-10  2.5079E-01
  1.6716E-01 -5.2923E-08 -5.1018E-09  2.5251E-01 -1.0269E-10 -1.6602E-10  2.5251E-01
  1.7912E-01 -5.1232E-08 -5.2829E-09  2.5594E-01 -1.1133E-10 -1.7529E-10  2.5594E-01
  1.9108E-01 -5.2762E-08 -5.4024E-09  2.5781E-01 -1.1657E-10 -1.8265E-10  2.5781E-01
  2.0305E-01 -5.4880E-08 -5.5368E-09  2.5541E-01 -1.2378E-10 -1.9275E-10  2.5541E-01
  2.1501E-01 -5.6860E-08 -5.6848E-09  2.5249E-01 -1.3182E-10 -2.0395E-10  2.5249E-01
  2.2727E-01 -5.8374E-08 -5.8560E-09  2.5111E-01 -1.3982E-10 -2.1503E-10  2.5111E-01
  2.3923E-01 -5.9423E-08 -6.0395E-09  2.5069E-01 -1.4720E-10 -2.2521E-10  2.5069E-01
  2.5119E-01 -6.0207E-08 -6.2337E-09  2.5059E-01 -1.5429E-10 -2.3499E-10  2.5059E-01
  2.6315E-01 -6.0839E-08 -6.4344E-09  2.5058E-01 -1.6124E-10 -2.4458E-10  2.5058E-01
  2.7511E-01 -6.1379E-08 -6.6389E-09  2.5060E-01 -1.6813E-10 -2.5411E-10  2.5060E-01
  2.8707E-01 -6.1860E-08 -6.8459E-09  2.5063E-01 -1.7501E-10 -2.6366E-10  2.5063E-01
  2.9903E-01 -6.2298E-08 -7.0543E-09  2.5067E-01 -1.8192E-10 -2.7330E-10  2.5067E-01
  3.1129E-01 -6.2703E-08 -7.2688E-09  2.5071E-01 -1.8907E-10 -2.8333E-10  2.5071E-01
  3.2325E-01 -6.3050E-08 -7.4780E-09  2.5076E-01 -1.9613E-10 -2.9328E-10  2.5076E-01
  3.3521E-01 -6.3329E-08 -7.6862E-09  2.5082E-01 -2.0329E-10 -3.0345E-10  2.5082E-01
  3.4717E-01 -6.3500E-08 -7.8914E-09  2.5091E-01 -2.1055E-10 -3.1383E-10  2.5091E-01
  3.5913E-01 -6.3483E-08 -8.0901E-09  2.5111E-01 -2.1788E-10 -3.2440E-10  2.5111E-01
  3.7109E-01 -6.3138E-08 -8.2762E-09  2.5166E-01 -2.2517E-10 -3.3502E-10  2.5166E-01
  3.8305E-01 -6.2243E-08 -8.4405E-09  2.5330E-01 -2.3226E-10 -3.4547E-10  2.5330E-01
  3.9502E-01 -6.0606E-08 -8.5769E-09  2.5723E-01 -2.3901E-10 -3.5562E-10  2.5723E-01
  4.0728E-01 -5.8416E-08 -8.6978E-09  2.6182E-01 -2.4592E-10 -3.6624E-10  2.6182E-01
  4.1924E-01 -5.6661E-08 -8.8090E-09  2.6060E-01 -2.5318E-10 -3.7755E-10  2.6060E-01
  4.3120E-01 -5.5791E-08 -8.9042E-09  2.5555E-01 -2.6107E-10 -3.8996E-10  2.5555E-01
  4.4316E-01 -5.5506E-08 -8.9809E-09  2.5251E-01 -2.6947E-10 -4.0323E-10  2.5251E-01
  4.5512E-01 -5.5436E-08 -9.0482E-09  2.5159E-01 -2.7821E-10 -4.1712E-10  2.5159E-01
  4.6708E-01 -5.5420E-08 -9.1127E-09  2.5143E-01 -2.8725E-10 -4.3154E-10  2.5143E-01
  4.7904E-01 -5.5417E-08 -9.1770E-09  2.5145E-01 -2.9659E-10 -4.4651E-10  2.5145E-01
  4.9100E-01 -5.5413E-08 -9.2420E-09  2.5151E-01 -3.0624E-10 -4.6205E-10  2.5150E-01
  5.0326E-01 -5.5408E-08 -9.3096E-09  2.5158E-01 -3.1647E-10 -4.7863E-10  2.5158E-01
  5.1522E-01 -5.5399E-08 -9.3766E-09  2.5166E-01 -3.2679E-10 -4.9545E-10  2.5165E-01
  5.2718E-01 -5.5387E-08 -9.4447E-09  2.5174E-01 -3.3747E-10 -5.1294E-10  2.5174E-01
  5.3914E-01 -5.5370E-08 -9.5140E-09  2.5183E-01 -3.4851E-10 -5.3115E-10  2.5183E-01
  5.5110E-01 -5.5348E-08 -9.5843E-09  2.5192E-01 -3.5994E-10 -5.5011E-10  2.5192E-01
  5.6306E-01 -5.5322E-08 -9.6558E-09  2.5202E-01 -3.7175E-10 -5.6986E-10  2.5202E-01
  5.7503E-01 -5.5290E-08 -9.7283E-09  2.5213E-01 -3.8397E-10 -5.9043E-10  2.5213E-01
  5.8729E-01 -5.5250E-08 -9.8037E-09  2.5225E-01 -3.9692E-10 -6.1241E-10  2.5224E-01
  5.9925E-01 -5.5204E-08 -9.8783E-09  2.5237E-01 -4.0999E-10 -6.3477E-10  2.5237E-01
  6.1121E-01 -5.5150E-08 -9.9537E-09  2.5247E-01 -4.2370E-10 -6.5841E-10  2.5246E-01
  6.2317E-01 -5.5088E-08 -1.0030E-08  2.5261E-01 -4.3763E-10 -6.8269E-10  2.5260E-01
  6.3513E-01 -5.5015E-08 -1.0107E-08  2.5276E-01 -4.5197E-10 -7.0798E-10  2.5276E-01
  6.4709E-01 -5.4932E-08 -1.0184E-08  2.5292E-01 -4.6674E-10 -7.3430E-10  2.5292E-01
  6.5905E-01 -5.4836E-08 -1.0261E-08  2.5310E-01 -4.8190E-10 -7.6167E-10  2.5310E-01
  6.7101E-01 -5.4726E-08 -1.0337E-08  2.5329E-01 -4.9743E-10 -7.9010E-10  2.5329E-01
  6.8327E-01 -5.4597E-08 -1.0415E-08  2.5350E-01 -5.1368E-10 -8.2032E-10  2.5350E-01
  6.9523E-01 -5.4452E-08 -1.0490E-08  2.5373E-01 -5.2979E-10 -8.5082E-10  2.5373E-01
  7.0719E-01 -5.4286E-08 -1.0563E-08  2.5398E-01 -5.4606E-10 -8.8224E-10  2.5397E-01
  7.1915E-01 -5.4096E-08 -1.0632E-08  2.5425E-01 -5.6237E-10 -9.1445E-10  2.5424E-01
  7.3111E-01 -5.3878E-08 -1.0697E-08  2.5454E-01 -5.7853E-10 -9.4727E-10  2.5454E-01
  7.4307E-01 -5.3628E-08 -1.0756E-08  2.5486E-01 -5.9431E-10 -9.8040E-10  2.5486E-01
  7.5503E-01 -5.3339E-08 -1.0808E-08  2.5522E-01 -6.0939E-10 -1.0134E-09  2.5522E-01
  7.6729E-01 -5.2996E-08 -1.0849E-08  2.5563E-01 -6.2369E-10 -1.0465E-09  2.5562E-01
  7.7926E-01 -5.2609E-08 -1.0876E-08  2.5606E-01 -6.3592E-10 -1.0773E-09  2.5606E-01
  7.9122E-01 -5.2157E-08 -1.0886E-08  2.5655E-01 -6.4569E-10 -1.1052E-09  2.5654E-01
  8.0318E-01 -5.1630E-08 -1.0871E-08  2.5709E-01 -6.5198E-10 -1.1288E-09  2.5708E-01
  8.1514E-01 -5.1011E-08 -1.0826E-08  2.5769E-01 -6.5343E-10 -1.1456E-09  2.5769E-01
  8.2710E-01 -5.0279E-08 -1.0741E-08  2.5837E-01 -6.4822E-10 -1.1523E-09  2.5836E-01
  8.3906E-01 -4.9410E-08 -1.0604E-08  2.5913E-01 -6.3390E-10 -1.1444E-09  2.5913E-01
  8.5102E-01 -4.8370E-08 -1.0398E-08  2.5999E-01 -6.0716E-10 -1.1154E-09  2.5998E-01
  8.6328E-01 -4.7082E-08 -1.0093E-08  2.6098E-01 -5.6222E-10 -1.0542E-09  2.6097E-01
  8.7524E-01 -4.5551E-08 -9.6734E-09  2.6207E-01 -4.9515E-10 -9.5085E-10  2.6207E-01
  8.8720E-01 -4.3674E-08 -9.0943E-09  2.6330E-01 -3.9704E-10 -7.8606E-10  2.6330E-01
  8.9916E-01 -4.1353E-08 -8.3030E-09  2.6468E-01 -2.5721E-10 -5.3481E-10  2.6468E-01
  9.1112E-01 -3.8459E-08 -7.2297E-09  2.6622E-01 -6.1769E-11 -1.6294E-10  2.6622E-01
  9.2308E-01 -3.4822E-08 -5.7832E-09  2.6790E-01  2.0675E-10  3.7418E-10  2.6790E-01
  9.3504E-01 -3.0226E-08 -3.8493E-09  2.6969E-01  5.6892E-10  1.1302E-09  2.6969E-01
  9.4701E-01 -2.4410E-08 -1.2956E-09  2.7150E-01  1.0458E-09  2.1582E-09  2.7149E-01
  9.5927E-01 -1.6885E-08  2.0992E-09  2.7320E-01  1.6679E-09  3.5187E-09  2.7315E-01
  9.7123E-01 -7.7872E-09  6.2332E-09  2.7438E-01  2.3932E-09  5.0751E-09  2.7429E-01
  9.8319E-01  3.0536E-09  1.1054E-08  2.7465E-01  3.1614E-09  6.5940E-09  2.7450E-01
  9.9515E-01  1.5172E-08  1.6077E-08  2.7347E-01  3.7795E-09  7.5405E-09  2.7326E-01
  1.0071E+00  2.7430E-08  2.0336E-08  2.7044E-01  3.8893E-09  7.2097E-09  2.7023E-01
  1.0191E+00  3.8185E-08  2.2536E-08  2.6569E-01  3.0571E-09  5.1524E-09  2.6557E-01
  1.0310E+00  4.6003E-08  2.1595E-08  2.6014E-01  1.1172E-09  1.6980E-09  2.6013E-01
  1.0433E+00  5.0485E-08  1.7085E-08  2.5525E-01 -1.5198E-09 -2.0887E-09  2.5522E-01
  1.0553E+00  5.1923E-08  9.9050E-09  2.5271E-01 -3.7133E-09 -4.6677E-09  2.5258E-01
  1.0672E+00  5.1137E-08  1.3140E-09  2.5316E-01 -4.6593E-09 -5.4078E-09  2.5297E-01
  1.0792E+00  4.8197E-08 -7.0049E-09  2.5650E-01 -4.1214E-09 -4.4545E-09  2.5637E-01
  1.0911E+00  4.2498E-08 -1.3313E-08  2.6183E-01 -2.5309E-09 -2.5723E-09  2.6178E-01
  1.1031E+00  3.3485E-08 -1.6382E-08  2.6760E-01 -7.0871E-10 -6.7707E-10  2.6759E-01
  1.1151E+00  2.1631E-08 -1.6124E-08  2.7218E-01  6.1962E-10  6.0988E-10  2.7218E-01
  1.1270E+00  8.5601E-09 -1.3601E-08  2.7463E-01  1.2204E-09  1.1719E-09  2.7462E-01
  1.1393E+00 -4.1944E-09 -1.0154E-08  2.7497E-01  1.2882E-09  1.2371E-09  2.7496E-01
  1.1512E+00 -1.4865E-08 -6.9952E-09  2.7381E-01  1.1204E-09  1.0867E-09  2.7380E-01
  1.1632E+00 -2.3480E-08 -4.4846E-09  2.7186E-01  9.1469E-10  9.0055E-10  2.7185E-01
  1.1752E+00 -3.0223E-08 -2.6787E-09  2.6963E-01  7.4810E-10  7.4932E-10  2.6962E-01
  1.1871E+00 -3.5446E-08 -1.4703E-09  2.6741E-01  6.3507E-10  6.4726E-10  2.6741E-01
  1.1991E+00 -3.9497E-08 -7.1626E-10  2.6536E-01  5.6673E-10  5.8710E-10  2.6535E-01
  1.2110E+00 -4.2665E-08 -2.8878E-10  2.6351E-01  5.2968E-10  5.5685E-10  2.6351E-01
  1.2230E+00 -4.5172E-08 -8.8694E-11  2.6189E-01  5.1249E-10  5.4592E-10  2.6189E-01
  1.2353E+00 -4.7226E-08 -4.4145E-11  2.6045E-01  5.0697E-10  5.4661E-10  2.6045E-01
  1.2472E+00 -4.8851E-08 -1.0538E-10  2.5923E-01  5.0791E-10  5.5353E-10  2.5923E-01
  1.2592E+00 -5.0187E-08 -2.3442E-10  2.5817E-01  5.1174E-10  5.6322E-10  2.5817E-01
  1.2711E+00 -5.1301E-08 -4.0693E-10  2.5726E-01  5.1649E-10  5.7365E-10  2.5725E-01
  1.2831E+00 -5.2240E-08 -6.0616E-10  2.5646E-01  5.2104E-10  5.8363E-10  2.5646E-01
  1.2951E+00 -5.3040E-08 -8.2062E-10  2.5576E-01  5.2480E-10  5.9250E-10  2.5576E-01
  1.3070E+00 -5.3728E-08 -1.0424E-09  2.5515E-01  5.2749E-10  5.9996E-10  2.5515E-01
  1.3193E+00 -5.4340E-08 -1.2719E-09  2.5460E-01  5.2907E-10  6.0603E-10  2.5460E-01
  1.3312E+00 -5.4861E-08 -1.4941E-09  2.5413E-01  5.2948E-10  6.1045E-10  2.5413E-01
  1.3432E+00 -5.5321E-08 -1.7123E-09  2.5372E-01  5.2886E-10  6.1346E-10  2.5372E-01
  1.3552E+00 -5.5730E-08 -1.9250E-09  2.5335E-01  5.2732E-10  6.1518E-10  2.5335E-01
  1.3671E+00 -5.6097E-08 -2.1312E-09  2.5302E-01  5.2496E-10  6.1576E-10  2.5302E-01
  1.3791E+00 -5.6427E-08 -2.3306E-09  2.5272E-01  5.2191E-10  6.1532E-10  2.5272E-01
  1.3910E+00 -5.6725E-08 -2.5227E-09  2.5246E-01  5.1828E-10  6.1398E-10  2.5246E-01
  1.4030E+00 -5.6998E-08 -2.7077E-09  2.5222E-01  5.1414E-10  6.1188E-10  2.5222E-01
  1.4153E+00 -5.7253E-08 -2.8898E-09  2.5200E-01  5.0949E-10  6.0903E-10  2.5200E-01
  1.4272E+00 -5.7482E-08 -3.0605E-09  2.5181E-01  5.0461E-10  6.0569E-10  2.5181E-01
  1.4392E+00 -5.7694E-08 -3.2245E-09  2.5163E-01  4.9946E-10  6.0186E-10  2.5163E-01
  1.4512E+00 -5.7890E-08 -3.3820E-09  2.5147E-01  4.9411E-10  5.9763E-10  2.5147E-01
  1.4631E+00 -5.8074E-08 -3.5334E-09  2.5133E-01  4.8859E-10  5.9306E-10  2.5133E-01
  1.4751E+00 -5.8245E-08 -3.6790E-09  2.5119E-01  4.8295E-10  5.8820E-10  2.5119E-01
  1.4870E+00 -5.8406E-08 -3.8190E-09  2.5107E-01  4.7723E-10  5.8312E-10  2.5107E-01
  1.4993E+00 -5.8561E-08 -3.9571E-09  2.5096E-01  4.7130E-10  5.7771E-10  2.5096E-01
  1.5113E+00 -5.8705E-08 -4.0868E-09  2.5086E-01  4.6549E-10  5.7228E-10  2.5085E-01
  1.5232E+00 -5.8840E-08 -4.2117E-09  2.5076E-01  4.5967E-10  5.6673E-10  2.5076E-01
  1.5352E+00 -5.8970E-08 -4.3323E-09  2.5068E-01  4.5385E-10  5.6109E-10  2.5067E-01
  1.5471E+00 -5.9093E-08 -4.4486E-09  2.5059E-01  4.4806E-10  5.5539E-10  2.5059E-01
  1.5591E+00 -5.9210E-08 -4.5609E-09  2.5052E-01  4.4230E-10  5.4964E-10  2.5052E-01
  1.5711E+00 -5.9323E-08 -4.6696E-09  2.5045E-01  4.3658E-10  5.4386E-10  2.5045E-01
  1.5830E+00 -5.9431E-08 -4.7747E-09  2.5039E-01  4.3092E-10  5.3806E-10  2.5039E-01
  1.5953E+00 -5.9538E-08 -4.8789E-09  2.5033E-01  4.2517E-10  5.3212E-10  2.5032E-01
  1.6072E+00 -5.9639E-08 -4.9774E-09  2.5027E-01  4.1962E-10  5.2633E-10  2.5027E-01
  1.6192E+00 -5.9736E-08 -5.0729E-09  2.5022E-01  4.1415E-10  5.2056E-10  2.5022E-01
  1.6312E+00 -5.9830E-08 -5.1656E-09  2.5017E-01  4.0874E-10  5.1482E-10  2.5017E-01
  1.6431E+00 -5.9921E-08 -5.2556E-09  2.5013E-01  4.0341E-10  5.0911E-10  2.5012E-01
  1.6551E+00 -6.0009E-08 -5.3431E-09  2.5008E-01  3.9814E-10  5.0344E-10  2.5008E-01
  1.6670E+00 -6.0095E-08 -5.4282E-09  2.5004E-01  3.9296E-10  4.9781E-10  2.5004E-01
  1.6790E+00 -6.0179E-08 -5.5109E-09  2.5001E-01  3.8785E-10  4.9223E-10  2.5001E-01
  1.6913E+00 -6.0263E-08 -5.5935E-09  2.4997E-01  3.8269E-10  4.8656E-10  2.4997E-01
  1.7032E+00 -6.0343E-08 -5.6721E-09  2.4994E-01  3.7773E-10  4.8109E-10  2.4994E-01
  1.7152E+00 -6.0421E-08 -5.7486E-09  2.4991E-01  3.7285E-10  4.7566E-10  2.4991E-01
  1.7271E+00 -6.0497E-08 -5.8233E-09  2.4988E-01  3.6804E-10  4.7030E-10  2.4988E-01
  1.7391E+00 -6.0572E-08 -5.8962E-09  2.4985E-01  3.6331E-10  4.6499E-10  2.4985E-01
  1.7511E+00 -6.0645E-08 -5.9675E-09  2.4983E-01  3.5865E-10  4.5973E-10  2.4983E-01
  1.7630E+00 -6.0718E-08 -6.0371E-09  2.4980E-01  3.5406E-10  4.5454E-10  2.4980E-01
  1.7753E+00 -6.0790E-08 -6.1069E-09  2.4978E-01  3.4943E-10  4.4927E-10  2.4978E-01
  1.7873E+00 -6.0860E-08 -6.1736E-09  2.4976E-01  3.4498E-10  4.4419E-10  2.4976E-01
  1.7992E+00 -6.0928E-08 -6.2388E-09  2.4974E-01  3.4060E-10  4.3917E-10  2.4974E-01
  1.8112E+00 -6.0996E-08 -6.3027E-09  2.4972E-01  3.3628E-10  4.3421E-10  2.4972E-01
  1.8231E+00 -6.1063E-08 -6.3653E-09  2.4970E-01  3.3203E-10  4.2931E-10  2.4970E-01
  1.8351E+00 -6.1129E-08 -6.4268E-09  2.4968E-01  3.2784E-10  4.2446E-10  2.4968E-01
  1.8471E+00 -6.1194E-08 -6.4870E-09  2.4967E-01  3.2372E-10  4.1966E-10  2.4966E-01
  1.8590E+00 -6.1258E-08 -6.5462E-09  2.4965E-01  3.1965E-10  4.1492E-10  2.4965E-01
  1.8713E+00 -6.1323E-08 -6.6057E-09  2.4964E-01  3.1554E-10  4.1012E-10  2.4963E-01
  1.8832E+00 -6.1385E-08 -6.6628E-09  2.4962E-01  3.1160E-10  4.0549E-10  2.4962E-01
  1.8952E+00 -6.1447E-08 -6.7188E-09  2.4961E-01  3.0770E-10  4.0091E-10  2.4961E-01
  1.9072E+00 -6.1509E-08 -6.7740E-09  2.4959E-01  3.0386E-10  3.9639E-10  2.4959E-01
  1.9191E+00 -6.1570E-08 -6.8282E-09  2.4958E-01  3.0008E-10  3.9191E-10  2.4958E-01
  1.9311E+00 -6.1630E-08 -6.8816E-09  2.4957E-01  2.9634E-10  3.8748E-10  2.4957E-01
  1.9430E+00 -6.1690E-08 -6.9342E-09  2.4956E-01  2.9266E-10  3.8311E-10  2.4956E-01
  1.9550E+00 -6.1749E-08 -6.9859E-09  2.4955E-01  2.8902E-10  3.7877E-10  2.4955E-01
  1.9673E+00 -6.1809E-08 -7.0382E-09  2.4954E-01  2.8534E-10  3.7438E-10  2.4954E-01
  1.9792E+00 -6.1868E-08 -7.0884E-09  2.4953E-01  2.8180E-10  3.7014E-10  2.4953E-01
  1.9912E+00 -6.1926E-08 -7.1379E-09  2.4952E-01  2.7830E-10  3.6595E-10  2.4952E-01
  2.0031E+00 -6.1983E-08 -7.1868E-09  2.4951E-01  2.7484E-10  3.6180E-10  2.4951E-01
  2.0151E+00 -6.2041E-08 -7.2350E-09  2.4950E-01  2.7143E-10  3.5769E-10  2.4950E-01
  2.0271E+00 -6.2097E-08 -7.2826E-09  2.4950E-01  2.6806E-10  3.5362E-10  2.4949E-01
  2.0390E+00 -6.2154E-08 -7.3295E-09  2.4949E-01  2.6473E-10  3.4959E-10  2.4949E-01
  2.0513E+00 -6.2211E-08 -7.3771E-09  2.4948E-01  2.6135E-10  3.4550E-10  2.4948E-01
  2.0632E+00 -6.2267E-08 -7.4229E-09  2.4947E-01  2.5810E-10  3.4155E-10  2.4947E-01
  2.0752E+00 -6.2323E-08 -7.4681E-09  2.4947E-01  2.5488E-10  3.3764E-10  2.4947E-01
  2.0872E+00 -6.2378E-08 -7.5129E-09  2.4946E-01  2.5170E-10  3.3376E-10  2.4946E-01
  2.0991E+00 -6.2433E-08 -7.5571E-09  2.4945E-01  2.4855E-10  3.2992E-10  2.4945E-01
  2.1111E+00 -6.2488E-08 -7.6008E-09  2.4945E-01  2.4544E-10  3.2612E-10  2.4945E-01
  2.1230E+00 -6.2542E-08 -7.6441E-09  2.4944E-01  2.4235E-10  3.2234E-10  2.4944E-01
  2.1350E+00 -6.2597E-08 -7.6869E-09  2.4944E-01  2.3930E-10  3.1860E-10  2.4944E-01
  2.1473E+00 -6.2652E-08 -7.7303E-09  2.4943E-01  2.3621E-10  3.1480E-10  2.4943E-01
  2.1592E+00 -6.2706E-08 -7.7722E-09  2.4943E-01  2.3322E-10  3.1112E-10  2.4943E-01
  2.1712E+00 -6.2759E-08 -7.8137E-09  2.4942E-01  2.3026E-10  3.0748E-10  2.4942E-01
  2.1832E+00 -6.2813E-08 -7.8548E-09  2.4942E-01  2.2733E-10  3.0386E-10  2.4942E-01
  2.1951E+00 -6.2866E-08 -7.8955E-09  2.4941E-01  2.2443E-10  3.0027E-10  2.4941E-01
  2.2071E+00 -6.2919E-08 -7.9358E-09  2.4941E-01  2.2155E-10  2.9671E-10  2.4941E-01
  2.2190E+00 -6.2972E-08 -7.9758E-09  2.4940E-01  2.1870E-10  2.9318E-10  2.4940E-01
  2.2313E+00 -6.3026E-08 -8.0164E-09  2.4940E-01  2.1580E-10  2.8959E-10  2.4940E-01
  2.2433E+00 -6.3079E-08 -8.0557E-09  2.4940E-01  2.1300E-10  2.8611E-10  2.4940E-01
  2.2552E+00 -6.3131E-08 -8.0946E-09  2.4939E-01  2.1022E-10  2.8265E-10  2.4939E-01
  2.2672E+00 -6.3183E-08 -8.1333E-09  2.4939E-01  2.0747E-10  2.7922E-10  2.4939E-01
  2.2791E+00 -6.3236E-08 -8.1716E-09  2.4939E-01  2.0474E-10  2.7581E-10  2.4939E-01
  2.2911E+00 -6.3288E-08 -8.2096E-09  2.4938E-01  2.0203E-10  2.7243E-10  2.4938E-01
  2.3031E+00 -6.3339E-08 -8.2473E-09  2.4938E-01  1.9934E-10  2.6907E-10  2.4938E-01
  2.3150E+00 -6.3391E-08 -8.2847E-09  2.4938E-01  1.9667E-10  2.6573E-10  2.4938E-01
  2.3273E+00 -6.3444E-08 -8.3228E-09  2.4937E-01  1.9395E-10  2.6233E-10  2.4937E-01
  2.3392E+00 -6.3496E-08 -8.3597E-09  2.4937E-01  1.9133E-10  2.5903E-10  2.4937E-01
  2.3512E+00 -6.3547E-08 -8.3963E-09  2.4937E-01  1.8872E-10  2.5575E-10  2.4937E-01
  2.3632E+00 -6.3598E-08 -8.4327E-09  2.4937E-01  1.8613E-10  2.5250E-10  2.4937E-01
  2.3751E+00 -6.3650E-08 -8.4688E-09  2.4936E-01  1.8355E-10  2.4926E-10  2.4936E-01
  2.3871E+00 -6.3701E-08 -8.5047E-09  2.4936E-01  1.8100E-10  2.4604E-10  2.4936E-01
  2.3990E+00 -6.3752E-08 -8.5403E-09  2.4936E-01  1.7846E-10  2.4284E-10  2.4936E-01
  2.4110E+00 -6.3803E-08 -8.5757E-09  2.4936E-01  1.7594E-10  2.3965E-10  2.4936E-01
  2.4233E+00 -6.3855E-08 -8.6118E-09  2.4935E-01  1.7337E-10  2.3640E-10  2.4935E-01
  2.4352E+00 -6.3906E-08 -8.6468E-09  2.4935E-01  1.7088E-10  2.3325E-10  2.4935E-01
  2.4472E+00 -6.3956E-08 -8.6816E-09  2.4935E-01  1.6840E-10  2.3012E-10  2.4935E-01
  2.4591E+00 -6.4007E-08 -8.7161E-09  2.4935E-01  1.6594E-10  2.2700E-10  2.4935E-01
  2.4711E+00 -6.4058E-08 -8.7505E-09  2.4935E-01  1.6350E-10  2.2390E-10  2.4935E-01
  2.4831E+00 -6.4108E-08 -8.7847E-09  2.4934E-01  1.6107E-10  2.2081E-10  2.4934E-01
  2.4950E+00 -6.4158E-08 -8.8187E-09  2.4934E-01  1.5865E-10  2.1773E-10  2.4934E-01
  2.5073E+00 -6.4210E-08 -8.8534E-09  2.4934E-01  1.5618E-10  2.1460E-10  2.4934E-01
  2.5192E+00 -6.4260E-08 -8.8870E-09  2.4934E-01  1.5379E-10  2.1155E-10  2.4934E-01
  2.5312E+00 -6.4311E-08 -8.9204E-09  2.4934E-01  1.5141E-10  2.0852E-10  2.4934E-01
  2.5432E+00 -6.4361E-08 -8.9537E-09  2.4934E-01  1.4904E-10  2.0550E-10  2.4934E-01
  2.5551E+00 -6.4411E-08 -8.9869E-09  2.4933E-01  1.4668E-10  2.0249E-10  2.4933E-01
  2.5671E+00 -6.4461E-08 -9.0198E-09  2.4933E-01  1.4434E-10  1.9949E-10  2.4933E-01
  2.5791E+00 -6.4511E-08 -9.0526E-09  2.4933E-01  1.4200E-10  1.9651E-10  2.4933E-01
  2.5910E+00 -6.4561E-08 -9.0853E-09  2.4933E-01  1.3968E-10  1.9353E-10  2.4933E-01
  2.6033E+00 -6.4612E-08 -9.1186E-09  2.4933E-01  1.3731E-10  1.9050E-10  2.4933E-01
  2.6152E+00 -6.4662E-08 -9.1510E-09  2.4933E-01  1.3501E-10  1.8754E-10  2.4933E-01
  2.6272E+00 -6.4712E-08 -9.1832E-09  2.4933E-01  1.3271E-10  1.8460E-10  2.4933E-01
  2.6392E+00 -6.4761E-08 -9.2153E-09  2.4933E-01  1.3043E-10  1.8167E-10  2.4933E-01
  2.6511E+00 -6.4811E-08 -9.2473E-09  2.4932E-01  1.2816E-10  1.7875E-10  2.4932E-01
  2.6631E+00 -6.4861E-08 -9.2791E-09  2.4932E-01  1.2589E-10  1.7584E-10  2.4932E-01
  2.6750E+00 -6.4911E-08 -9.3108E-09  2.4932E-01  1.2363E-10  1.7293E-10  2.4932E-01
  2.6873E+00 -6.4961E-08 -9.3431E-09  2.4932E-01  1.2133E-10  1.6996E-10  2.4932E-01
  2.6993E+00 -6.5011E-08 -9.3746E-09  2.4932E-01  1.1909E-10  1.6708E-10  2.4932E-01
  2.7112E+00 -6.5060E-08 -9.4059E-09  2.4932E-01  1.1686E-10  1.6420E-10  2.4932E-01
  2.7232E+00 -6.5110E-08 -9.4371E-09  2.4932E-01  1.1463E-10  1.6133E-10  2.4932E-01
  2.7351E+00 -6.5159E-08 -9.4682E-09  2.4932E-01  1.1242E-10  1.5847E-10  2.4932E-01
  2.7471E+00 -6.5209E-08 -9.4992E-09  2.4932E-01  1.1021E-10  1.5561E-10  2.4932E-01
  2.7591E+00 -6.5258E-08 -9.5300E-09  2.4932E-01  1.0801E-10  1.5277E-10  2.4932E-01
  2.7710E+00 -6.5308E-08 -9.5608E-09  2.4932E-01  1.0581E-10  1.4993E-10  2.4932E-01
  2.7833E+00 -6.5358E-08 -9.5922E-09  2.4932E-01  1.0357E-10  1.4702E-10  2.4931E-01
  2.7952E+00 -6.5408E-08 -9.6228E-09  2.4931E-01  1.0138E-10  1.4419E-10  2.4931E-01
  2.8072E+00 -6.5457E-08 -9.6532E-09  2.4931E-01  9.9208E-11  1.4137E-10  2.4931E-01
  2.8192E+00 -6.5506E-08 -9.6836E-09  2.4931E-01  9.7038E-11  1.3856E-10  2.4931E-01
  2.8311E+00 -6.5555E-08 -9.7139E-09  2.4931E-01  9.4873E-11  1.3575E-10  2.4931E-01
  2.8431E+00 -6.5605E-08 -9.7440E-09  2.4931E-01  9.2714E-11  1.3294E-10  2.4931E-01
  2.8550E+00 -6.5654E-08 -9.7741E-09  2.4931E-01  9.0561E-11  1.3015E-10  2.4931E-01
  2.8670E+00 -6.5703E-08 -9.8041E-09  2.4931E-01  8.8413E-11  1.2735E-10  2.4931E-01
  2.8793E+00 -6.5753E-08 -9.8348E-09  2.4931E-01  8.6216E-11  1.2449E-10  2.4931E-01
  2.8912E+00 -6.5802E-08 -9.8646E-09  2.4931E-01  8.4078E-11  1.2171E-10  2.4931E-01
  2.9032E+00 -6.5852E-08 -9.8944E-09  2.4931E-01  8.1945E-11  1.1893E-10  2.4931E-01
  2.9152E+00 -6.5901E-08 -9.9240E-09  2.4931E-01  7.9816E-11  1.1616E-10  2.4931E-01
  2.9271E+00 -6.5950E-08 -9.9536E-09  2.4931E-01  7.7691E-11  1.1339E-10  2.4931E-01
  2.9391E+00 -6.5999E-08 -9.9831E-09  2.4931E-01  7.5571E-11  1.1062E-10  2.4931E-01
  2.9510E+00 -6.2778E-08 -9.9807E-09  2.4931E-01  6.9222E-11  1.0209E-10  2.4931E-01
  2.9633E+00 -5.4074E-08 -9.4206E-09  2.4931E-01  8.4420E-11  1.2340E-10  2.4931E-01
  2.9753E+00 -6.6985E-08 -1.0103E-08  2.4931E-01  6.9197E-11  1.0461E-10  2.4931E-01
  2.9872E+00 -2.6037E-07 -7.0339E-09  2.4931E-01  2.1485E-10  2.6465E-10  2.4931E-01
  2.9992E+00 -8.1137E-08 -4.2510E-09  2.4931E-01  2.9986E-10  3.0359E-10  2.4931E-01
  3.0111E+00  1.0171E-07 -5.8740E-09  2.5027E-01 -2.1502E-11 -1.3465E-11  2.5027E-01
  3.0231E+00 -2.2887E-07 -4.7434E-09  2.5027E-01  1.7941E-10  2.0494E-10  2.5027E-01
  3.0351E+00 -2.6075E-08 -2.6859E-09  2.5027E-01  1.4669E-10  1.5138E-10  2.5027E-01
  3.0470E+00  4.8651E-08 -1.0238E-08  2.5027E-01 -5.3918E-11 -5.0598E-11  2.5027E-01
  3.0590E+00 -2.0579E-07 -2.7161E-09  2.5027E-01  8.0499E-11  9.0759E-11  2.5027E-01
  3.0713E+00  3.2241E-08 -2.4928E-09  2.5027E-01  1.7423E-10  1.7652E-10  2.5027E-01
  3.0832E+00 -5.8694E-08 -1.2762E-08  2.5028E-01  8.6151E-11  1.0381E-10  2.5028E-01
  3.0952E+00 -1.5334E-07 -2.5631E-09  2.5029E-01  3.4289E-11  4.2236E-11  2.5029E-01
  3.1072E+00  7.3591E-08 -2.8339E-09  2.5031E-01  1.1995E-10  1.2457E-10  2.5031E-01
  3.1192E+00 -1.5216E-07 -1.0714E-08  2.5041E-01  2.1916E-10  2.3930E-10  2.5041E-01
  3.1311E+00 -1.0008E-07 -3.0635E-09  2.5081E-01  4.3224E-11  4.9364E-11  2.5081E-01
  3.1431E+00  9.0960E-08 -4.6680E-09  2.5248E-01  9.7549E-12  1.8396E-11  2.5248E-01
  3.1551E+00 -2.0117E-07 -6.7227E-09  2.5918E-01  2.1039E-10  2.1684E-10  2.5918E-01
  3.1671E+00 -4.8626E-08 -3.3108E-09  2.7875E-01  7.5928E-12  1.6771E-11  2.7875E-01
  3.1790E+00  6.6559E-08 -8.2703E-09  3.0887E-01 -1.0068E-10 -8.9611E-11  3.0887E-01
  3.1910E+00 -2.0097E-07 -3.9953E-09  3.1764E-01  7.4151E-11  7.8721E-11  3.1764E-01
  3.2033E+00  1.4054E-09 -3.3925E-09  2.9044E-01  8.7843E-11  8.9069E-11  2.9044E-01
  3.2153E+00 -1.7736E-08 -1.2053E-08  2.6529E-01 -3.2956E-11 -2.3989E-11  2.6529E-01
  3.2272E+00 -1.6622E-07 -3.3138E-09  2.5472E-01 -2.2922E-12  7.1270E-12  2.5472E-01
  3.2392E+00  4.0227E-08 -3.5767E-09  2.5150E-01  9.9324E-11  9.8648E-11  2.5150E-01
  3.2512E+00 -1.1118E-07 -1.2132E-08  2.5062E-01  1.5263E-10  1.5370E-10  2.5062E-01
  3.2632E+00 -1.2091E-07 -3.9089E-09  2.5036E-01 -7.5248E-12  2.6227E-12  2.5036E-01
  3.2751E+00  6.6140E-08 -4.7427E-09  2.5029E-01  2.6341E-11  3.2535E-11  2.5029E-01
  3.2871E+00 -1.7612E-07 -9.1850E-09  2.5027E-01  2.0081E-10  1.9379E-10  2.5027E-01
  3.2991E+00 -7.4705E-08 -4.6206E-09  2.5026E-01  5.7005E-11  6.1049E-11  2.5026E-01
  3.3111E+00  6.2444E-08 -7.5208E-09  2.5027E-01 -7.8502E-11 -6.2962E-11  2.5027E-01
  3.3231E+00 -1.9305E-07 -6.2114E-09  2.5030E-01  1.0479E-10  1.0324E-10  2.5030E-01
  3.3351E+00 -3.0829E-08 -4.9560E-09  2.5037E-01  4.8780E-11  5.4445E-11  2.5037E-01
  3.3470E+00  1.7006E-08 -1.1126E-08  2.5056E-01 -1.0298E-10 -8.5731E-11  2.5056E-01
  3.3590E+00 -1.7239E-07 -4.9823E-09  2.5118E-01  4.4287E-12  1.3076E-11  2.5118E-01
  3.3713E+00  1.3469E-08 -5.0614E-09  2.5334E-01  6.3312E-11  6.7795E-11  2.5334E-01
  3.3833E+00 -6.8053E-08 -1.2982E-08  2.6021E-01  4.8853E-11  5.1982E-11  2.6021E-01
  3.3953E+00 -1.2855E-07 -5.1292E-09  2.7696E-01  4.7984E-12  1.3375E-11  2.7696E-01
  3.4072E+00  4.5327E-08 -5.5207E-09  2.9598E-01  7.5501E-11  7.7862E-11  2.9598E-01
  3.4192E+00 -1.3587E-07 -1.1199E-08  2.9287E-01  1.7933E-10  1.6955E-10  2.9287E-01
  3.4312E+00 -8.4936E-08 -5.6574E-09  2.7153E-01  1.6783E-11  2.5699E-11  2.7153E-01
  3.4432E+00  5.6099E-08 -7.1650E-09  2.5692E-01 -3.7884E-11 -2.6375E-11  2.5692E-01
  3.4552E+00 -1.6831E-07 -8.1668E-09  2.5194E-01  9.3563E-11  9.4256E-11  2.5194E-01
  3.4672E+00 -4.5501E-08 -5.9439E-09  2.5068E-01 -9.6586E-12  3.7568E-13  2.5068E-01
  3.4791E+00  3.3090E-08 -9.9785E-09  2.5038E-01 -1.1467E-10 -9.6903E-11  2.5038E-01
  3.4911E+00 -1.6228E-07 -6.2074E-09  2.5030E-01 -3.2404E-12  6.3516E-12  2.5030E-01
  3.5031E+00 -9.7476E-09 -5.9417E-09  2.5028E-01  3.6927E-12  1.4572E-11  2.5028E-01
  3.5151E+00 -2.3881E-08 -1.2402E-08  2.5027E-01 -7.6284E-11 -6.2171E-11  2.5027E-01
  3.5271E+00 -1.3406E-07 -5.7786E-09  2.5027E-01 -4.6371E-11 -3.7285E-11  2.5027E-01
  3.5391E+00  2.0828E-08 -5.9909E-09  2.5026E-01 -1.6985E-12  8.6734E-12  2.5026E-01
  3.5510E+00 -9.2979E-08 -1.2288E-08  2.5026E-01  3.7343E-11  4.3123E-11  2.5026E-01
  3.5630E+00 -9.8900E-08 -6.0861E-09  2.5026E-01 -4.4183E-11 -3.7706E-11  2.5026E-01
  3.5750E+00  4.0032E-08 -6.7013E-09  2.5026E-01 -3.4994E-11 -2.6102E-11  2.5026E-01
  3.5870E+00 -1.4089E-07 -9.8791E-09  2.5026E-01  5.3177E-11  6.0737E-11  2.5026E-01
  3.5993E+00 -6.0263E-08 -6.4122E-09  2.5026E-01  6.8692E-13  1.2373E-11  2.5026E-01
  3.6113E+00  3.4836E-08 -8.8826E-09  2.4948E-01 -8.9672E-11 -8.1405E-11  2.4948E-01
  3.6233E+00 -1.5260E-07 -7.2864E-09  2.4948E-01 -6.6658E-12  3.0020E-12  2.4948E-01
  3.6352E+00 -2.7794E-08 -6.5288E-09  2.4948E-01 -1.5749E-11 -7.1301E-12  2.4948E-01
  3.6472E+00 -3.2128E-09 -1.1372E-08  2.4948E-01 -9.0375E-11 -8.2205E-11  2.4948E-01
  3.6592E+00 -1.3478E-07 -6.3836E-09  2.4948E-01 -3.8059E-11 -3.3245E-11  2.4948E-01
  3.6712E+00  1.2310E-09 -6.4882E-09  2.4948E-01 -1.6516E-11 -8.3961E-12  2.4948E-01
  3.6832E+00 -6.2142E-08 -1.2355E-08  2.4948E-01 -2.9172E-11 -2.1124E-11  2.4948E-01
  3.6952E+00 -1.0571E-07 -6.4721E-09  2.4948E-01 -4.2593E-11 -4.2191E-11  2.4948E-01
  3.7072E+00  2.3258E-08 -6.7819E-09  2.4948E-01 -2.9384E-11 -2.4442E-11  2.4948E-01
  3.7191E+00 -1.1472E-07 -1.0937E-08  2.4948E-01  1.3535E-11  2.4045E-11  2.4948E-01
  3.7311E+00 -7.4784E-08 -6.8162E-09  2.4949E-01 -3.2776E-11 -3.1810E-11  2.4949E-01
  3.7431E+00  3.0051E-08 -7.9834E-09  2.4949E-01 -5.9712E-11 -6.0481E-11  2.4949E-01
  3.7551E+00 -1.3908E-07 -8.6153E-09  2.4949E-01 -7.8411E-12  1.3468E-12  2.4949E-01
  3.7671E+00 -4.5317E-08 -7.0066E-09  2.4949E-01 -1.4244E-11 -8.5723E-12  2.4949E-01
  3.7791E+00  1.2078E-08 -1.0108E-08  2.4949E-01 -8.0638E-11 -8.4383E-11  2.4949E-01
  3.7911E+00 -1.3416E-07 -7.1587E-09  2.4949E-01 -3.1328E-11 -2.9162E-11  2.4949E-01
  3.8031E+00 -1.8330E-08 -6.9883E-09  2.4949E-01 -1.9906E-11 -1.5572E-11  2.4949E-01
  3.8150E+00 -3.1627E-08 -1.1917E-08  2.4949E-01 -5.6950E-11 -5.7326E-11  2.4949E-01
  3.8270E+00 -1.1268E-07 -6.8583E-09  2.4949E-01 -3.0967E-11 -3.1682E-11  2.4949E-01
  3.8390E+00  4.8139E-09 -7.0300E-09  2.4949E-01 -2.1444E-11 -1.8080E-11  2.4949E-01
  3.8510E+00 -8.4121E-08 -1.1769E-08  2.4949E-01 -1.2722E-11 -5.6828E-12  2.4949E-01
  3.8633E+00 -8.3056E-08 -7.1236E-09  2.4949E-01 -2.0452E-11 -1.8620E-11  2.4949E-01
  3.8753E+00  2.0114E-08 -7.7085E-09  2.4949E-01 -3.5864E-11 -3.8121E-11  2.4949E-01
  3.8873E+00 -1.2259E-07 -9.6685E-09  2.4949E-01 -1.3797E-11 -7.0854E-12  2.4949E-01
  3.8993E+00 -5.6628E-08 -7.3310E-09  2.4949E-01 -1.5212E-11 -1.0790E-11  2.4949E-01
  3.9112E+00  1.4500E-08 -9.2985E-09  2.4949E-01 -5.3468E-11 -6.1634E-11  2.4949E-01
  3.9232E+00 -1.2815E-07 -7.9596E-09  2.4949E-01 -2.7137E-11 -2.6567E-11  2.4949E-01
  3.9352E+00 -3.1836E-08 -7.4226E-09  2.4949E-01 -1.4743E-11 -1.0713E-11  2.4949E-01
  3.9472E+00 -1.5452E-08 -1.1201E-08  2.4949E-01 -5.4128E-11 -6.2239E-11  2.4949E-01
  3.9592E+00 -1.1416E-07 -7.3046E-09  2.4949E-01 -2.0522E-11 -1.9584E-11  2.4949E-01
  3.9712E+00 -9.5879E-09 -7.3919E-09  2.4949E-01 -1.4604E-11 -1.0728E-11  2.4949E-01
  3.9832E+00 -6.1050E-08 -1.1898E-08  2.4949E-01 -3.1310E-11 -3.2328E-11  2.4949E-01
  3.9952E+00 -9.1769E-08 -7.3908E-09  2.4949E-01 -5.7540E-12 -2.5137E-13  2.4949E-01
  4.0072E+00  7.1957E-09 -7.6396E-09  2.4997E-01 -1.6299E-11 -1.3843E-11  2.4997E-01
  4.0191E+00 -1.0105E-07 -1.0755E-08  2.4997E-01 -1.8286E-11 -1.4947E-11  2.4997E-01
  4.0311E+00 -6.8013E-08 -7.6568E-09  2.4997E-01  2.0175E-12  9.8798E-12  2.4997E-01
  4.0431E+00  1.1927E-08 -8.6053E-09  2.4997E-01 -2.2889E-11 -2.4168E-11  2.4997E-01
  4.0551E+00 -1.1899E-07 -8.9729E-09  2.4997E-01 -2.0705E-11 -1.9257E-11  2.4997E-01
  4.0671E+00 -4.5297E-08 -7.8088E-09  2.4998E-01  1.0968E-11  2.1160E-11  2.4998E-01
  4.0791E+00 -2.8220E-09 -1.0274E-08  2.4998E-01 -3.0429E-11 -3.5314E-11  2.4998E-01
  4.0911E+00 -1.1457E-07 -7.8894E-09  2.4998E-01 -1.1133E-11 -7.6390E-12  2.4998E-01
  4.1031E+00 -2.4411E-08 -7.7760E-09  2.4998E-01 -2.0245E-12  4.5382E-12  2.4998E-01
  4.1150E+00 -3.7402E-08 -1.1643E-08  2.4999E-01 -2.4671E-11 -2.6963E-11  2.4999E-01
  4.1270E+00 -9.7699E-08 -7.6882E-09  2.5002E-01  4.3946E-12  1.1812E-11  2.5002E-01
  4.1390E+00 -6.5252E-09 -7.8202E-09  2.5018E-01 -7.3746E-12 -2.6842E-12  2.5018E-01
  4.1510E+00 -7.8108E-08 -1.1462E-08  2.5087E-01 -2.9387E-11 -3.2142E-11  2.5087E-01
  4.1630E+00 -7.7022E-08 -7.8955E-09  2.5332E-01 -3.3218E-12  1.4582E-12  2.5332E-01
  4.1753E+00  4.8806E-09 -8.4064E-09  2.5876E-01 -3.6157E-11 -4.1669E-11  2.5876E-01
  4.1873E+00 -1.0741E-07 -9.8338E-09  2.6256E-01 -5.8714E-11 -7.1392E-11  2.6256E-01
  4.1993E+00 -5.4698E-08 -8.0870E-09  2.5902E-01 -2.6702E-11 -2.6410E-11  2.5902E-01
  4.2113E+00 -9.2711E-10 -9.6996E-09  2.5367E-01 -2.5341E-11 -2.8852E-11  2.5367E-01
  4.2232E+00 -1.1162E-07 -8.5505E-09  2.5110E-01 -1.5262E-11 -1.3585E-11  2.5110E-01
  4.2352E+00 -3.5905E-08 -8.1765E-09  2.5029E-01  9.9740E-12  1.7297E-11  2.5029E-01
  4.2472E+00 -2.5483E-08 -1.1207E-08  2.5006E-01 -1.0429E-11 -9.0943E-12  2.5006E-01
  4.2592E+00 -1.0045E-07 -8.1171E-09  2.5000E-01  1.6315E-11  2.5092E-11  2.5000E-01
  4.2712E+00 -1.8682E-08 -8.1988E-09  2.4999E-01  1.1896E-11  1.9567E-11  2.4999E-01
  4.2832E+00 -6.1455E-08 -1.1734E-08  2.4998E-01 -1.0666E-11 -8.4766E-12  2.4998E-01
  4.2952E+00 -8.2882E-08 -8.2510E-09  2.4998E-01  3.2772E-11  4.2689E-11  2.4998E-01
  4.3072E+00 -5.8265E-09 -8.4631E-09  2.4999E-01  1.3596E-11  2.1605E-11  2.4999E-01
  4.3192E+00 -9.2118E-08 -1.0834E-08  2.4999E-01 -1.1218E-11 -8.4371E-12  2.4999E-01
  4.3312E+00 -6.4324E-08 -8.5060E-09  2.5000E-01  3.6779E-11  4.5698E-11  2.5000E-01
  4.3431E+00 -2.7265E-09 -9.3051E-09  2.5003E-01  1.8612E-11  2.7669E-11  2.5003E-01
  4.3551E+00 -1.0511E-07 -9.4996E-09  2.5011E-01  1.5300E-12  7.3702E-12  2.5011E-01
  4.3671E+00 -4.6530E-08 -8.6675E-09  2.5036E-01  3.8822E-11  4.7237E-11  2.5036E-01
  4.3791E+00 -1.5014E-08 -1.0666E-08  2.5118E-01  2.8343E-11  4.0203E-11  2.5118E-01
  4.3911E+00 -1.0066E-07 -8.7250E-09  2.5352E-01  4.1912E-11  5.4002E-11  2.5352E-01
  4.4031E+00 -2.9862E-08 -8.6524E-09  2.5745E-01  5.8377E-11  6.8998E-11  2.5745E-01
  4.4151E+00 -4.2157E-08 -1.1707E-08  2.5873E-01  4.5045E-11  6.2453E-11  2.5873E-01
  4.4271E+00 -8.6701E-08 -8.6195E-09  2.5522E-01  6.7151E-11  7.8889E-11  2.5522E-01
  4.4391E+00 -1.5764E-08 -8.7253E-09  2.5182E-01  4.2563E-11  5.2107E-11  2.5182E-01
  4.4510E+00 -7.3531E-08 -1.1521E-08  2.5047E-01  7.7141E-12  1.4689E-11  2.5047E-01
  4.4630E+00 -7.0465E-08 -8.8052E-09  2.5011E-01  5.5573E-11  6.3039E-11  2.5011E-01
  4.4750E+00 -7.7441E-09 -9.1426E-09  2.5002E-01  3.3996E-11  4.3101E-11  2.5002E-01
  4.4870E+00 -9.3756E-08 -1.0373E-08  2.5000E-01  5.2815E-12  1.0990E-11  2.5000E-01
  4.4990E+00 -5.4508E-08 -8.9445E-09  2.5000E-01  4.4238E-11  4.9889E-11  2.5000E-01
  4.5113E+00 -1.2101E-08 -1.0253E-08  2.5000E-01  3.5901E-11  4.6311E-11  2.5000E-01
  4.5233E+00 -9.7032E-08 -9.2706E-09  2.5000E-01  2.8237E-11  3.5974E-11  2.5000E-01
  4.5353E+00 -3.7829E-08 -9.0023E-09  2.5000E-01  4.7319E-11  5.2779E-11  2.5000E-01
  4.5473E+00 -3.1705E-08 -1.1398E-08  2.5000E-01  3.0071E-11  3.9913E-11  2.5000E-01
  4.5593E+00 -8.7813E-08 -8.9504E-09  2.5000E-01  5.1929E-11  5.9206E-11  2.5000E-01
  4.5712E+00 -2.4506E-08 -9.0001E-09  2.5000E-01  4.5575E-11  5.1509E-11  2.5000E-01
  4.5832E+00 -5.9707E-08 -1.1719E-08  2.5000E-01  2.0097E-11  2.8054E-11  2.5000E-01
  4.5952E+00 -7.4095E-08 -9.0421E-09  2.5000E-01  6.7345E-11  7.2586E-11  2.5000E-01
  4.6072E+00 -1.4806E-08 -9.1990E-09  2.4967E-01  4.8617E-11  5.5925E-11  2.4967E-01
  4.6192E+00 -8.2846E-08 -1.0953E-08  2.4967E-01  1.7253E-11  2.4067E-11  2.4967E-01
  4.6312E+00 -5.9784E-08 -9.2120E-09  2.4967E-01  7.1714E-11  7.5181E-11  2.4967E-01
  4.6432E+00 -1.2971E-08 -9.8584E-09  2.4967E-01  5.4416E-11  6.3946E-11  2.4967E-01
  4.6552E+00 -9.2115E-08 -9.9119E-09  2.4967E-01  3.3376E-11  4.0673E-11  2.4967E-01
  4.6672E+00 -4.6148E-08 -9.3067E-09  2.4968E-01  6.8103E-11  7.0879E-11  2.4968E-01
  4.6792E+00 -2.3341E-08 -1.0909E-08  2.4968E-01  5.4275E-11  6.5331E-11  2.4968E-01
  4.6911E+00 -8.8365E-08 -9.3407E-09  2.4968E-01  5.9294E-11  6.5694E-11  2.4968E-01
  4.7031E+00 -3.3615E-08 -9.2912E-09  2.4968E-01  6.5702E-11  6.8883E-11  2.4968E-01
  4.7151E+00 -4.5230E-08 -1.1675E-08  2.4968E-01  4.2989E-11  5.3039E-11  2.4968E-01
  4.7271E+00 -7.7781E-08 -9.2764E-09  2.4968E-01  7.8988E-11  8.2727E-11  2.4968E-01
  4.7391E+00 -2.3074E-08 -9.3453E-09  2.4968E-01  6.4205E-11  6.8689E-11  2.4968E-01
  4.7511E+00 -6.9433E-08 -1.1465E-08  2.4968E-01  3.1379E-11  3.9118E-11  2.4968E-01
  4.7631E+00 -6.5271E-08 -9.4164E-09  2.4968E-01  8.8134E-11  8.9332E-11  2.4968E-01
  4.7751E+00 -1.7192E-08 -9.6923E-09  2.4968E-01  6.8230E-11  7.4903E-11  2.4968E-01
  4.7871E+00 -8.4392E-08 -1.0569E-08  2.4968E-01  3.9707E-11  4.6828E-11  2.4968E-01
  4.7991E+00 -5.2959E-08 -9.5161E-09  2.4968E-01  7.9585E-11  7.9837E-11  2.4968E-01
  4.8110E+00 -2.0251E-08 -1.0481E-08  2.4969E-01  7.2066E-11  8.1428E-11  2.4969E-01
  4.8230E+00 -8.6544E-08 -9.8140E-09  2.4969E-01  6.3437E-11  6.9413E-11  2.4969E-01
  4.8350E+00 -4.1376E-08 -9.5740E-09  2.4969E-01  8.5668E-11  8.5858E-11  2.4969E-01
  4.8470E+00 -3.4805E-08 -1.1388E-08  2.4969E-01  6.6075E-11  7.6557E-11  2.4969E-01
  4.8590E+00 -7.9811E-08 -9.5500E-09  2.4969E-01  8.7166E-11  9.0161E-11  2.4969E-01
  4.8710E+00 -3.0955E-08 -9.5747E-09  2.4969E-01  8.2884E-11  8.4288E-11  2.4969E-01
  4.8833E+00 -5.8794E-08 -1.1669E-08  2.4969E-01  5.2846E-11  6.1897E-11  2.4969E-01
  4.8953E+00 -6.8160E-08 -9.6253E-09  2.4969E-01  1.0233E-10  1.0185E-10  2.4969E-01
  4.9073E+00 -2.2512E-08 -9.7489E-09  2.4969E-01  8.2741E-11  8.6635E-11  2.4969E-01
  4.9193E+00 -7.6210E-08 -1.1050E-08  2.4969E-01  5.0414E-11  5.7681E-11  2.4969E-01
  4.9313E+00 -5.7114E-08 -9.7593E-09  2.4970E-01  1.0538E-10  1.0318E-10  2.4970E-01
  4.9432E+00 -2.1532E-08 -1.0293E-08  2.4970E-01  8.5936E-11  9.2863E-11  2.4970E-01
  4.9552E+00 -8.2731E-08 -1.0264E-08  2.4970E-01  6.8421E-11  7.4139E-11  2.4970E-01
  4.9672E+00 -4.6592E-08 -9.8312E-09  2.4970E-01  1.0338E-10  1.0099E-10  2.4970E-01
  4.9792E+00 -3.0166E-08 -1.1123E-08  2.4970E-01  8.3800E-11  9.3245E-11  2.4970E-01
  4.9912E+00 -7.9415E-08 -9.8591E-09  2.4970E-01  9.3695E-11  9.6414E-11  2.4970E-01
  5.0032E+00 -3.6909E-08 -9.8251E-09  2.5005E-01  1.0003E-10  9.8800E-11  2.5005E-01
  5.0152E+00 -4.7493E-08 -1.1688E-08  2.5005E-01  7.0789E-11  8.0215E-11  2.5005E-01
  5.0272E+00 -7.1087E-08 -9.8327E-09  2.5006E-01  1.1132E-10  1.1048E-10  2.5006E-01
  5.0392E+00 -2.8844E-08 -9.8810E-09  2.5006E-01  9.7409E-11  9.8425E-11  2.5006E-01
  5.0512E+00 -6.6039E-08 -1.1489E-08  2.5006E-01  6.2700E-11  7.0581E-11  2.5006E-01
  5.0631E+00 -6.1408E-08 -9.9501E-09  2.5006E-01  1.1952E-10  1.1610E-10  2.5006E-01
  5.0751E+00 -2.4566E-08 -1.0178E-08  2.5006E-01  9.8489E-11  1.0258E-10  2.5006E-01
  5.0871E+00 -7.7040E-08 -1.0797E-08  2.5006E-01  7.2248E-11  7.8498E-11  2.5006E-01
  5.0991E+00 -5.1903E-08 -1.0027E-08  2.5006E-01  1.1433E-10  1.1031E-10  2.5006E-01
  5.1111E+00 -2.7431E-08 -1.0817E-08  2.5007E-01  9.7666E-11  1.0512E-10  2.5006E-01
  5.1231E+00 -7.8193E-08 -1.0244E-08  2.5007E-01  9.3995E-11  9.7578E-11  2.5007E-01
  5.1351E+00 -4.2974E-08 -1.0077E-08  2.5011E-01  1.1488E-10  1.1149E-10  2.5011E-01
  5.1471E+00 -3.9199E-08 -1.1522E-08  2.5028E-01  8.5402E-11  9.4299E-11  2.5028E-01
  5.1591E+00 -7.2752E-08 -1.0076E-08  2.5096E-01  1.0706E-10  1.0698E-10  2.5096E-01
  5.1711E+00 -3.4997E-08 -1.0098E-08  2.5277E-01  9.6569E-11  9.5402E-11  2.5277E-01
  5.1831E+00 -5.6078E-08 -1.1741E-08  2.5496E-01  5.5775E-11  6.2132E-11  2.5496E-01
  5.1950E+00 -6.4877E-08 -1.0160E-08  2.5456E-01  1.0786E-10  1.0514E-10  2.5456E-01
  5.2070E+00 -2.9526E-08 -1.0241E-08  2.5224E-01  9.5184E-11  9.6662E-11  2.5224E-01
  5.2190E+00 -7.0278E-08 -1.1302E-08  2.5078E-01  6.8754E-11  7.5183E-11  2.5078E-01
  5.2310E+00 -5.6709E-08 -1.0277E-08  2.5027E-01  1.2791E-10  1.2329E-10  2.5027E-01
  5.2430E+00 -2.8648E-08 -1.0668E-08  2.5013E-01  1.0626E-10  1.1159E-10  2.5013E-01
  5.2553E+00 -7.6044E-08 -1.0662E-08  2.5009E-01  9.4299E-11  9.8924E-11  2.5009E-01
  5.2673E+00 -4.7753E-08 -1.0365E-08  2.5009E-01  1.2882E-10  1.2435E-10  2.5009E-01
  5.2793E+00 -3.6088E-08 -1.1413E-08  2.5008E-01  1.0151E-10  1.1031E-10  2.5008E-01
  5.2913E+00 -7.3161E-08 -1.0411E-08  2.5009E-01  1.1797E-10  1.1927E-10  2.5009E-01
  5.3033E+00 -4.0327E-08 -1.0397E-08  2.5009E-01  1.2503E-10  1.2236E-10  2.5009E-01
  5.3153E+00 -4.9730E-08 -1.1854E-08  2.5009E-01  8.8514E-11  9.7779E-11  2.5009E-01
  5.3272E+00 -6.6611E-08 -1.0441E-08  2.5010E-01  1.3353E-10  1.3149E-10  2.5010E-01
  5.3392E+00 -3.4214E-08 -1.0484E-08  2.5011E-01  1.2044E-10  1.2083E-10  2.5011E-01
  5.3512E+00 -6.3766E-08 -1.1703E-08  2.5013E-01  8.4540E-11  9.2819E-11  2.5013E-01
  5.3632E+00 -5.9107E-08 -1.0567E-08  2.5021E-01  1.4224E-10  1.3806E-10  2.5021E-01
  5.3752E+00 -3.1120E-08 -1.0762E-08  2.5044E-01  1.2058E-10  1.2497E-10  2.5044E-01
  5.3872E+00 -7.1540E-08 -1.1193E-08  2.5113E-01  1.0177E-10  1.0885E-10  2.5113E-01
  5.3992E+00 -5.1600E-08 -1.0643E-08  2.5258E-01  1.5263E-10  1.4782E-10  2.5258E-01
  5.4112E+00 -3.3453E-08 -1.1282E-08  2.5368E-01  1.2810E-10  1.3747E-10  2.5368E-01
  5.4232E+00 -7.1649E-08 -1.0809E-08  2.5273E-01  1.2841E-10  1.3284E-10  2.5273E-01
  5.4352E+00 -4.4575E-08 -1.0702E-08  2.5117E-01  1.4473E-10  1.4152E-10  2.5117E-01
  5.4471E+00 -4.2717E-08 -1.1836E-08  2.5041E-01  1.0528E-10  1.1581E-10  2.5041E-01
  5.4591E+00 -6.7213E-08 -1.0719E-08  2.5019E-01  1.3462E-10  1.3527E-10  2.5018E-01
  5.4711E+00 -3.8532E-08 -1.0732E-08  2.5013E-01  1.3141E-10  1.3106E-10  2.5013E-01
  5.4831E+00 -5.5503E-08 -1.1971E-08  2.5012E-01  9.1682E-11  1.0154E-10  2.5012E-01
  5.4951E+00 -6.0976E-08 -1.0792E-08  2.5012E-01  1.4424E-10  1.4236E-10  2.5012E-01
  5.5071E+00 -3.4273E-08 -1.0859E-08  2.5012E-01  1.2512E-10  1.2851E-10  2.5012E-01
  5.5191E+00 -6.5582E-08 -1.1628E-08  2.5012E-01  9.3120E-11  1.0169E-10  2.5012E-01
  5.5311E+00 -5.4548E-08 -1.0890E-08  2.5012E-01  1.4810E-10  1.4524E-10  2.5012E-01
  5.5431E+00 -3.3775E-08 -1.1203E-08  2.5013E-01  1.1918E-10  1.2676E-10  2.5013E-01
  5.5551E+00 -6.9259E-08 -1.1198E-08  2.5013E-01  1.0984E-10  1.1669E-10  2.5013E-01
  5.5671E+00 -4.8446E-08 -1.0950E-08  2.5013E-01  1.4662E-10  1.4444E-10  2.5013E-01
  5.5790E+00 -3.8891E-08 -1.1709E-08  2.5013E-01  1.1015E-10  1.2086E-10  2.5013E-01
  5.5910E+00 -6.7276E-08 -1.0991E-08  2.5014E-01  1.3060E-10  1.3486E-10  2.5014E-01
  5.6030E+00 -4.2851E-08 -1.0967E-08  2.4992E-01  1.4222E-10  1.4230E-10  2.4992E-01
  5.6150E+00 -4.8957E-08 -1.2051E-08  2.4992E-01  9.8132E-11  1.0963E-10  2.4992E-01
  5.6270E+00 -6.2467E-08 -1.1000E-08  2.4993E-01  1.4592E-10  1.4759E-10  2.4993E-01
  5.6390E+00 -3.8227E-08 -1.1022E-08  2.4993E-01  1.3508E-10  1.3868E-10  2.4993E-01
  5.6513E+00 -6.0577E-08 -1.1914E-08  2.4993E-01  9.5516E-11  1.0632E-10  2.4993E-01
  5.6633E+00 -5.6322E-08 -1.1094E-08  2.4993E-01  1.5398E-10  1.5395E-10  2.4993E-01
  5.6753E+00 -3.5730E-08 -1.1248E-08  2.4994E-01  1.2650E-10  1.3469E-10  2.4994E-01
  5.6873E+00 -6.6109E-08 -1.1534E-08  2.4994E-01  1.0711E-10  1.1686E-10  2.4994E-01
  5.6993E+00 -5.0915E-08 -1.1158E-08  2.4994E-01  1.5709E-10  1.5729E-10  2.4994E-01
  5.7112E+00 -3.8033E-08 -1.1657E-08  2.4994E-01  1.1667E-10  1.2851E-10  2.4994E-01
  5.7232E+00 -6.6122E-08 -1.1272E-08  2.4995E-01  1.2708E-10  1.3516E-10  2.4995E-01
  5.7352E+00 -4.5893E-08 -1.1199E-08  2.4995E-01  1.5078E-10  1.5289E-10  2.4995E-01
  5.7472E+00 -4.5313E-08 -1.2063E-08  2.4995E-01  1.0490E-10  1.1838E-10  2.4995E-01
  5.7592E+00 -6.2723E-08 -1.1222E-08  2.4996E-01  1.4478E-10  1.5066E-10  2.4996E-01
  5.7712E+00 -4.1458E-08 -1.1230E-08  2.4996E-01  1.4321E-10  1.4847E-10  2.4996E-01
  5.7832E+00 -5.4822E-08 -1.2145E-08  2.4996E-01  9.6744E-11  1.0995E-10  2.4996E-01
  5.7952E+00 -5.8069E-08 -1.1291E-08  2.4997E-01  1.5481E-10  1.5907E-10  2.4997E-01
  5.8072E+00 -3.8419E-08 -1.1345E-08  2.4997E-01  1.3317E-10  1.4236E-10  2.4997E-01
  5.8192E+00 -6.2019E-08 -1.1891E-08  2.4997E-01  1.0077E-10  1.1337E-10  2.4997E-01
  5.8312E+00 -5.3322E-08 -1.1374E-08  2.4998E-01  1.5802E-10  1.6200E-10  2.4998E-01
  5.8431E+00 -3.8289E-08 -1.1625E-08  2.4998E-01  1.2114E-10  1.3403E-10  2.4998E-01
  5.8551E+00 -6.4413E-08 -1.1593E-08  2.4998E-01  1.1713E-10  1.2909E-10  2.4998E-01
  5.8671E+00 -4.8831E-08 -1.1429E-08  2.4999E-01  1.5583E-10  1.6100E-10  2.4999E-01
  5.8791E+00 -4.2363E-08 -1.2015E-08  2.4999E-01  1.0729E-10  1.2221E-10  2.4999E-01
  5.8911E+00 -6.2753E-08 -1.1468E-08  2.4999E-01  1.3633E-10  1.4709E-10  2.4999E-01
  5.9031E+00 -4.4728E-08 -1.1455E-08  2.5000E-01  1.4923E-10  1.5695E-10  2.5000E-01
  5.9151E+00 -4.9934E-08 -1.2262E-08  2.5000E-01  9.4536E-11  1.0941E-10  2.5000E-01
  5.9271E+00 -5.9145E-08 -1.1496E-08  2.5000E-01  1.4995E-10  1.5938E-10  2.5000E-01
  5.9391E+00 -4.1391E-08 -1.1513E-08  2.5001E-01  1.3819E-10  1.4931E-10  2.5001E-01
  5.9511E+00 -5.7604E-08 -1.2185E-08  2.5001E-01  9.2798E-11  1.0736E-10  2.5001E-01
  5.9631E+00 -5.5072E-08 -1.1576E-08  2.5002E-01  1.5658E-10  1.6539E-10  2.5002E-01
  5.9751E+00 -3.9786E-08 -1.1682E-08  2.5002E-01  1.2420E-10  1.3857E-10  2.5002E-01
  5.9870E+00 -6.1838E-08 -1.1924E-08  2.5002E-01  1.0363E-10  1.1835E-10  2.5002E-01
  5.9990E+00 -5.1115E-08 -1.1637E-08  2.5003E-01  1.5676E-10  1.6617E-10  2.5003E-01
  6.0110E+00 -4.1298E-08 -1.1991E-08  2.5017E-01  1.0729E-10  1.2345E-10  2.5017E-01
  6.0230E+00 -6.2006E-08 -1.1741E-08  2.5018E-01  1.2149E-10  1.3627E-10  2.5018E-01
  6.0350E+00 -4.7438E-08 -1.1684E-08  2.5018E-01  1.5049E-10  1.6171E-10  2.5018E-01
  6.0473E+00 -4.7196E-08 -1.2330E-08  2.5019E-01  9.0066E-11  1.0592E-10  2.5018E-01
  6.0593E+00 -5.9292E-08 -1.1713E-08  2.5019E-01  1.3959E-10  1.5373E-10  2.5019E-01
  6.0713E+00 -4.3831E-08 -1.1721E-08  2.5019E-01  1.3812E-10  1.5204E-10  2.5019E-01
  6.0833E+00 -5.4111E-08 -1.2384E-08  2.5020E-01  8.1678E-11  9.6545E-11  2.5020E-01
  6.0953E+00 -5.5885E-08 -1.1781E-08  2.5020E-01  1.4825E-10  1.6197E-10  2.5020E-01
  6.1073E+00 -4.1721E-08 -1.1827E-08  2.5021E-01  1.2190E-10  1.3811E-10  2.5021E-01
  6.1192E+00 -5.9124E-08 -1.2207E-08  2.5021E-01  8.6915E-11  1.0213E-10  2.5021E-01
  6.1312E+00 -5.2447E-08 -1.1857E-08  2.5022E-01  1.4962E-10  1.6364E-10  2.5022E-01
  6.1432E+00 -4.1814E-08 -1.2056E-08  2.5024E-01  1.0070E-10  1.1738E-10  2.5024E-01
  6.1552E+00 -6.0617E-08 -1.2015E-08  2.5029E-01  1.0009E-10  1.1606E-10  2.5029E-01
  6.1672E+00 -4.9219E-08 -1.1913E-08  2.5048E-01  1.4062E-10  1.5517E-10  2.5048E-01
  6.1792E+00 -4.5002E-08 -1.2360E-08  2.5079E-01  7.3645E-11  8.7183E-11  2.5079E-01
  6.1912E+00 -5.9329E-08 -1.1957E-08  2.5088E-01  1.1218E-10  1.2817E-10  2.5088E-01
  6.2032E+00 -4.6371E-08 -1.1953E-08  2.5062E-01  1.2839E-10  1.4417E-10  2.5062E-01
  6.2152E+00 -5.0666E-08 -1.2541E-08  2.5039E-01  6.1473E-11  7.3230E-11  2.5039E-01
  6.2272E+00 -5.6780E-08 -1.2000E-08  2.5030E-01  1.2937E-10  1.4665E-10  2.5030E-01
  6.2392E+00 -4.4096E-08 -1.2017E-08  2.5028E-01  1.1535E-10  1.3275E-10  2.5028E-01
  6.2511E+00 -5.6107E-08 -1.2494E-08  2.5028E-01  6.1886E-11  7.3778E-11  2.5028E-01
  6.2631E+00 -5.3876E-08 -1.2082E-08  2.5029E-01  1.3509E-10  1.5279E-10  2.5029E-01
  6.2751E+00 -4.3083E-08 -1.2171E-08  2.5029E-01  9.2819E-11  1.0935E-10  2.5029E-01
  6.2871E+00 -5.8922E-08 -1.2332E-08  2.5030E-01  7.2219E-11  8.5818E-11  2.5030E-01
  6.2991E+00 -5.1057E-08 -1.2151E-08  2.5031E-01  1.3336E-10  1.5167E-10  2.5031E-01
  6.3111E+00 -4.4353E-08 -1.2423E-08  2.5031E-01  6.6462E-11  7.9221E-11  2.5031E-01
  6.3231E+00 -5.8858E-08 -1.2237E-08  2.5032E-01  8.8359E-11  1.0432E-10  2.5032E-01
  6.3351E+00 -4.8453E-08 -1.2208E-08  2.5033E-01  1.2127E-10  1.3962E-10  2.5033E-01
  6.3471E+00 -4.8171E-08 -1.2668E-08  2.5034E-01  4.3311E-11  5.0834E-11  2.5034E-01
  6.3591E+00 -5.7058E-08 -1.2251E-08  2.5036E-01  1.0294E-10  1.2067E-10  2.5035E-01
  6.3711E+00 -4.6162E-08 -1.2261E-08  2.5038E-01  1.0445E-10  1.2229E-10  2.5038E-01
  6.3830E+00 -5.3012E-08 -1.2741E-08  2.5045E-01  3.3209E-11  3.7970E-11  2.5045E-01
  6.3950E+00 -5.4610E-08 -1.2321E-08  2.5061E-01  1.1333E-10  1.3250E-10  2.5061E-01
  6.4070E+00 -4.4567E-08 -1.2355E-08  2.5079E-01  8.3373E-11  9.9233E-11  2.5079E-01
  6.4190E+00 -5.6519E-08 -1.2643E-08  2.5076E-01  3.8682E-11  4.4803E-11  2.5076E-01
  6.4310E+00 -5.2124E-08 -1.2399E-08  2.5058E-01  1.1210E-10  1.3123E-10  2.5058E-01
  6.4430E+00 -4.4516E-08 -1.2537E-08  2.5046E-01  4.8839E-11  5.7304E-11  2.5046E-01
  6.4553E+00 -5.7637E-08 -1.2519E-08  2.5042E-01  5.0522E-11  5.9266E-11  2.5042E-01
  6.4673E+00 -4.9607E-08 -1.2460E-08  2.5042E-01  9.9454E-11  1.1700E-10  2.5042E-01
  6.4793E+00 -4.6975E-08 -1.2787E-08  2.5043E-01  1.4049E-11  1.2351E-11  2.5043E-01
  6.4913E+00 -5.6585E-08 -1.2505E-08  2.5044E-01  6.4831E-11  7.6650E-11  2.5044E-01
  6.5033E+00 -4.7584E-08 -1.2509E-08  2.5045E-01  8.0916E-11  9.5767E-11  2.5045E-01
  6.5153E+00 -5.0876E-08 -1.2924E-08  2.5046E-01 -7.2435E-12 -1.6310E-11  2.5046E-01
  6.5272E+00 -5.4707E-08 -1.2561E-08  2.5047E-01  7.3963E-11  8.7553E-11  2.5047E-01
  6.5392E+00 -4.6015E-08 -1.2578E-08  2.5048E-01  5.3513E-11  6.2568E-11  2.5048E-01
  6.5512E+00 -5.4495E-08 -1.2902E-08  2.5049E-01 -1.2015E-11 -2.3017E-11  2.5049E-01
  6.5632E+00 -5.2683E-08 -1.2637E-08  2.5050E-01  7.5303E-11  8.9075E-11  2.5050E-01
  6.5752E+00 -4.5407E-08 -1.2708E-08  2.5051E-01  1.8682E-11  1.7776E-11  2.5051E-01
  6.5872E+00 -5.6244E-08 -1.2811E-08  2.5052E-01 -3.1285E-12 -1.1298E-11  2.5052E-01
  6.5992E+00 -5.0753E-08 -1.2705E-08  2.5054E-01  6.8564E-11  8.0900E-11  2.5054E-01
  6.6112E+00 -4.6403E-08 -1.2903E-08  2.5048E-01 -1.9586E-11 -3.3978E-11  2.5048E-01
  6.6232E+00 -5.6066E-08 -1.2772E-08  2.5049E-01  1.1157E-11  7.4755E-12  2.5049E-01
  6.6352E+00 -4.8993E-08 -1.2761E-08  2.5050E-01  4.9493E-11  5.7058E-11  2.5050E-01
  6.6472E+00 -4.9087E-08 -1.3085E-08  2.5052E-01 -5.1797E-11 -7.8998E-11  2.5052E-01
  6.6591E+00 -5.4785E-08 -1.2807E-08  2.5053E-01  2.2825E-11  2.2573E-11  2.5053E-01
  6.6711E+00 -4.7479E-08 -1.2820E-08  2.5054E-01  2.1449E-11  2.0708E-11  2.5054E-01
  6.6831E+00 -5.2341E-08 -1.3146E-08  2.5056E-01 -6.9189E-11 -1.0379E-10  2.5056E-01
  6.6951E+00 -5.3147E-08 -1.2880E-08  2.5057E-01  2.6238E-11  2.6768E-11  2.5057E-01
  6.7071E+00 -4.6509E-08 -1.2912E-08  2.5059E-01 -1.6904E-11 -3.1109E-11  2.5059E-01
  6.7191E+00 -5.4612E-08 -1.3102E-08  2.5060E-01 -6.9580E-11 -1.0469E-10  2.5060E-01
  6.7311E+00 -5.1522E-08 -1.2956E-08  2.5062E-01  1.9734E-11  1.7954E-11  2.5062E-01
  6.7431E+00 -4.6591E-08 -1.3061E-08  2.5063E-01 -6.2126E-11 -9.4464E-11  2.5063E-01
  6.7551E+00 -5.5215E-08 -1.3056E-08  2.5065E-01 -5.9082E-11 -9.0241E-11  2.5065E-01
  6.7671E+00 -5.0015E-08 -1.3022E-08  2.5067E-01  2.8924E-12 -4.7789E-12  2.5067E-01
  6.7791E+00 -4.8082E-08 -1.3240E-08  2.5068E-01 -1.0550E-10 -1.5663E-10  2.5068E-01
  6.7911E+00 -5.4533E-08 -1.3072E-08  2.5070E-01 -4.7330E-11 -7.4123E-11  2.5070E-01
  6.8030E+00 -4.8668E-08 -1.3082E-08  2.5072E-01 -2.5583E-11 -4.3945E-11  2.5072E-01
  6.8150E+00 -5.0596E-08 -1.3361E-08  2.5074E-01 -1.3670E-10 -2.0186E-10  2.5074E-01
  6.8270E+00 -5.3290E-08 -1.3136E-08  2.5076E-01 -4.2095E-11 -6.7179E-11  2.5076E-01
  6.8390E+00 -4.7617E-08 -1.3155E-08  2.5077E-01 -6.6140E-11 -1.0112E-10  2.5077E-01
  6.8510E+00 -5.2951E-08 -1.3380E-08  2.5079E-01 -1.4928E-10 -2.2049E-10  2.5079E-01
  6.8633E+00 -5.1812E-08 -1.3217E-08  2.5082E-01 -4.5563E-11 -7.2409E-11  2.5082E-01
  6.8753E+00 -4.7170E-08 -1.3275E-08  2.5084E-01 -1.1988E-10 -1.7850E-10  2.5084E-01
  6.8873E+00 -5.4167E-08 -1.3342E-08  2.5086E-01 -1.4355E-10 -2.1281E-10  2.5086E-01
  6.8993E+00 -5.0545E-08 -1.3291E-08  2.5088E-01 -6.2559E-11 -9.6752E-11  2.5088E-01
  6.9113E+00 -4.7880E-08 -1.3432E-08  2.5090E-01 -1.7260E-10 -2.5519E-10  2.5090E-01
  6.9233E+00 -5.3940E-08 -1.3352E-08  2.5093E-01 -1.3472E-10 -2.0062E-10  2.5093E-01
  6.9352E+00 -4.9399E-08 -1.3356E-08  2.5095E-01 -9.2913E-11 -1.4045E-10  2.5095E-01
  6.9472E+00 -4.9632E-08 -1.3575E-08  2.5097E-01 -2.1587E-10 -3.1814E-10  2.5097E-01
  6.9592E+00 -5.3051E-08 -1.3408E-08  2.5100E-01 -1.2929E-10 -1.9332E-10  2.5100E-01
  6.9712E+00 -4.8428E-08 -1.3426E-08  2.5103E-01 -1.3536E-10 -2.0226E-10  2.5103E-01
  6.9832E+00 -5.1643E-08 -1.3638E-08  2.5105E-01 -2.4139E-10 -3.5556E-10  2.5105E-01
  6.9952E+00 -5.1968E-08 -1.3487E-08  2.5108E-01 -1.3353E-10 -2.0001E-10  2.5108E-01
  7.0072E+00 -4.7917E-08 -1.3532E-08  2.5111E-01 -1.8332E-10 -2.7261E-10  2.5111E-01
  7.0192E+00 -4.9665E-08 -1.3696E-08  2.5114E-01 -3.2251E-10 -4.6957E-10  2.5114E-01
  7.0312E+00 -5.0957E-08 -1.3672E-08  2.5117E-01 -3.2785E-10 -4.7757E-10  2.5117E-01
  7.0432E+00 -5.0759E-08 -1.3706E-08  2.5120E-01 -3.2278E-10 -4.7158E-10  2.5120E-01
  7.0552E+00 -5.0667E-08 -1.3732E-08  2.5123E-01 -3.2432E-10 -4.7450E-10  2.5123E-01
  7.0672E+00 -5.0646E-08 -1.3755E-08  2.5126E-01 -3.2723E-10 -4.7930E-10  2.5126E-01
  7.0791E+00 -5.0624E-08 -1.3778E-08  2.5130E-01 -3.3016E-10 -4.8416E-10  2.5130E-01
  7.0911E+00 -5.0600E-08 -1.3802E-08  2.5133E-01 -3.3312E-10 -4.8907E-10  2.5133E-01
  7.1031E+00 -5.0576E-08 -1.3825E-08  2.5137E-01 -3.3610E-10 -4.9405E-10  2.5137E-01
  7.1151E+00 -5.0551E-08 -1.3849E-08  2.5141E-01 -3.3911E-10 -4.9908E-10  2.5141E-01
  7.1271E+00 -5.0525E-08 -1.3872E-08  2.5145E-01 -3.4215E-10 -5.0417E-10  2.5144E-01
  7.1391E+00 -5.0497E-08 -1.3896E-08  2.5149E-01 -3.4520E-10 -5.0932E-10  2.5148E-01
  7.1511E+00 -5.0468E-08 -1.3920E-08  2.5153E-01 -3.4829E-10 -5.1453E-10  2.5153E-01
  7.1631E+00 -5.0438E-08 -1.3943E-08  2.5157E-01 -3.5139E-10 -5.1980E-10  2.5157E-01
  7.1751E+00 -5.0407E-08 -1.3967E-08  2.5161E-01 -3.5451E-10 -5.2512E-10  2.5161E-01
  7.1871E+00 -5.0374E-08 -1.3990E-08  2.5166E-01 -3.5765E-10 -5.3050E-10  2.5166E-01
  7.1991E+00 -5.0340E-08 -1.4013E-08  2.5171E-01 -3.6081E-10 -5.3593E-10  2.5170E-01
  7.2110E+00 -5.0304E-08 -1.4037E-08  2.5175E-01 -3.6399E-10 -5.4142E-10  2.5175E-01
  7.2230E+00 -5.0266E-08 -1.4060E-08  2.5180E-01 -3.6717E-10 -5.4695E-10  2.5180E-01
  7.2350E+00 -5.0227E-08 -1.4083E-08  2.5186E-01 -3.7037E-10 -5.5253E-10  2.5185E-01
  7.2470E+00 -5.0186E-08 -1.4106E-08  2.5191E-01 -3.7358E-10 -5.5816E-10  2.5191E-01
  7.2590E+00 -5.0143E-08 -1.4129E-08  2.5197E-01 -3.7679E-10 -5.6383E-10  2.5196E-01
  7.2710E+00 -5.0098E-08 -1.4151E-08  2.5202E-01 -3.8001E-10 -5.6953E-10  2.5202E-01
  7.2833E+00 -5.0050E-08 -1.4174E-08  2.5208E-01 -3.8330E-10 -5.7542E-10  2.5208E-01
  7.2953E+00 -5.0000E-08 -1.4196E-08  2.5214E-01 -3.8651E-10 -5.8120E-10  2.5214E-01
  7.3073E+00 -4.9949E-08 -1.4218E-08  2.5221E-01 -3.8972E-10 -5.8700E-10  2.5221E-01
  7.3193E+00 -4.9894E-08 -1.4239E-08  2.5227E-01 -3.9290E-10 -5.9282E-10  2.5227E-01
  7.3313E+00 -4.9838E-08 -1.4260E-08  2.5234E-01 -3.9607E-10 -5.9865E-10  2.5234E-01
  7.3433E+00 -4.9778E-08 -1.4281E-08  2.5241E-01 -3.9922E-10 -6.0449E-10  2.5241E-01
  7.3552E+00 -4.9715E-08 -1.4301E-08  2.5249E-01 -4.0234E-10 -6.1033E-10  2.5248E-01
  7.3672E+00 -4.9650E-08 -1.4320E-08  2.5256E-01 -4.0542E-10 -6.1617E-10  2.5256E-01
  7.3792E+00 -4.9581E-08 -1.4338E-08  2.5264E-01 -4.0845E-10 -6.2198E-10  2.5264E-01
  7.3912E+00 -4.9508E-08 -1.4356E-08  2.5273E-01 -4.1143E-10 -6.2776E-10  2.5272E-01
  7.4032E+00 -4.9432E-08 -1.4373E-08  2.5281E-01 -4.1435E-10 -6.3349E-10  2.5281E-01
  7.4152E+00 -4.9352E-08 -1.4390E-08  2.5290E-01 -4.1720E-10 -6.3917E-10  2.5290E-01
  7.4272E+00 -4.9268E-08 -1.4405E-08  2.5299E-01 -4.1996E-10 -6.4478E-10  2.5299E-01
  7.4392E+00 -4.9179E-08 -1.4419E-08  2.5309E-01 -4.2263E-10 -6.5030E-10  2.5309E-01
  7.4512E+00 -4.9086E-08 -1.4432E-08  2.5319E-01 -4.2519E-10 -6.5570E-10  2.5318E-01
  7.4632E+00 -4.8988E-08 -1.4443E-08  2.5329E-01 -4.2762E-10 -6.6098E-10  2.5329E-01
  7.4752E+00 -4.8884E-08 -1.4453E-08  2.5340E-01 -4.2992E-10 -6.6611E-10  2.5340E-01
  7.4871E+00 -4.8775E-08 -1.4462E-08  2.5351E-01 -4.3206E-10 -6.7105E-10  2.5351E-01
  7.4991E+00 -4.8659E-08 -1.4468E-08  2.5363E-01 -4.3402E-10 -6.7578E-10  2.5363E-01
  7.5111E+00 -4.8538E-08 -1.4473E-08  2.5375E-01 -4.3577E-10 -6.8027E-10  2.5375E-01
  7.5231E+00 -4.8409E-08 -1.4475E-08  2.5388E-01 -4.3731E-10 -6.8448E-10  2.5388E-01
  7.5351E+00 -4.8273E-08 -1.4475E-08  2.5401E-01 -4.3859E-10 -6.8837E-10  2.5401E-01
  7.5471E+00 -4.8129E-08 -1.4473E-08  2.5415E-01 -4.3960E-10 -6.9190E-10  2.5415E-01
  7.5591E+00 -4.7977E-08 -1.4467E-08  2.5429E-01 -4.4029E-10 -6.9501E-10  2.5429E-01
  7.5711E+00 -4.7816E-08 -1.4459E-08  2.5445E-01 -4.4064E-10 -6.9765E-10  2.5444E-01
  7.5831E+00 -4.7645E-08 -1.4447E-08  2.5460E-01 -4.4060E-10 -6.9975E-10  2.5460E-01
  7.5951E+00 -4.7463E-08 -1.4431E-08  2.5477E-01 -4.4013E-10 -7.0125E-10  2.5476E-01
  7.6071E+00 -4.7271E-08 -1.4410E-08  2.5494E-01 -4.3918E-10 -7.0207E-10  2.5494E-01
  7.6191E+00 -4.7066E-08 -1.4386E-08  2.5512E-01 -4.3770E-10 -7.0212E-10  2.5512E-01
  7.6310E+00 -4.6849E-08 -1.4356E-08  2.5531E-01 -4.3563E-10 -7.0131E-10  2.5530E-01
  7.6430E+00 -4.6617E-08 -1.4320E-08  2.5550E-01 -4.3291E-10 -6.9953E-10  2.5550E-01
  7.6550E+00 -4.6371E-08 -1.4278E-08  2.5571E-01 -4.2947E-10 -6.9666E-10  2.5571E-01
  7.6670E+00 -4.6108E-08 -1.4229E-08  2.5592E-01 -4.2522E-10 -6.9256E-10  2.5592E-01
  7.6790E+00 -4.5827E-08 -1.4173E-08  2.5615E-01 -4.2009E-10 -6.8710E-10  2.5615E-01
  7.6913E+00 -4.5520E-08 -1.4107E-08  2.5639E-01 -4.1380E-10 -6.7990E-10  2.5639E-01
  7.7033E+00 -4.5199E-08 -1.4033E-08  2.5664E-01 -4.0657E-10 -6.7113E-10  2.5664E-01
  7.7153E+00 -4.4856E-08 -1.3949E-08  2.5690E-01 -3.9812E-10 -6.6043E-10  2.5690E-01
  7.7273E+00 -4.4489E-08 -1.3854E-08  2.5717E-01 -3.8833E-10 -6.4758E-10  2.5717E-01
  7.7393E+00 -4.4095E-08 -1.3746E-08  2.5746E-01 -3.7707E-10 -6.3231E-10  2.5745E-01
  7.7513E+00 -4.3672E-08 -1.3625E-08  2.5776E-01 -3.6416E-10 -6.1434E-10  2.5775E-01
  7.7632E+00 -4.3218E-08 -1.3489E-08  2.5807E-01 -3.4945E-10 -5.9336E-10  2.5807E-01
  7.7752E+00 -4.2729E-08 -1.3336E-08  2.5840E-01 -3.3274E-10 -5.6903E-10  2.5839E-01
  7.7872E+00 -4.2204E-08 -1.3165E-08  2.5874E-01 -3.1382E-10 -5.4095E-10  2.5874E-01
  7.7992E+00 -4.1637E-08 -1.2973E-08  2.5910E-01 -2.9247E-10 -5.0871E-10  2.5910E-01
  7.8112E+00 -4.1025E-08 -1.2759E-08  2.5948E-01 -2.6843E-10 -4.7183E-10  2.5947E-01
  7.8232E+00 -4.0365E-08 -1.2520E-08  2.5987E-01 -2.4143E-10 -4.2979E-10  2.5987E-01
  7.8352E+00 -3.9651E-08 -1.2253E-08  2.6028E-01 -2.1119E-10 -3.8204E-10  2.6028E-01
  7.8472E+00 -3.8878E-08 -1.1956E-08  2.6071E-01 -1.7738E-10 -3.2797E-10  2.6071E-01
  7.8592E+00 -3.8040E-08 -1.1624E-08  2.6116E-01 -1.3966E-10 -2.6691E-10  2.6116E-01
  7.8712E+00 -3.7132E-08 -1.1256E-08  2.6163E-01 -9.7668E-11 -1.9815E-10  2.6163E-01
  7.8832E+00 -3.6146E-08 -1.0846E-08  2.6211E-01 -5.1028E-11 -1.2095E-10  2.6211E-01
  7.8952E+00 -3.5076E-08 -1.0390E-08  2.6261E-01  6.6020E-13 -3.4520E-11  2.6261E-01
  7.9071E+00 -3.3911E-08 -9.8837E-09  2.6313E-01  5.7800E-11  6.1935E-11  2.6313E-01
  7.9191E+00 -3.2645E-08 -9.3220E-09  2.6367E-01  1.2079E-10  1.6922E-10  2.6367E-01
  7.9311E+00 -3.1266E-08 -8.6993E-09  2.6422E-01  1.9002E-10  2.8809E-10  2.6422E-01
  7.9431E+00 -2.9765E-08 -8.0099E-09  2.6478E-01  2.6584E-10  4.1925E-10  2.6478E-01
  7.9551E+00 -2.8122E-08 -7.2474E-09  2.6535E-01  3.4871E-10  5.6397E-10  2.6535E-01
  7.9671E+00 -2.6322E-08 -6.4049E-09  2.6592E-01  4.4214E-10  7.3096E-10  2.6591E-01
  7.9791E+00 -2.4532E-08 -5.4838E-09  2.6649E-01  5.3959E-10  9.0183E-10  2.6648E-01
  7.9911E+00 -2.2620E-08 -4.4533E-09  2.6705E-01  4.7384E-10  7.0899E-10  2.6705E-01
  8.0031E+00 -1.9946E-08 -3.3385E-09  2.6759E-01  4.3588E-10  6.2206E-10  2.6759E-01
  8.0151E+00 -1.7496E-08 -2.1386E-09  2.6810E-01  7.0114E-10  1.1194E-09  2.6809E-01
  8.0271E+00 -1.5100E-08 -8.0508E-10  2.6857E-01  4.8246E-10  6.9413E-10  2.6857E-01
  8.0390E+00 -1.1865E-08  6.1686E-10  2.6898E-01  4.7200E-10  6.7624E-10  2.6898E-01
  8.0510E+00 -9.0192E-09  2.1289E-09  2.6931E-01  8.1897E-10  1.2813E-09  2.6930E-01
  8.0630E+00 -5.7475E-09  3.7634E-09  2.6956E-01  2.8327E-10  3.9757E-10  2.6956E-01
  8.0750E+00 -1.9796E-09  5.4686E-09  2.6969E-01  4.5216E-10  6.5751E-10  2.6968E-01
  8.0870E+00  1.3456E-09  7.2372E-09  2.6968E-01  6.4481E-10  9.6899E-10  2.6967E-01
  8.0990E+00  5.3083E-09  9.0637E-09  2.6952E-01 -1.2878E-10 -1.3706E-10  2.6952E-01
  8.1113E+00  9.5240E-09  1.0939E-08  2.6916E-01  3.4879E-10  5.2603E-10  2.6916E-01
  8.1233E+00  1.3224E-08  1.2750E-08  2.6862E-01  9.7165E-12  5.4213E-11  2.6862E-01
  8.1353E+00  1.7457E-08  1.4491E-08  2.6788E-01 -7.0751E-10 -8.3845E-10  2.6788E-01
  8.1473E+00  2.1478E-08  1.6102E-08  2.6693E-01 -1.7672E-11  2.5382E-11  2.6693E-01
  8.1593E+00  2.5147E-08  1.7558E-08  2.6579E-01 -9.2977E-10 -1.1183E-09  2.6578E-01
  8.1713E+00  2.9016E-08  1.8780E-08  2.6447E-01 -1.3315E-09 -1.5744E-09  2.6445E-01
  8.1832E+00  3.2356E-08  1.9721E-08  2.6299E-01 -7.5119E-10 -9.4285E-10  2.6299E-01
  8.1952E+00  3.5411E-08  2.0367E-08  2.6142E-01 -1.8339E-09 -2.1339E-09  2.6138E-01
  8.2072E+00  3.8328E-08  2.0658E-08  2.5979E-01 -1.8403E-09 -2.1797E-09  2.5975E-01
  8.2192E+00  4.0531E-08  2.0581E-08  2.5816E-01 -1.6523E-09 -2.0430E-09  2.5813E-01
  8.2312E+00  4.2550E-08  2.0153E-08  2.5661E-01 -2.2857E-09 -2.5998E-09  2.5655E-01
  8.2432E+00  4.4239E-08  1.9357E-08  2.5519E-01 -2.1172E-09 -2.5272E-09  2.5513E-01
  8.2552E+00  4.5234E-08  1.8230E-08  2.5395E-01 -2.1478E-09 -2.5705E-09  2.5389E-01
  8.2672E+00  4.6160E-08  1.6806E-08  2.5295E-01 -2.0891E-09 -2.3722E-09  2.5290E-01
  8.2792E+00  4.6704E-08  1.5111E-08  2.5223E-01 -2.0962E-09 -2.5224E-09  2.5217E-01
  8.2912E+00  4.6719E-08  1.3214E-08  2.5180E-01 -1.8112E-09 -2.1312E-09  2.5176E-01
  8.3032E+00  4.6728E-08  1.1151E-08  2.5169E-01 -1.3880E-09 -1.6103E-09  2.5167E-01
  8.3151E+00  4.6326E-08  8.9727E-09  2.5189E-01 -1.6808E-09 -2.0377E-09  2.5185E-01
  8.3271E+00  4.5593E-08  6.7580E-09  2.5238E-01 -8.3332E-10 -9.9618E-10  2.5238E-01
  8.3391E+00  4.4822E-08  4.5392E-09  2.5315E-01 -5.3804E-10 -6.5758E-10  2.5315E-01
  8.3511E+00  4.3567E-08  2.3711E-09  2.5416E-01 -8.4710E-10 -1.0472E-09  2.5416E-01
  8.3631E+00  4.2153E-08  3.2524E-10  2.5537E-01  2.2457E-10  2.4728E-10  2.5537E-01
  8.3751E+00  4.0603E-08 -1.5782E-09  2.5673E-01  1.6035E-10  1.7466E-10  2.5673E-01
  8.3871E+00  3.8493E-08 -3.2947E-09  2.5819E-01  1.2996E-10  1.4099E-10  2.5819E-01
  8.3991E+00  3.6377E-08 -4.7864E-09  2.5969E-01  9.2495E-10  1.1304E-09  2.5968E-01
  8.4111E+00  3.4036E-08 -6.0532E-09  2.6120E-01  5.9513E-10  7.3369E-10  2.6119E-01
  8.4231E+00  3.1165E-08 -7.0737E-09  2.6265E-01  8.3112E-10  1.0453E-09  2.6264E-01
  8.4351E+00  2.8439E-08 -7.8577E-09  2.6402E-01  1.1803E-09  1.5109E-09  2.6400E-01
  8.4471E+00  2.5445E-08 -8.4270E-09  2.6527E-01  8.0687E-10  1.0330E-09  2.6526E-01
  8.4590E+00  2.2123E-08 -8.7785E-09  2.6637E-01  1.0965E-09  1.4382E-09  2.6636E-01
  8.4710E+00  1.9077E-08 -8.9593E-09  2.6732E-01  1.1323E-09  1.5035E-09  2.6730E-01
  8.4830E+00  1.5728E-08 -8.9998E-09  2.6810E-01  8.6332E-10  1.1387E-09  2.6809E-01
  8.4950E+00  1.2398E-08 -8.9005E-09  2.6870E-01  1.0462E-09  1.4166E-09  2.6869E-01
  8.5070E+00  9.3909E-09 -8.7191E-09  2.6915E-01  9.4916E-10  1.2936E-09  2.6914E-01
  8.5190E+00  6.0170E-09 -8.4776E-09  2.6945E-01  8.0632E-10  1.0947E-09  2.6944E-01
  8.5313E+00  2.9762E-09 -8.1685E-09  2.6961E-01  8.5795E-10  1.1871E-09  2.6960E-01
  8.5433E+00  2.5573E-10 -7.8518E-09  2.6965E-01  7.3688E-10  1.0213E-09  2.6964E-01
  8.5553E+00 -2.8791E-09 -7.5231E-09  2.6957E-01  6.7465E-10  9.3972E-10  2.6957E-01
  8.5673E+00 -5.3080E-09 -7.1932E-09  2.6941E-01  6.4423E-10  9.0344E-10  2.6940E-01
  8.5793E+00 -7.6826E-09 -6.8851E-09  2.6917E-01  5.5297E-10  7.7585E-10  2.6917E-01
  8.5913E+00 -1.0384E-08 -6.5790E-09  2.6887E-01  5.0715E-10  7.1777E-10  2.6887E-01
  8.6032E+00 -1.2278E-08 -6.3025E-09  2.6852E-01  4.5085E-10  6.3897E-10  2.6852E-01
  8.6152E+00 -1.4399E-08 -6.0640E-09  2.6814E-01  3.9925E-10  5.6754E-10  2.6813E-01
  8.6272E+00 -1.6546E-08 -5.8228E-09  2.6772E-01  3.4054E-10  4.8700E-10  2.6772E-01
  8.6392E+00 -1.7975E-08 -5.6226E-09  2.6728E-01  2.9131E-10  4.1913E-10  2.6728E-01
  8.6512E+00 -1.9971E-08 -5.4618E-09  2.6684E-01  2.6590E-10  3.8535E-10  2.6684E-01
  8.6632E+00 -2.1517E-08 -5.2956E-09  2.6638E-01  1.9188E-10  2.8029E-10  2.6638E-01
  8.6752E+00 -2.2587E-08 -5.1689E-09  2.6592E-01  1.6639E-10  2.4742E-10  2.6592E-01
  8.6872E+00 -2.4507E-08 -5.0694E-09  2.6546E-01  1.4251E-10  2.1531E-10  2.6546E-01
  8.6992E+00 -2.5500E-08 -4.9733E-09  2.6501E-01  6.6863E-11  1.0975E-10  2.6501E-01
  8.7112E+00 -2.6364E-08 -4.9116E-09  2.6456E-01  7.1201E-11  1.1736E-10  2.6456E-01
  8.7232E+00 -2.8129E-08 -4.8530E-09  2.6413E-01  2.7605E-11  5.7950E-11  2.6413E-01
  8.7351E+00 -2.8686E-08 -4.8130E-09  2.6370E-01 -3.3696E-11 -2.3808E-11  2.6370E-01
  8.7471E+00 -2.9557E-08 -4.8066E-09  2.6328E-01 -4.2410E-12  1.5046E-11  2.6328E-01
  8.7591E+00 -3.0996E-08 -4.7740E-09  2.6287E-01 -7.5288E-11 -7.8522E-11  2.6287E-01
  8.7711E+00 -3.1239E-08 -4.7726E-09  2.6248E-01 -1.1107E-10 -1.2416E-10  2.6248E-01
  8.7831E+00 -3.2331E-08 -4.8060E-09  2.6210E-01 -7.3012E-11 -7.6953E-11  2.6210E-01
  8.7951E+00 -3.3271E-08 -4.7949E-09  2.6173E-01 -1.6274E-10 -1.8887E-10  2.6173E-01
  8.8071E+00 -3.3309E-08 -4.8193E-09  2.6138E-01 -1.6678E-10 -1.9546E-10  2.6138E-01
  8.8191E+00 -3.4711E-08 -4.8698E-09  2.6104E-01 -1.4360E-10 -1.6873E-10  2.6104E-01
  8.8311E+00 -3.5090E-08 -4.8840E-09  2.6071E-01 -2.3351E-10 -2.7366E-10  2.6071E-01
  8.8431E+00 -3.5056E-08 -4.9302E-09  2.6039E-01 -2.0454E-10 -2.4370E-10  2.6039E-01
  8.8551E+00 -3.6647E-08 -4.9776E-09  2.6008E-01 -2.1591E-10 -2.5800E-10  2.6008E-01
  8.8671E+00 -3.6548E-08 -5.0169E-09  2.5979E-01 -2.8797E-10 -3.3623E-10  2.5979E-01
  8.8790E+00 -3.6658E-08 -5.0882E-09  2.5951E-01 -2.3186E-10 -2.7840E-10  2.5951E-01
  8.8910E+00 -3.8141E-08 -5.1212E-09  2.5923E-01 -2.8375E-10 -3.3582E-10  2.5923E-01
  8.9030E+00 -3.7717E-08 -5.1768E-09  2.5897E-01 -3.2653E-10 -3.7963E-10  2.5897E-01
  8.9150E+00 -3.8252E-08 -5.2718E-09  2.5872E-01 -2.5883E-10 -3.1137E-10  2.5872E-01
  8.9270E+00 -3.9275E-08 -5.2921E-09  2.5848E-01 -3.4178E-10 -3.9725E-10  2.5848E-01
  8.9390E+00 -3.8658E-08 -5.3541E-09  2.5824E-01 -3.4984E-10 -4.0621E-10  2.5824E-01
  8.9513E+00 -3.9870E-08 -5.4561E-09  2.5802E-01 -2.9598E-10 -3.5394E-10  2.5802E-01
  8.9633E+00 -4.0123E-08 -5.4803E-09  2.5780E-01 -3.8920E-10 -4.4379E-10  2.5780E-01
  8.9753E+00 -3.9464E-08 -5.5483E-09  2.5759E-01 -3.5817E-10 -4.1726E-10  2.5759E-01
  8.9873E+00 -4.1195E-08 -5.6295E-09  2.5739E-01 -3.4212E-10 -4.0280E-10  2.5739E-01
  8.9993E+00 -4.0787E-08 -5.6715E-09  2.5720E-01 -4.2177E-10 -4.7425E-10  2.5720E-01
  9.0113E+00 -4.0315E-08 -5.7560E-09  2.5702E-01 -3.6060E-10 -4.2153E-10  2.5702E-01
  9.0232E+00 -4.2162E-08 -5.8038E-09  2.5684E-01 -3.8990E-10 -4.4882E-10  2.5684E-01
  9.0352E+00 -4.1288E-08 -5.8625E-09  2.5667E-01 -4.4133E-10 -4.9204E-10  2.5667E-01
  9.0472E+00 -4.1361E-08 -5.9710E-09  2.5651E-01 -3.6409E-10 -4.2593E-10  2.5650E-01
  9.0592E+00 -4.2796E-08 -5.9860E-09  2.5634E-01 -4.3264E-10 -4.8602E-10  2.5634E-01
  9.0712E+00 -4.1656E-08 -6.0497E-09  2.5619E-01 -4.4950E-10 -4.9966E-10  2.5619E-01
  9.0832E+00 -4.2600E-08 -6.1715E-09  2.5604E-01 -3.7780E-10 -4.3926E-10  2.5604E-01
  9.0952E+00 -4.3192E-08 -6.1728E-09  2.5590E-01 -4.6596E-10 -5.1240E-10  2.5590E-01
  9.1072E+00 -4.1957E-08 -6.2368E-09  2.5576E-01 -4.4694E-10 -4.9803E-10  2.5576E-01
  9.1192E+00 -4.3800E-08 -6.3419E-09  2.5563E-01 -4.0414E-10 -4.6289E-10  2.5563E-01
  9.1312E+00 -4.3432E-08 -6.3571E-09  2.5550E-01 -4.8859E-10 -5.2881E-10  2.5549E-01
  9.1432E+00 -4.2332E-08 -6.4313E-09  2.5537E-01 -4.3697E-10 -4.8981E-10  2.5537E-01
  9.1551E+00 -4.4683E-08 -6.4938E-09  2.5525E-01 -4.3832E-10 -4.9090E-10  2.5525E-01
  9.1671E+00 -4.3553E-08 -6.5344E-09  2.5513E-01 -5.0119E-10 -5.3706E-10  2.5513E-01
  9.1791E+00 -4.2984E-08 -6.6358E-09  2.5502E-01 -4.2678E-10 -4.8092E-10  2.5502E-01
  9.1911E+00 -4.5161E-08 -6.6475E-09  2.5492E-01 -4.7213E-10 -5.1584E-10  2.5491E-01
  9.2031E+00 -4.3580E-08 -6.7016E-09  2.5481E-01 -5.0339E-10 -5.3747E-10  2.5481E-01
  9.2151E+00 -4.4029E-08 -6.8325E-09  2.5471E-01 -4.2367E-10 -4.7730E-10  2.5471E-01
  9.2271E+00 -4.5332E-08 -6.8078E-09  2.5461E-01 -4.9883E-10 -5.3305E-10  2.5461E-01
  9.2391E+00 -4.3546E-08 -6.8634E-09  2.5451E-01 -4.9555E-10 -5.3037E-10  2.5451E-01
  9.2511E+00 -4.5280E-08 -6.9931E-09  2.5442E-01 -4.3434E-10 -4.8473E-10  2.5442E-01
  9.2631E+00 -4.5316E-08 -6.9692E-09  2.5433E-01 -5.1747E-10 -5.4360E-10  2.5433E-01
  9.2751E+00 -4.3564E-08 -7.0294E-09  2.5425E-01 -4.8076E-10 -5.1811E-10  2.5424E-01
  9.2871E+00 -4.6316E-08 -7.1172E-09  2.5416E-01 -4.5659E-10 -5.0026E-10  2.5416E-01
  9.2990E+00 -4.5186E-08 -7.1234E-09  2.5408E-01 -5.2710E-10 -5.4777E-10  2.5408E-01
  9.3110E+00 -4.3863E-08 -7.2096E-09  2.5400E-01 -4.6271E-10 -5.0308E-10  2.5400E-01
  9.3230E+00 -4.6875E-08 -7.2325E-09  2.5392E-01 -4.8271E-10 -5.1690E-10  2.5392E-01
  9.3350E+00 -4.4966E-08 -7.2691E-09  2.5385E-01 -5.2699E-10 -5.4523E-10  2.5385E-01
  9.3470E+00 -4.4680E-08 -7.3966E-09  2.5378E-01 -4.4895E-10 -4.9092E-10  2.5378E-01
  9.3590E+00 -4.6988E-08 -7.3587E-09  2.5371E-01 -5.0613E-10 -5.3006E-10  2.5370E-01
  9.3713E+00 -4.4625E-08 -7.4062E-09  2.5364E-01 -5.1704E-10 -5.3632E-10  2.5363E-01
  9.3833E+00 -4.6091E-08 -7.5567E-09  2.5357E-01 -4.4731E-10 -4.8779E-10  2.5357E-01
  9.3953E+00 -4.6755E-08 -7.4951E-09  2.5351E-01 -5.2359E-10 -5.3819E-10  2.5351E-01
  9.4073E+00 -4.4371E-08 -7.5440E-09  2.5345E-01 -4.9983E-10 -5.2229E-10  2.5345E-01
  9.4193E+00 -4.7362E-08 -7.6610E-09  2.5339E-01 -4.5959E-10 -4.9451E-10  2.5339E-01
  9.4313E+00 -4.6426E-08 -7.6290E-09  2.5333E-01 -5.3121E-10 -5.4004E-10  2.5332E-01
  9.4432E+00 -4.4378E-08 -7.6988E-09  2.5327E-01 -4.7897E-10 -5.0589E-10  2.5326E-01
  9.4552E+00 -4.8137E-08 -7.7420E-09  2.5321E-01 -4.8002E-10 -5.0625E-10  2.5321E-01
  9.4672E+00 -4.6009E-08 -7.7545E-09  2.5315E-01 -5.3145E-10 -5.3753E-10  2.5315E-01
  9.4792E+00 -4.4953E-08 -7.8723E-09  2.5310E-01 -4.5972E-10 -4.9021E-10  2.5310E-01
  9.4912E+00 -4.8307E-08 -7.8328E-09  2.5305E-01 -4.9971E-10 -5.1608E-10  2.5304E-01
  9.5032E+00 -4.5524E-08 -7.8687E-09  2.5300E-01 -5.2310E-10 -5.2959E-10  2.5299E-01
  9.5152E+00 -4.6213E-08 -8.0336E-09  2.5295E-01 -4.4946E-10 -4.8085E-10  2.5295E-01
  9.5272E+00 -4.8058E-08 -7.9413E-09  2.5290E-01 -5.1438E-10 -5.2203E-10  2.5290E-01
  9.5392E+00 -4.5026E-08 -7.9810E-09  2.5285E-01 -5.0730E-10 -5.1703E-10  2.5285E-01
  9.5512E+00 -4.7785E-08 -8.1395E-09  2.5281E-01 -4.5251E-10 -4.8094E-10  2.5281E-01
  9.5632E+00 -4.7590E-08 -8.0558E-09  2.5276E-01 -5.2249E-10 -5.2380E-10  2.5276E-01
  9.5752E+00 -4.4700E-08 -8.1067E-09  2.5272E-01 -4.8596E-10 -5.0069E-10  2.5272E-01
  9.5871E+00 -4.8983E-08 -8.1955E-09  2.5268E-01 -4.6537E-10 -4.8710E-10  2.5267E-01
  9.5991E+00 -4.7009E-08 -8.1636E-09  2.5263E-01 -5.2373E-10 -5.2178E-10  2.5263E-01
  9.6111E+00 -4.4895E-08 -8.2604E-09  2.5258E-01 -4.6287E-10 -4.8284E-10  2.5258E-01
  9.6231E+00 -4.9444E-08 -8.2481E-09  2.5254E-01 -4.8129E-10 -4.9427E-10  2.5254E-01
  9.6351E+00 -4.6347E-08 -8.2644E-09  2.5250E-01 -5.1642E-10 -5.1434E-10  2.5250E-01
  9.6471E+00 -4.5932E-08 -8.4262E-09  2.5247E-01 -4.4527E-10 -4.6864E-10  2.5246E-01
  9.6591E+00 -4.9267E-08 -8.3244E-09  2.5243E-01 -4.9518E-10 -4.9959E-10  2.5243E-01
  9.6711E+00 -4.5637E-08 -8.3567E-09  2.5239E-01 -5.0301E-10 -5.0356E-10  2.5239E-01
  9.6831E+00 -4.7655E-08 -8.5506E-09  2.5236E-01 -4.3953E-10 -4.6277E-10  2.5236E-01
  9.6951E+00 -4.8716E-08 -8.4194E-09  2.5232E-01 -5.0364E-10 -5.0150E-10  2.5232E-01
  9.7071E+00 -4.5012E-08 -8.4563E-09  2.5229E-01 -4.8326E-10 -4.8880E-10  2.5229E-01
  9.7190E+00 -4.9349E-08 -8.6033E-09  2.5226E-01 -4.4551E-10 -4.6472E-10  2.5226E-01
  9.7310E+00 -4.7991E-08 -8.5165E-09  2.5222E-01 -5.0571E-10 -4.9983E-10  2.5222E-01
  9.7430E+00 -4.4795E-08 -8.5846E-09  2.5219E-01 -4.5952E-10 -4.7112E-10  2.5219E-01
  9.7550E+00 -5.0311E-08 -8.6232E-09  2.5216E-01 -4.5772E-10 -4.6988E-10  2.5216E-01
  9.7670E+00 -4.7166E-08 -8.6058E-09  2.5213E-01 -5.0153E-10 -4.9473E-10  2.5213E-01
  9.7790E+00 -4.5424E-08 -8.7455E-09  2.5210E-01 -4.3764E-10 -4.5439E-10  2.5210E-01
  9.7913E+00 -5.0322E-08 -8.6606E-09  2.5207E-01 -4.7174E-10 -4.7532E-10  2.5207E-01
  9.8033E+00 -4.6168E-08 -8.6831E-09  2.5205E-01 -4.8942E-10 -4.8500E-10  2.5204E-01
  9.8153E+00 -4.7293E-08 -8.8977E-09  2.5202E-01 -4.2439E-10 -4.4378E-10  2.5202E-01
  9.8273E+00 -4.9744E-08 -8.7341E-09  2.5199E-01 -4.7995E-10 -4.7719E-10  2.5199E-01
  9.8393E+00 -4.5303E-08 -8.7630E-09  2.5197E-01 -4.7148E-10 -4.7177E-10  2.5196E-01
  9.8513E+00 -4.9394E-08 -8.9618E-09  2.5194E-01 -4.2460E-10 -4.4223E-10  2.5194E-01
  9.8632E+00 -4.8895E-08 -8.8190E-09  2.5191E-01 -4.8304E-10 -4.7625E-10  2.5191E-01
  9.8752E+00 -4.4740E-08 -8.8681E-09  2.5189E-01 -4.4885E-10 -4.5524E-10  2.5189E-01
  9.8872E+00 -5.0883E-08 -8.9625E-09  2.5187E-01 -4.3278E-10 -4.4527E-10  2.5186E-01
  9.8992E+00 -4.7918E-08 -8.8969E-09  2.5184E-01 -4.8065E-10 -4.7260E-10  2.5184E-01
  9.9112E+00 -4.4975E-08 -9.0164E-09  2.5182E-01 -4.2524E-10 -4.3770E-10  2.5182E-01
  9.9232E+00 -5.1313E-08 -8.9672E-09  2.5180E-01 -4.4293E-10 -4.4875E-10  2.5179E-01
  9.9352E+00 -4.6856E-08 -8.9685E-09  2.5177E-01 -4.7100E-10 -4.6442E-10  2.5177E-01
  9.9472E+00 -4.6416E-08 -9.1799E-09  2.5175E-01 -4.0749E-10 -4.2408E-10  2.5175E-01
  9.9592E+00 -5.0882E-08 -9.0099E-09  2.5173E-01 -4.5136E-10 -4.5095E-10  2.5173E-01
  9.9712E+00 -4.5758E-08 -9.0321E-09  2.5171E-01 -4.5624E-10 -4.5346E-10  2.5171E-01
  9.9832E+00 -4.8750E-08 -9.2819E-09  2.5169E-01 -4.0107E-10 -4.1846E-10  2.5169E-01
  9.9952E+00 -4.9977E-08 -9.0802E-09  2.5167E-01 -4.5552E-10 -4.5079E-10  2.5166E-01
  1.0007E+01 -4.4822E-08 -9.1110E-09  2.5167E-01 -4.3595E-10 -4.3887E-10  2.5167E-01
  1.0019E+01 -5.0936E-08 -9.2879E-09  2.5165E-01 -4.0468E-10 -4.1937E-10  2.5165E-01
  1.0031E+01 -4.8863E-08 -9.1546E-09  2.5163E-01 -4.5458E-10 -4.4799E-10  2.5163E-01
  1.0043E+01 -4.4511E-08 -9.2338E-09  2.5161E-01 -4.1218E-10 -4.2154E-10  2.5161E-01
  1.0055E+01 -5.2059E-08 -9.2585E-09  2.5159E-01 -4.1266E-10 -4.2216E-10  2.5159E-01
  1.0067E+01 -4.7640E-08 -9.2202E-09  2.5157E-01 -4.4832E-10 -4.4226E-10  2.5157E-01
  1.0079E+01 -4.5400E-08 -9.4012E-09  2.5156E-01 -3.9069E-10 -4.0540E-10  2.5156E-01
  1.0091E+01 -5.1982E-08 -9.2625E-09  2.5154E-01 -4.2026E-10 -4.2411E-10  2.5154E-01
  1.0103E+01 -4.6350E-08 -9.2731E-09  2.5152E-01 -4.3625E-10 -4.3313E-10  2.5152E-01
  1.0115E+01 -4.7640E-08 -9.5469E-09  2.5151E-01 -3.7819E-10 -3.9582E-10  2.5150E-01
  1.0127E+01 -5.1131E-08 -9.3104E-09  2.5149E-01 -4.2510E-10 -4.2453E-10  2.5149E-01
  1.0139E+01 -4.5105E-08 -9.3311E-09  2.5147E-01 -4.1893E-10 -4.2078E-10  2.5147E-01
  1.0151E+01 -5.0408E-08 -9.5890E-09  2.5146E-01 -3.7692E-10 -3.9420E-10  2.5145E-01
  1.0163E+01 -4.9921E-08 -9.3774E-09  2.5144E-01 -4.2676E-10 -4.2372E-10  2.5144E-01
  1.0175E+01 -4.4262E-08 -9.4246E-09  2.5144E-01 -3.9834E-10 -4.0634E-10  2.5144E-01
  1.0187E+01 -5.2382E-08 -9.5464E-09  2.5144E-01 -3.8334E-10 -3.9739E-10  2.5143E-01
  1.0199E+01 -4.8558E-08 -9.4374E-09  2.5141E-01 -4.2456E-10 -4.2134E-10  2.5141E-01
  1.0211E+01 -4.4475E-08 -9.5762E-09  2.5139E-01 -3.7490E-10 -3.8884E-10  2.5139E-01
  1.0223E+01 -5.2905E-08 -9.4997E-09  2.5137E-01 -3.9006E-10 -3.9874E-10  2.5136E-01
  1.0235E+01 -4.6927E-08 -9.4892E-09  2.5135E-01 -4.1259E-10 -4.1167E-10  2.5135E-01
  1.0247E+01 -4.6576E-08 -9.7631E-09  2.5134E-01 -3.5555E-10 -3.7399E-10  2.5134E-01
  1.0259E+01 -5.2211E-08 -9.5193E-09  2.5132E-01 -3.9462E-10 -3.9902E-10  2.5132E-01
  1.0271E+01 -4.5437E-08 -9.5340E-09  2.5131E-01 -3.9753E-10 -4.0075E-10  2.5131E-01
  1.0283E+01 -4.9629E-08 -9.8487E-09  2.5130E-01 -3.4946E-10 -3.6913E-10  2.5129E-01
  1.0295E+01 -5.0939E-08 -9.5750E-09  2.5128E-01 -3.9629E-10 -3.9807E-10  2.5128E-01
  1.0307E+01 -4.4205E-08 -9.6035E-09  2.5127E-01 -3.7756E-10 -3.8634E-10  2.5127E-01
  1.0319E+01 -5.2354E-08 -9.8134E-09  2.5126E-01 -3.5180E-10 -3.6989E-10  2.5126E-01
  1.0331E+01 -4.9426E-08 -9.6360E-09  2.5124E-01 -3.9369E-10 -3.9488E-10  2.5124E-01
  1.0343E+01 -4.3851E-08 -9.7338E-09  2.5123E-01 -3.5461E-10 -3.6926E-10  2.5123E-01
  1.0355E+01 -5.3635E-08 -9.7417E-09  2.5122E-01 -3.5701E-10 -3.7152E-10  2.5122E-01
  1.0367E+01 -4.7788E-08 -9.6855E-09  2.5121E-01 -3.8647E-10 -3.8900E-10  2.5121E-01
  1.0379E+01 -4.5098E-08 -9.9188E-09  2.5121E-01 -3.3377E-10 -3.5312E-10  2.5121E-01
  1.0391E+01 -5.3387E-08 -9.7180E-09  2.5121E-01 -3.6058E-10 -3.7120E-10  2.5121E-01
  1.0403E+01 -4.6075E-08 -9.7196E-09  2.5123E-01 -3.7287E-10 -3.7857E-10  2.5123E-01
  1.0415E+01 -4.8034E-08 -1.0065E-08  2.5123E-01 -3.2106E-10 -3.4300E-10  2.5123E-01
  1.0427E+01 -5.2193E-08 -9.7506E-09  2.5119E-01 -3.6265E-10 -3.7048E-10  2.5119E-01
  1.0439E+01 -4.4458E-08 -9.7656E-09  2.5116E-01 -3.5665E-10 -3.6710E-10  2.5115E-01
  1.0451E+01 -5.1513E-08 -1.0080E-08  2.5113E-01 -3.2077E-10 -3.4305E-10  2.5113E-01
  1.0463E+01 -5.0586E-08 -9.8070E-09  2.5112E-01 -3.6333E-10 -3.7001E-10  2.5112E-01
  1.0475E+01 -4.3419E-08 -9.8600E-09  2.5111E-01 -3.3622E-10 -3.5206E-10  2.5111E-01
  1.0487E+01 -5.3858E-08 -9.9921E-09  2.5110E-01 -3.2455E-10 -3.4481E-10  2.5110E-01
  1.0499E+01 -4.8801E-08 -9.8531E-09  2.5109E-01 -3.5902E-10 -3.6634E-10  2.5109E-01
  1.0511E+01 -4.3784E-08 -1.0030E-08  2.5108E-01 -3.1408E-10 -3.3482E-10  2.5108E-01
  1.0523E+01 -5.4394E-08 -9.9195E-09  2.5107E-01 -3.2844E-10 -3.4560E-10  2.5107E-01
  1.0535E+01 -4.6910E-08 -9.8918E-09  2.5106E-01 -3.4906E-10 -3.5871E-10  2.5106E-01
  1.0547E+01 -4.6174E-08 -1.0224E-08  2.5105E-01 -2.9744E-10 -3.2163E-10  2.5105E-01
  1.0559E+01 -5.3521E-08 -9.9149E-09  2.5104E-01 -3.3129E-10 -3.4565E-10  2.5104E-01
  1.0571E+01 -4.4995E-08 -9.9214E-09  2.5103E-01 -3.3487E-10 -3.4821E-10  2.5103E-01
  1.0583E+01 -4.9970E-08 -1.0313E-08  2.5102E-01 -2.9071E-10 -3.1640E-10  2.5102E-01
  1.0595E+01 -5.1907E-08 -9.9580E-09  2.5101E-01 -3.3150E-10 -3.4432E-10  2.5101E-01
  1.0607E+01 -4.3396E-08 -9.9810E-09  2.5097E-01 -3.1587E-10 -3.3381E-10  2.5097E-01
  1.0619E+01 -5.3411E-08 -1.0248E-08  2.5096E-01 -2.9167E-10 -3.1685E-10  2.5096E-01
  1.0631E+01 -4.9992E-08 -1.0010E-08  2.5095E-01 -3.2832E-10 -3.4114E-10  2.5095E-01
  1.0643E+01 -4.2931E-08 -1.0133E-08  2.5094E-01 -2.9205E-10 -3.1489E-10  2.5094E-01
  1.0655E+01 -5.5102E-08 -1.0119E-08  2.5093E-01 -2.9604E-10 -3.1873E-10  2.5093E-01
  1.0667E+01 -4.7692E-08 -1.0047E-08  2.5092E-01 -3.2124E-10 -3.3562E-10  2.5092E-01
  1.0679E+01 -4.4631E-08 -1.0343E-08  2.5092E-01 -2.7279E-10 -2.9902E-10  2.5092E-01
  1.0691E+01 -5.4662E-08 -1.0074E-08  2.5091E-01 -2.9846E-10 -3.1874E-10  2.5091E-01
  1.0703E+01 -4.5552E-08 -1.0069E-08  2.5090E-01 -3.0908E-10 -3.2636E-10  2.5090E-01
  1.0715E+01 -4.8368E-08 -1.0494E-08  2.5089E-01 -2.6235E-10 -2.9061E-10  2.5089E-01
  1.0727E+01 -5.3118E-08 -1.0097E-08  2.5088E-01 -2.9923E-10 -3.1794E-10  2.5088E-01
  1.0739E+01 -4.3566E-08 -1.0106E-08  2.5088E-01 -2.9217E-10 -3.1321E-10  2.5088E-01
  1.0751E+01 -5.2600E-08 -1.0478E-08  2.5087E-01 -2.6013E-10 -2.8879E-10  2.5087E-01
  1.0763E+01 -5.1099E-08 -1.0145E-08  2.5086E-01 -2.9735E-10 -3.1567E-10  2.5086E-01
  1.0775E+01 -4.2357E-08 -1.0208E-08  2.5085E-01 -2.7128E-10 -2.9608E-10  2.5085E-01
  1.0787E+01 -5.5304E-08 -1.0347E-08  2.5085E-01 -2.6229E-10 -2.8988E-10  2.5085E-01
  1.0799E+01 -4.8876E-08 -1.0182E-08  2.5084E-01 -2.9108E-10 -3.1024E-10  2.5084E-01
  1.0811E+01 -4.2951E-08 -1.0404E-08  2.5083E-01 -2.4988E-10 -2.7770E-10  2.5083E-01
  1.0823E+01 -5.5786E-08 -1.0246E-08  2.5083E-01 -2.6447E-10 -2.9023E-10  2.5082E-01
  1.0835E+01 -4.6541E-08 -1.0208E-08  2.5082E-01 -2.8205E-10 -3.0329E-10  2.5082E-01
  1.0847E+01 -4.6028E-08 -1.0621E-08  2.5081E-01 -2.3403E-10 -2.6378E-10  2.5081E-01
  1.0859E+01 -5.4614E-08 -1.0228E-08  2.5080E-01 -2.6565E-10 -2.8982E-10  2.5080E-01
  1.0871E+01 -4.4197E-08 -1.0227E-08  2.5080E-01 -2.6812E-10 -2.9211E-10  2.5080E-01
  1.0883E+01 -5.0679E-08 -1.0696E-08  2.5079E-01 -2.2794E-10 -2.5870E-10  2.5079E-01
  1.0895E+01 -5.2598E-08 -1.0265E-08  2.5078E-01 -2.6496E-10 -2.8846E-10  2.5078E-01
  1.0907E+01 -4.2292E-08 -1.0288E-08  2.5078E-01 -2.4952E-10 -2.7643E-10  2.5078E-01
  1.0919E+01 -5.4716E-08 -1.0591E-08  2.5077E-01 -2.2841E-10 -2.5915E-10  2.5077E-01
  1.0931E+01 -5.0247E-08 -1.0310E-08  2.5077E-01 -2.6114E-10 -2.8498E-10  2.5076E-01
  1.0943E+01 -4.1775E-08 -1.0444E-08  2.5076E-01 -2.2795E-10 -2.5715E-10  2.5076E-01
  1.0955E+01 -5.6517E-08 -1.0440E-08  2.5075E-01 -2.3042E-10 -2.6011E-10  2.5075E-01
  1.0967E+01 -4.7733E-08 -1.0339E-08  2.5075E-01 -2.5371E-10 -2.7873E-10  2.5075E-01
  1.0979E+01 -4.3704E-08 -1.0681E-08  2.5074E-01 -2.0864E-10 -2.3914E-10  2.5074E-01
  1.0991E+01 -5.6047E-08 -1.0366E-08  2.5074E-01 -2.3148E-10 -2.5986E-10  2.5073E-01
  1.1003E+01 -4.5135E-08 -1.0349E-08  2.5078E-01 -2.4188E-10 -2.6870E-10  2.5078E-01
  1.1015E+01 -4.8124E-08 -1.0856E-08  2.5077E-01 -1.9756E-10 -2.2885E-10  2.5077E-01
  1.1027E+01 -5.4215E-08 -1.0376E-08  2.5076E-01 -2.3127E-10 -2.5883E-10  2.5076E-01
  1.1039E+01 -4.2709E-08 -1.0377E-08  2.5076E-01 -2.2561E-10 -2.5436E-10  2.5076E-01
  1.1051E+01 -5.3224E-08 -1.0830E-08  2.5075E-01 -1.9433E-10 -2.2593E-10  2.5075E-01
  1.1063E+01 -5.1795E-08 -1.0419E-08  2.5075E-01 -2.2894E-10 -2.5639E-10  2.5075E-01
  1.1075E+01 -4.1132E-08 -1.0497E-08  2.5074E-01 -2.0387E-10 -2.3403E-10  2.5074E-01
  1.1087E+01 -5.6746E-08 -1.0639E-08  2.5074E-01 -1.9656E-10 -2.2784E-10  2.5074E-01
  1.1099E+01 -4.8815E-08 -1.0452E-08  2.5073E-01 -2.2160E-10 -2.4937E-10  2.5073E-01
  1.1111E+01 -4.2029E-08 -1.0725E-08  2.5073E-01 -1.8309E-10 -2.1354E-10  2.5073E-01
  1.1123E+01 -5.7136E-08 -1.0512E-08  2.5072E-01 -1.9802E-10 -2.2854E-10  2.5072E-01
  1.1135E+01 -4.6015E-08 -1.0466E-08  2.5071E-01 -2.1381E-10 -2.4293E-10  2.5071E-01
  1.1147E+01 -4.5880E-08 -1.0966E-08  2.5071E-01 -1.6816E-10 -1.9845E-10  2.5071E-01
  1.1159E+01 -5.5634E-08 -1.0486E-08  2.5072E-01 -1.9957E-10 -2.2961E-10  2.5072E-01
  1.1171E+01 -4.3229E-08 -1.0478E-08  2.5076E-01 -2.0195E-10 -2.3246E-10  2.5076E-01
  1.1183E+01 -5.1434E-08 -1.1028E-08  2.5081E-01 -1.6521E-10 -1.9628E-10  2.5081E-01
  1.1195E+01 -5.3205E-08 -1.0521E-08  2.5080E-01 -2.0011E-10 -2.3027E-10  2.5080E-01
  1.1207E+01 -4.1040E-08 -1.0544E-08  2.5074E-01 -1.8297E-10 -2.1376E-10  2.5074E-01
  1.1219E+01 -5.6066E-08 -1.0881E-08  2.5070E-01 -1.6240E-10 -1.9298E-10  2.5070E-01
  1.1231E+01 -5.0411E-08 -1.0559E-08  2.5068E-01 -1.9267E-10 -2.2240E-10  2.5068E-01
  1.1243E+01 -4.0592E-08 -1.0726E-08  2.5067E-01 -1.5948E-10 -1.8895E-10  2.5067E-01
  1.1255E+01 -5.7976E-08 -1.0694E-08  2.5067E-01 -1.6257E-10 -1.9264E-10  2.5067E-01
  1.1267E+01 -4.7427E-08 -1.0579E-08  2.5066E-01 -1.8430E-10 -2.1420E-10  2.5066E-01
  1.1279E+01 -4.3093E-08 -1.0998E-08  2.5066E-01 -1.4022E-10 -1.6800E-10  2.5066E-01
  1.1291E+01 -5.7267E-08 -1.0606E-08  2.5065E-01 -1.6285E-10 -1.9240E-10  2.5065E-01
  1.1303E+01 -4.4354E-08 -1.0581E-08  2.5065E-01 -1.7207E-10 -2.0200E-10  2.5065E-01
  1.1315E+01 -4.8432E-08 -1.1180E-08  2.5065E-01 -1.2901E-10 -1.5563E-10  2.5065E-01
  1.1327E+01 -5.5039E-08 -1.0612E-08  2.5064E-01 -1.6207E-10 -1.9131E-10  2.5064E-01
  1.1339E+01 -4.1528E-08 -1.0608E-08  2.5064E-01 -1.5528E-10 -1.8445E-10  2.5064E-01
  1.1351E+01 -5.4342E-08 -1.1124E-08  2.5064E-01 -1.2491E-10 -1.5105E-10  2.5064E-01
  1.1363E+01 -5.2169E-08 -1.0653E-08  2.5064E-01 -1.5858E-10 -1.8750E-10  2.5064E-01
  1.1375E+01 -3.9843E-08 -1.0729E-08  2.5065E-01 -1.3393E-10 -1.6086E-10  2.5065E-01
  1.1387E+01 -5.8010E-08 -1.0914E-08  2.5068E-01 -1.2373E-10 -1.4949E-10  2.5068E-01
  1.1399E+01 -4.9019E-08 -1.0676E-08  2.5076E-01 -1.4792E-10 -1.7553E-10  2.5076E-01
  1.1411E+01 -4.0732E-08 -1.0980E-08  2.5082E-01 -1.0948E-10 -1.3235E-10  2.5082E-01
  1.1423E+01 -5.8567E-08 -1.0750E-08  2.5077E-01 -1.2286E-10 -1.4810E-10  2.5077E-01
  1.1435E+01 -4.5727E-08 -1.0685E-08  2.5067E-01 -1.4015E-10 -1.6756E-10  2.5067E-01
  1.1447E+01 -4.5086E-08 -1.1258E-08  2.5062E-01 -9.5923E-11 -1.1650E-10  2.5062E-01
  1.1459E+01 -5.6881E-08 -1.0706E-08  2.5060E-01 -1.2585E-10 -1.5171E-10  2.5060E-01
  1.1471E+01 -4.2451E-08 -1.0688E-08  2.5059E-01 -1.2770E-10 -1.5399E-10  2.5059E-01
  1.1483E+01 -5.1522E-08 -1.1331E-08  2.5059E-01 -8.8827E-11 -1.0803E-10  2.5059E-01
  1.1495E+01 -5.3711E-08 -1.0736E-08  2.5059E-01 -1.2475E-10 -1.5047E-10  2.5058E-01
  1.1507E+01 -3.9633E-08 -1.0763E-08  2.5058E-01 -1.0762E-10 -1.3071E-10  2.5058E-01
  1.1519E+01 -5.7414E-08 -1.1131E-08  2.5058E-01 -8.8341E-11 -1.0754E-10  2.5058E-01
  1.1531E+01 -5.0438E-08 -1.0771E-08  2.5057E-01 -1.1927E-10 -1.4423E-10  2.5057E-01
  1.1543E+01 -3.9298E-08 -1.0977E-08  2.5057E-01 -8.5936E-11 -1.0450E-10  2.5057E-01
  1.1555E+01 -5.9375E-08 -1.0911E-08  2.5057E-01 -8.9321E-11 -1.0875E-10  2.5057E-01
  1.1567E+01 -4.6962E-08 -1.0782E-08  2.5056E-01 -1.1058E-10 -1.3422E-10  2.5056E-01
  1.1579E+01 -4.2451E-08 -1.1285E-08  2.5056E-01 -6.6595E-11 -8.0371E-11  2.5056E-01
  1.1591E+01 -5.8390E-08 -1.0809E-08  2.5056E-01 -8.9454E-11 -1.0887E-10  2.5056E-01
  1.1603E+01 -4.3399E-08 -1.0774E-08  2.5049E-01 -9.7281E-11 -1.1843E-10  2.5049E-01
  1.1615E+01 -4.8762E-08 -1.1468E-08  2.5049E-01 -5.4422E-11 -6.4872E-11  2.5049E-01
  1.1627E+01 -5.5746E-08 -1.0811E-08  2.5048E-01 -8.8022E-11 -1.0712E-10  2.5048E-01
  1.1639E+01 -4.0174E-08 -1.0800E-08  2.5048E-01 -7.9650E-11 -9.6860E-11  2.5048E-01
  1.1651E+01 -5.5476E-08 -1.1377E-08  2.5048E-01 -4.9236E-11 -5.8194E-11  2.5048E-01
  1.1663E+01 -5.2418E-08 -1.0849E-08  2.5047E-01 -8.3909E-11 -1.0211E-10  2.5047E-01
  1.1675E+01 -3.8377E-08 -1.0943E-08  2.5047E-01 -5.8513E-11 -7.0209E-11  2.5047E-01
  1.1687E+01 -5.9446E-08 -1.1126E-08  2.5047E-01 -4.8983E-11 -5.7921E-11  2.5047E-01
  1.1699E+01 -4.8789E-08 -1.0871E-08  2.5046E-01 -7.4011E-11 -8.9758E-11  2.5046E-01
  1.1711E+01 -3.9670E-08 -1.1236E-08  2.5046E-01 -3.7098E-11 -4.2541E-11  2.5046E-01
  1.1723E+01 -5.9876E-08 -1.0941E-08  2.5046E-01 -4.9544E-11 -5.8712E-11  2.5046E-01
  1.1735E+01 -4.5008E-08 -1.0866E-08  2.5045E-01 -6.4379E-11 -7.7749E-11  2.5045E-01
  1.1747E+01 -4.4922E-08 -1.1538E-08  2.5045E-01 -1.9475E-11 -1.9365E-11  2.5045E-01
  1.1759E+01 -5.7826E-08 -1.0890E-08  2.5045E-01 -4.8897E-11 -5.7934E-11  2.5045E-01
  1.1771E+01 -4.1260E-08 -1.0861E-08  2.5045E-01 -4.8842E-11 -5.7875E-11  2.5045E-01
  1.1783E+01 -5.2325E-08 -1.1590E-08  2.5044E-01 -1.0384E-11 -7.2798E-12  2.5044E-01
  1.1795E+01 -5.4568E-08 -1.0916E-08  2.5044E-01 -4.6162E-11 -5.4455E-11  2.5044E-01
  1.1807E+01 -3.8334E-08 -1.0934E-08  2.5044E-01 -2.9509E-11 -3.2690E-11  2.5044E-01
  1.1819E+01 -5.8363E-08 -1.1377E-08  2.5043E-01 -7.4881E-12 -3.4464E-12  2.5043E-01
  1.1831E+01 -5.0837E-08 -1.0949E-08  2.5043E-01 -3.9897E-11 -4.6355E-11  2.5043E-01
  1.1843E+01 -3.7794E-08 -1.1166E-08  2.5043E-01 -8.1271E-12 -4.4390E-12  2.5043E-01
  1.1855E+01 -6.0769E-08 -1.1116E-08  2.5043E-01 -8.2295E-12 -4.5106E-12  2.5043E-01
  1.1867E+01 -4.6870E-08 -1.0955E-08  2.5042E-01 -2.9973E-11 -3.3380E-11  2.5042E-01
  1.1879E+01 -4.1202E-08 -1.1512E-08  2.5042E-01  1.1659E-11  2.1921E-11  2.5042E-01
  1.1891E+01 -5.9768E-08 -1.0987E-08  2.5042E-01 -8.1408E-12 -4.4806E-12  2.5042E-01
  1.1903E+01 -4.2794E-08 -1.0938E-08  2.5041E-01 -1.5681E-11 -1.4513E-11  2.5041E-01
  1.1915E+01 -4.8287E-08 -1.1726E-08  2.5041E-01  2.6306E-11  4.1508E-11  2.5041E-01
  1.1927E+01 -5.6414E-08 -1.0981E-08  2.5041E-01 -6.9867E-12 -3.0138E-12  2.5041E-01
  1.1939E+01 -3.8729E-08 -1.0964E-08  2.5041E-01  3.1495E-12  1.0532E-11  2.5041E-01
  1.1951E+01 -5.6698E-08 -1.1598E-08  2.5040E-01  3.3249E-11  5.0792E-11  2.5040E-01
  1.1963E+01 -5.2612E-08 -1.1018E-08  2.5040E-01 -1.7223E-12  3.9584E-12  2.5040E-01
  1.1975E+01 -3.6855E-08 -1.1133E-08  2.5040E-01  2.3329E-11  3.7430E-11  2.5040E-01
  1.2000E+01 -4.7811E-08 -1.1164E-08  2.5039E-01  8.0257E-12  1.6950E-11  2.5039E-01
