1436.9784696155923, 1416.7974985039423, 1358.5770342289482, 
 1268.4522923099496, 1154.3387776599263, 1023.7855133586389, 
 882.7240046176614, 735.4483498785924, 585.3871021308017, 435.8716061688643, 
 290.3397774179992, 151.97613689235888, 23.222252112734036, 
 -94.39500906094868, -200.00935858950237, -292.993502530925, 
 -372.72562748162716, -438.68892305486884, -490.7469004064205, 
 -529.3065485367763, -555.2107303925227, -569.4513785677045, 
 -572.9402237564497, -566.5008394690608, -551.0388717514151, 
 -527.6974097741216, -497.8360810898994, -462.8424520867612, 
 -423.9331398420753, -382.10136728620165, -338.2294805321238, 
 -293.24052364270506, -248.13968443978644, -203.90643314490964, 
 -161.33553498953037, -120.96665851245804, -83.15719698151074, 
 -48.22421275450186, -16.525846751996077, 11.584704362351903, 
 35.880829189653085, 56.34199099221621, 73.11610364377935, 86.39765058825505, 
 96.32772181841118, 102.9971177829868, 106.53733548877578, 
 107.20611190145361, 105.38338627496148, 101.47793285647374, 
 95.82555633616106, 88.66442275778618, 80.20075804314456, 70.69688406970059, 
 60.49674836640353, 49.9643171996778, 39.390303529736705, 28.94983754541926, 
 18.745372546968376, 8.8916038643114, -0.43665150010419074, 
 -9.035978790832981, -16.754040504627927, -23.543272650248582, 
 -29.440009056003095, -34.489097736503965, -38.68245933136907, 
 -41.965084626021344, -44.29916351808106, -45.7246182100336, 
 -46.35935602586755, -46.3387839194906, -45.74916464931144, 
 -44.6134718206746, -42.939277434828156, -40.78184579568458, 
 -38.26324256924392, -35.529887787136204, -32.687419792030596, 
 -29.771455000421422, -26.77891737054102, -23.729200041324294, 
 -20.698297188019033, -17.795153677699624, -15.102834770811684, 
 -12.63864194916575, -10.36892209196043, -8.263914884924546, 
 -6.34206584981782, -4.664064043785106, -3.2835232114237356, 
 -2.2005196526281727, -1.360609496720993, -0.6996977678564391, 
 -0.19346430023895098, 0.13318571525332643, 0.2438781845228641, 
 0.13989749021173842, -0.12471757150893412, -0.475586200530638, 
 -0.8678577962185684, -1.3081882620300576, -1.82972196792858, 
 -2.4440827105525718, -3.1147809727469085, -3.7760390224246643, 
 -4.37918641312926, -4.9239828069856815, -5.446720196187634, 
 -5.976802623674113, -6.501952335985313, -6.973561322190796, 
 -7.3465397291153565, -7.616671464123452, -7.8214047015287065, 
 -8.003907182297077, -8.173674200610543, -8.299524816443459, 
 -8.34068042482528, -8.286815300684871, -8.17028967960772, -8.03975502708825, 
 -7.91971581818377, -7.793029956436412, -7.621815194819769, 
 -7.386970375135046, -7.109880099705808, -6.83671514367415, 
 -6.600173045361575, -6.393851904918578, -6.182385746901762, 
 -5.937502814689464, -5.666686500328613, -5.408388629920734, 
 -5.198663267497994, -5.040096047419156, -4.901352737502985, 
 -4.747317777195796, -4.571887928478274, -4.403478771851026, 
 -4.278643224611279, -4.208371398079603, -4.167968724358357, 
 -4.119449177371114, -4.045576076260105, -3.9643447596291197, 
 -3.9109903421442644, -3.9044275174124685, -3.9290067682678393, 
 -3.948062451175937, -3.936475131140184, -3.9022792730836042, 
 -3.8777497055382275, -3.8885287230222643, -3.929292514651393, 
 -3.9681058791514725, -3.975121706369324, -3.9491011662592768, 
 -3.91756090727411, -3.9107504898858454, -3.933563027405295, 
 -3.9610631071348754, -3.9614169033142748, -3.924927680279536, 
 -3.87256567649206, -3.836443468170853, -3.8304121501532693, 
 -3.837758182700158, -3.827028229905965, -3.7811742371580443, 
 -3.7132165188094697, -3.654262364288648, -3.62514887411658, 
 -3.617812518370904, -3.6032936373416016, -3.558744879898862, 
 -3.488532048397092, -3.4202025857395224, -3.3792897602599843, 
 -3.366222225510604, -3.3564218240760058, -3.3232388160030077, 
 -3.2625008234210937, -3.1962129255990614, -3.1522558314521616, 
 -3.1389082631362006, -3.137546510891035, -3.120000850700658, 
 -3.0744337808609674, -3.015986613110911, -2.972623044397685, 
 -2.959380886660344, -2.964703656269134, -2.961227643878781, 
 -2.9309057825048703, -2.8813433930095207, -2.838497742736163, 
 -2.822663617388939, -2.8298827530450943, -2.8357280448888376, 
 -2.817775853858534, -2.7760230754911586, -2.7325938776217766, 
 -2.71121179596368, -2.7154177178038568, -2.7254734097898474, 
 -2.71660004567505, -2.681657269433714, -2.637470608324259, 
 -2.6091764347439437, -2.6071195447131084, -2.617512276626083, 
 -2.6152701230942816, -2.5870680450356116, -2.543423224084359, 
 -2.508850777352356, -2.4993054148105807, -2.507669854817546, 
 -2.5104943724299478, -2.489623076962124, -2.44877831594398, 
 -2.4099714032768875, -2.393207882130568, -2.3982122460158894, 
 -2.4048794529237196, -2.391871324253807, -2.3561746367594765, 
 -2.3157110128023515, -2.2927599266187366, -2.2935372873647504, 
 -2.3026556990887994, -2.2974068886300048, -2.268619851060016, 
 -2.228944416170184, -2.201086118244746, -2.196934955305057, 
 -2.2067724553640287, -2.2083516447286544, -2.187368810957366, 
 -2.1504891954675593, -2.1190643788175025, -2.1094552908739153, 
 -2.1180878685486375, -2.1248844898627848, -2.1117774168458565, 
 -2.0792293444459933, -2.0456513109318277, -2.030390954920093, 
 -2.0360015693326465, -2.0460331720882396, -2.040242867147689, 
 -2.0131565663423014, -1.9789584207368114, -1.9583398741642257, 
 -1.9594944502713898, -1.9707084391827463, -1.9712410907466185, 
 -1.9503868676611902, -1.9171988646122162, -1.8920415440415213, 
 -1.8878499778151154, -1.8983384153618477, -1.9039036053467657, 
 -1.889680422865367, -1.859120329152352, -1.830690539905646, 
 -1.8208451853886753, -1.8289690108765666, -1.8380690423269568, 
 -1.8304624780250602, -1.8039794328768122, -1.7738356694369948, 
 -1.7585662742158306, -1.7630226011425747, -1.7740287964309067, 
 -1.7725836222730262, -1.7513094672065044, -1.7211264561268014, 
 -1.701116097637606, -1.7009815277761007, -1.7122253167971333, 
 -1.7160640678482377, -1.7007095427593404, -1.672118227017791, 
 -1.6484079022982536, -1.6431719977883854, -1.6530564220669557, 
 -1.6609504067867435, -1.651758658919296, -1.6262169803641169, 
 -1.6001073220030988, -1.5896926653028214, -1.5968115996429757, 
 -1.607291556904638
