0, -0.0107765263911719, -0.046546935150666546, 
 -0.10667266954781245, -0.18989592225441676, -0.2950929010639603, 
 -0.4309816086136844, -0.598935446672155, -0.795905249959083, 
 -1.0184028510903547, -1.2504255078364257, -1.4446167728637687, 
 -1.5945076379710532, -1.698767110119531, -1.7574776855984229, 
 -1.7809782300719872, -1.7802548132856637, -1.7576440848032493, 
 -1.715613381111504, -1.656486647542534, -1.580051579097873, 
 -1.4882254275911428, -1.383739355812315, -1.2692954477104141, 
 -1.1497378835470171, -1.0335623751340237, -0.9233045890610503, 
 -0.8207788787386738, -0.7274096958640178, -0.6429957065537973, 
 -0.5673512526276318, -0.5009622873393341, -0.4441045879962367, 
 -0.396493173685461, -0.3551628129572784, -0.31927821092093484, 
 -0.28855493930560766, -0.2626758678137931, -0.2417028533435925, 
 -0.22612351373619624, -0.2155532643580804, -0.20952918839527335, 
 -0.20755075688498367, -0.209320451369808, -0.21443833641654927, 
 -0.22237793232362388, -0.23261858826764964, -0.24453458400517075, 
 -0.2569680086353835, -0.2693581772216207, -0.2813080371455039, 
 -0.2924862122866505, -0.3029656186663725, -0.3130801097210995, 
 -0.32264234036916356, -0.33148023564564516, -0.3394448981770147, 
 -0.34626725711163653, -0.3518047547694619, -0.35601843998640936, 
 -0.35889509708782275, -0.3603855486309572, -0.3602676057456682, 
 -0.3585773991524525, -0.35541211034311204, -0.3508920974440859, 
 -0.3455499488755771, -0.3400195620488206, -0.334423393071133, 
 -0.32886862950428, -0.32342380855984126, -0.3177744612992779, 
 -0.31185660697672146, -0.3057364558275128, -0.29947766173353246, 
 -0.2932061604078692, -0.2871958171241937, -0.2815188626099156, 
 -0.2762176235575523, -0.27131859175609013, -0.2665112912030883, 
 -0.2615047059820147, -0.2563139205974691, -0.25096447111413456, 
 -0.24551510012664077, -0.24028139686116254, -0.2353620430792396, 
 -0.23077162060887493, -0.2265179615185001, -0.2227449076315554, 
 -0.21981016957777813, -0.21771150469129874, -0.2164070807312201, 
 -0.2158371061196056, -0.21565239794275484, -0.21558852860638475, 
 -0.21558455202690135, -0.21558714774129933, -0.21558131492796226, 
 -0.21576982420730942, -0.2161611927596947, -0.21671645662683942, 
 -0.21739839221908705, -0.21813815219096688, -0.21883435953273686, 
 -0.21944973162400563, -0.219953649883419, -0.2203225220855015, 
 -0.22051996011808564, -0.2205252715271914, -0.22033218635941812, 
 -0.21993645794743535, -0.219397935614754, -0.21904806188478204, 
 -0.2189392267181472, -0.21906830494566357, -0.2194238287441761, 
 -0.2197423278036241, -0.21962736952441542, -0.21906353182378754, 
 -0.21805571300972412, -0.21663615862323068, -0.21516028000099546, 
 -0.2137906918427763, -0.21254524245175294, -0.21143513689177698, 
 -0.21042357142197918, -0.20933596913692776, -0.2081581888526661, 
 -0.20689583228803005, -0.20555449837117656, -0.20436413456674365, 
 -0.20359266041347854, -0.20323971350738676, -0.20329371004375713, 
 -0.20372913000473167, -0.20446667339822497, -0.20545368483860538, 
 -0.2066523838446398, -0.20802613237455198, -0.20938297652904253, 
 -0.21019659209673341, -0.21040875002180362, -0.21001375496273975, 
 -0.20902394695915466, -0.20794708584459518, -0.20723327146800297, 
 -0.20690459717640586, -0.20696612537957418, -0.2073679520054513, 
 -0.20770444913742478, -0.20786203714860674, -0.2078311712378265, 
 -0.2076103354714091, -0.2073615596694089, -0.20747751943313794, 
 -0.2079714528198148, -0.2088294140563721, -0.21002687368483572, 
 -0.21113641080861528, -0.21186659059493668, -0.212199232422996, 
 -0.21212888598338048, -0.21171222415272978, -0.21131146329128284, 
 -0.21101016771785916, -0.21082128160301783, -0.21075010737165473, 
 -0.21074640087982063, -0.2107128025433122, -0.2106457725672409, 
 -0.2105463950558025, -0.21041857171465253, -0.21034891260351962, 
 -0.2103794722315461, -0.210506487804398, -0.21072491835944793, 
 -0.21105147602491794, -0.2115928048594972, -0.21235359742041832, 
 -0.2133161171953162, -0.2144584774020893, -0.2156655215147966, 
 -0.21678121355940091, -0.217787095201189, -0.21867017443475745, 
 -0.21940588039454906, -0.21968260316726188, -0.21938182221598182, 
 -0.2185206523846294, -0.21713061409858203, -0.2155170006795709, 
 -0.2147507382957892, -0.2149580570277599, -0.2161339067406891, 
 -0.21824649435205704, -0.22070644923629887, -0.2228624008528261, 
 -0.22466314192370768, -0.22607475647476094, -0.2271177384671405, 
 -0.2283043749625894, -0.22978960653064812, -0.23156407319243913, 
 -0.23360912956360133, -0.2357474515867574, -0.2374998058309294, 
 -0.2388157882441959, -0.23968956580275627, -0.24012918887198806, 
 -0.24055498054132046, -0.24131410981145462, -0.24241476545207638, 
 -0.24385271220127847, -0.2455658308919015, -0.24710263450243594, 
 -0.2483441339409613, -0.24928128201203303, -0.24991377514312263, 
 -0.25042181229874994, -0.2512184577422041, -0.25232634119492625, 
 -0.25374307490368125, -0.2554532787272339, -0.25721128921295777, 
 -0.25885310480740203, -0.26036081628211927, -0.261723590785601, 
 -0.26292586019591624, -0.26389813116223143, -0.26463091816726925, 
 -0.2651312574262384, -0.265411436499925, -0.26583237368723295, 
 -0.2670241261135169, -0.2689982195332884, -0.27173059874079686, 
 -0.27517992591255996, -0.27940024480895054, -0.2843762703875055, 
 -0.2900287257570798, -0.2962698550538482, -0.30293440976932057, 
 -0.3095862689873294, -0.3160903580605889, -0.3223702376436382, 
 -0.32836485006034977, -0.33449858336363525, -0.3413810842603819, 
 -0.34895926826140944, -0.35715947710195306, -0.36597937647841755, 
 -0.3768640874838812, -0.3902710224551789, -0.4060290625126055, 
 -0.4239163332021345, -0.44398903471059836, -0.4671263101741379, 
 -0.49311143036046007, -0.521580522176777, -0.5521437253917625, 
 -0.5810364462710368, -0.604428052627962, -0.6220986637903615, 
 -0.6340071537336414, -0.6401156927272732, -0.6387420831830349, 
 -0.6297042399524313, -0.6135084220520928, -0.5907790189158117, 
 -0.5656023452903148, -0.5481930853428231, -0.5396590846068959, 
 -0.5402179109689565, -0.5497926447154203, -0.5765956477623141, 
 -0.6265329100355123, -0.698543239710858, -0.7910947470085712, 
 -0.9017536257206248, -1.0240025212990986, -1.1546177971242322, 
 -1.291399162633214, -1.4322544855850032, -1.5464538036075302, 
 -1.5688688477402573, -1.497902826052461, -1.3364819653019202, 
 -1.0901525450764238, -0.794960531028095, -0.47574126321261423, 
 -0.13971653966841688, 0.20879224739294622, 0.5590953245711981
