7.8867	0.0026	0.00258	0.00261
11.0581	0.00159	0.00157	0.00162
14.2011	0.00254	0.00256	0.00253
18.3772	0.00694	0.00735	0.00652
19.2872	0.00646	0.00632	0.0066
22.4959	0.0069	0.00679	0.00701
25.9132	0.00203	0.0021	0.00196
27.5257	0.00209	0.0021	0.00208
29.147	0.0025	0.00252	0.00247
30.7649	0.00298	0.003	0.00296
32.3816	0.00346	0.00362	0.0033
36.1363	0.00173	0.00168	0.00178
41.5489	0.00307	0.00292	0.00321
44.7921	0.00252	0.00252	0.00252
47.044	0.00972	0.00972	0.00973
50.3499	0.00874	0.0086	0.00888
55.718	0.00271	0.00268	0.00274
57.6652	0.0022	0.00223	0.00217