7.8667	0.00172	0.00146	0.00197
11.0381	0.00388	0.00391	0.00385
14.1811	0.00254	0.00251	0.00256
18.3572	0.01293	0.01358	0.01228
19.2672	0.01328	0.01327	0.01329
22.4759	0.0019	0.00181	0.002
25.8932	0.0038	0.0035	0.00409
27.5057	0.00248	0.00242	0.00254
29.127	0.00211	0.00221	0.00201
30.7449	0.00346	0.00367	0.00325
32.3616	0.0057	0.00582	0.00558
36.1163	0.00504	0.00537	0.00472
41.5289	0.00214	0.00221	0.00208
44.8121	0.00404	0.00386	0.00421
47.024	0.00708	0.00689	0.00727
50.3699	0.00342	0.00348	0.00337
55.738	0.00485	0.0048	0.00489
57.6852	0.00217	0.00224	0.00211