  1.1041E-02  5.8393E-02  7.8906E-08  3.9002E-01  5.5778E+00  7.9810E-01  5.5206E+00
  2.3083E-02  9.9626E-02  6.1265E-07  4.6858E-01  8.9475E+00  7.9876E-01  8.9386E+00
  3.5286E-02  1.4134E-01  1.2997E-06  6.0834E-01  1.2169E+01  9.5833E-01  1.2164E+01
  4.7019E-02  1.8141E-01  2.3590E-06  7.0080E-01  2.6876E+00  1.0883E+00  2.6715E+00
  5.9089E-02  2.2246E-01  2.5671E-06  7.0250E-01  3.2875E-01  9.6162E-01 -2.7103E-01
  7.1070E-02  2.6239E-01  2.4395E-06  7.2580E-01  4.6192E+00  1.5420E+00  4.6130E+00
  8.3163E-02  3.0297E-01  2.6396E-06  8.0307E-01  6.7921E+00  8.5367E-01  6.7911E+00
  9.5127E-02  3.4311E-01  3.1310E-06  8.5365E-01  1.0539E+00  1.3204E+00  1.0418E+00
  1.0707E-01  3.8313E-01  3.2414E-06  8.4326E-01  1.5119E+00  8.6119E-01 -1.5094E+00
  1.1907E-01  4.2329E-01  3.1354E-06  8.4110E-01  1.5932E+00  1.3990E+00  1.5885E+00
  1.3123E-01  4.6396E-01  3.2507E-06  8.7986E-01  4.3552E+00  7.8117E-01  4.3547E+00
  1.4305E-01  5.0348E-01  3.5615E-06  9.3564E-01  4.8530E+00  9.2030E-01  4.8525E+00
  1.5521E-01  5.4432E-01  3.8953E-06  9.9372E-01  4.6854E+00  8.6446E-01  4.6849E+00
  1.6717E-01  5.8412E-01  4.1996E-06  1.0488E+00  4.5595E+00  9.3635E-01  4.5591E+00
  1.7901E-01  6.2372E-01  4.4933E-06  1.1025E+00  4.5128E+00  1.1340E+00  4.5122E+00
  1.9127E-01  6.6472E-01  4.8007E-06  1.1575E+00  4.4601E+00  1.2583E+00  4.4594E+00
  2.0323E-01  7.0472E-01  5.0983E-06  1.2102E+00  4.3472E+00  1.1519E+00  4.3467E+00
  2.1519E-01  7.4472E-01  5.3796E-06  1.2612E+00  4.1672E+00  9.8880E-01  4.1668E+00
  2.2715E-01  7.8472E-01  5.6336E-06  1.3096E+00  3.9330E+00  9.0375E-01  3.9327E+00
  2.3911E-01  8.2472E-01  5.8537E-06  1.3551E+00  3.6609E+00  8.7823E-01  3.6606E+00
  2.5107E-01  8.6472E-01  6.0362E-06  1.3971E+00  3.3628E+00  8.7513E-01  3.3625E+00
  2.6303E-01  9.0472E-01  6.1785E-06  1.4354E+00  3.0459E+00  8.7850E-01  3.0456E+00
  2.7529E-01  9.4572E-01  6.2808E-06  1.4707E+00  2.7067E+00  8.8349E-01  2.7064E+00
  2.8725E-01  9.8572E-01  6.3368E-06  1.5010E+00  2.3651E+00  8.8844E-01  2.3647E+00
  2.9921E-01  1.0257E+00  6.3491E-06  1.5272E+00  2.0154E+00  8.9307E-01  2.0150E+00
  3.1117E-01  1.0657E+00  6.3174E-06  1.5492E+00  1.6601E+00  8.9728E-01  1.6596E+00
  3.2313E-01  1.1057E+00  6.2424E-06  1.5669E+00  1.3015E+00  9.0111E-01  1.3009E+00
  3.3509E-01  1.1457E+00  6.1249E-06  1.5803E+00  9.4245E-01  9.0500E-01  9.4155E-01
  3.4705E-01  1.1857E+00  5.9664E-06  1.5894E+00  5.8676E-01  9.1104E-01  5.8531E-01
  3.5901E-01  1.2257E+00  5.7685E-06  1.5943E+00  2.4127E-01  9.2776E-01  2.3762E-01
  3.7127E-01  1.2667E+00  5.5269E-06  1.5951E+00  1.1004E-01  9.8902E-01 -1.0060E-01
  3.8323E-01  1.3067E+00  5.2550E-06  1.5921E+00  4.0115E-01  1.1782E+00 -3.9760E-01
  3.9519E-01  1.3467E+00  4.9525E-06  1.5858E+00  6.4317E-01  1.5736E+00 -6.3920E-01
  4.0715E-01  1.3867E+00  4.6382E-06  1.5771E+00  8.0720E-01  1.9602E+00 -8.0223E-01
  4.1911E-01  1.4267E+00  4.3580E-06  1.5670E+00  8.8919E-01  1.8957E+00 -8.8492E-01
  4.3107E-01  1.4667E+00  4.1584E-06  1.5562E+00  9.1727E-01  1.4445E+00 -9.1484E-01
  4.4303E-01  1.5067E+00  4.0446E-06  1.5452E+00  9.2377E-01  1.0581E+00 -9.2246E-01
  4.5529E-01  1.5477E+00  3.9890E-06  1.5338E+00  9.2418E-01  8.9181E-01 -9.2323E-01
  4.6725E-01  1.5877E+00  3.9668E-06  1.5228E+00  9.2305E-01  8.4661E-01 -9.2218E-01
  4.7921E-01  1.6277E+00  3.9602E-06  1.5118E+00  9.2152E-01  8.3402E-01 -9.2067E-01
  4.9117E-01  1.6677E+00  3.9613E-06  1.5008E+00  9.1987E-01  8.2906E-01 -9.1901E-01
  5.0313E-01  1.7077E+00  3.9665E-06  1.4898E+00  9.1815E-01  8.2591E-01 -9.1729E-01
  5.1509E-01  1.7477E+00  3.9740E-06  1.4789E+00  9.1641E-01  8.2321E-01 -9.1554E-01
  5.2706E-01  1.7877E+00  3.9830E-06  1.4679E+00  9.1465E-01  8.2064E-01 -9.1377E-01
  5.3902E-01  1.8277E+00  3.9930E-06  1.4570E+00  9.1287E-01  8.1810E-01 -9.1198E-01
  5.5128E-01  1.8687E+00  4.0040E-06  1.4458E+00  9.1103E-01  8.1549E-01 -9.1013E-01
  5.6324E-01  1.9087E+00  4.0153E-06  1.4350E+00  9.0922E-01  8.1293E-01 -9.0831E-01
  5.7520E-01  1.9487E+00  4.0271E-06  1.4241E+00  9.0740E-01  8.1036E-01 -9.0648E-01
  5.8716E-01  1.9887E+00  4.0393E-06  1.4133E+00  9.0556E-01  8.0776E-01 -9.0463E-01
  5.9912E-01  2.0287E+00  4.0519E-06  1.4025E+00  9.0370E-01  8.0516E-01 -9.0276E-01
  6.1108E-01  2.0687E+00  4.0649E-06  1.3917E+00  9.0185E-01  8.0946E-01 -9.0088E-01
  6.2304E-01  2.1087E+00  4.0781E-06  1.3809E+00  8.9997E-01  8.0684E-01 -8.9898E-01
  6.3500E-01  2.1487E+00  4.0917E-06  1.3702E+00  8.9807E-01  8.0421E-01 -8.9707E-01
  6.4726E-01  2.1897E+00  4.1058E-06  1.3592E+00  8.9610E-01  8.0149E-01 -8.9510E-01
  6.5922E-01  2.2297E+00  4.1198E-06  1.3485E+00  8.9417E-01  7.9882E-01 -8.9315E-01
  6.7118E-01  2.2697E+00  4.1340E-06  1.3379E+00  8.9222E-01  7.9613E-01 -8.9119E-01
  6.8314E-01  2.3097E+00  4.1485E-06  1.3272E+00  8.9025E-01  7.9342E-01 -8.8922E-01
  6.9510E-01  2.3497E+00  4.1633E-06  1.3166E+00  8.8827E-01  7.9071E-01 -8.8722E-01
  7.0707E-01  2.3897E+00  4.1782E-06  1.3060E+00  8.8628E-01  7.8797E-01 -8.8521E-01
  7.1903E-01  2.4297E+00  4.1934E-06  1.2954E+00  8.8426E-01  7.8522E-01 -8.8318E-01
  7.3129E-01  2.4707E+00  4.2093E-06  1.2846E+00  8.8218E-01  7.8239E-01 -8.8109E-01
  7.4325E-01  2.5107E+00  4.2249E-06  1.2741E+00  8.8013E-01  7.7960E-01 -8.7903E-01
  7.5521E-01  2.5507E+00  4.2408E-06  1.2636E+00  8.7806E-01  7.7680E-01 -8.7694E-01
  7.6717E-01  2.5907E+00  4.2568E-06  1.2531E+00  8.7597E-01  7.7398E-01 -8.7485E-01
  7.7913E-01  2.6307E+00  4.2731E-06  1.2427E+00  8.7387E-01  7.7113E-01 -8.7273E-01
  7.9109E-01  2.6707E+00  4.2896E-06  1.2322E+00  8.7175E-01  7.6827E-01 -8.7059E-01
  8.0305E-01  2.7107E+00  4.3063E-06  1.2218E+00  8.6960E-01  7.6540E-01 -8.6844E-01
  8.1501E-01  2.7507E+00  4.3231E-06  1.2115E+00  8.6744E-01  7.6250E-01 -8.6626E-01
  8.2727E-01  2.7917E+00  4.3406E-06  1.2009E+00  8.6521E-01  7.5952E-01 -8.6401E-01
  8.3923E-01  2.8317E+00  4.3579E-06  1.1906E+00  8.6301E-01  7.5659E-01 -8.6180E-01
  8.5119E-01  2.8717E+00  4.3754E-06  1.1803E+00  8.6079E-01  7.5365E-01 -8.5956E-01
  8.6315E-01  2.9117E+00  4.3930E-06  1.1700E+00  8.5855E-01  7.5068E-01 -8.5731E-01
  8.7511E-01  2.9517E+00  4.4108E-06  1.1598E+00  8.5629E-01  7.4771E-01 -8.5503E-01
  8.8708E-01  2.9917E+00  4.4288E-06  1.1495E+00  8.5401E-01  7.4471E-01 -8.5274E-01
  8.9904E-01  3.0317E+00  4.4470E-06  1.1394E+00  8.5171E-01  7.4170E-01 -8.5042E-01
  9.1130E-01  3.0727E+00  4.4658E-06  1.1290E+00  8.4933E-01  7.3860E-01 -8.4802E-01
  9.2326E-01  3.1127E+00  4.4843E-06  1.1188E+00  8.4698E-01  7.3556E-01 -8.4566E-01
  9.3522E-01  3.1527E+00  4.5029E-06  1.1087E+00  8.4461E-01  7.3250E-01 -8.4327E-01
  9.4718E-01  3.1927E+00  4.5217E-06  1.0987E+00  8.4222E-01  7.2941E-01 -8.4087E-01
  9.5914E-01  3.2327E+00  4.5406E-06  1.0886E+00  8.3981E-01  7.2631E-01 -8.3844E-01
  9.7110E-01  3.2727E+00  4.5597E-06  1.0786E+00  8.3737E-01  7.2320E-01 -8.3598E-01
  9.8306E-01  3.3127E+00  4.5790E-06  1.0686E+00  8.3491E-01  7.2006E-01 -8.3351E-01
  9.9502E-01  3.3527E+00  4.5983E-06  1.0587E+00  8.3243E-01  7.1691E-01 -8.3101E-01
  1.0073E+00  3.3937E+00  4.6183E-06  1.0485E+00  8.2986E-01  7.1366E-01 -8.2842E-01
  1.0192E+00  3.4337E+00  4.6379E-06  1.0386E+00  8.2733E-01  7.1047E-01 -8.2587E-01
  1.0312E+00  3.4737E+00  4.6576E-06  1.0288E+00  8.2477E-01  7.0726E-01 -8.2329E-01
  1.0432E+00  3.5137E+00  4.6774E-06  1.0189E+00  8.2219E-01  7.0404E-01 -8.2069E-01
  1.0551E+00  3.5537E+00  4.6973E-06  1.0091E+00  8.1958E-01  7.0080E-01 -8.1806E-01
  1.0671E+00  3.5937E+00  4.7172E-06  9.9937E-01  8.1695E-01  6.9754E-01 -8.1540E-01
  1.0790E+00  3.6337E+00  4.7372E-06  9.8964E-01  8.1429E-01  6.9426E-01 -8.1272E-01
  1.0910E+00  3.6737E+00  4.7572E-06  9.7993E-01  8.1160E-01  6.9097E-01 -8.1001E-01
  1.1033E+00  3.7147E+00  4.7778E-06  9.7002E-01  8.0881E-01  6.8757E-01 -8.0721E-01
  1.1152E+00  3.7547E+00  4.7978E-06  9.6039E-01  8.0607E-01  6.8425E-01 -8.0444E-01
  1.1272E+00  3.7947E+00  4.8178E-06  9.5079E-01  8.0330E-01  6.8092E-01 -8.0164E-01
  1.1391E+00  3.8347E+00  4.8378E-06  9.4122E-01  8.0050E-01  6.7756E-01 -7.9882E-01
  1.1511E+00  3.8747E+00  4.8577E-06  9.3168E-01  7.9767E-01  6.7419E-01 -7.9597E-01
  1.1631E+00  3.9147E+00  4.8776E-06  9.2218E-01  7.9480E-01  6.7080E-01 -7.9308E-01
  1.1750E+00  3.9547E+00  4.8975E-06  9.1272E-01  7.9191E-01  6.6740E-01 -7.9017E-01
  1.1873E+00  3.9957E+00  4.9178E-06  9.0305E-01  7.8892E-01  6.6390E-01 -7.8715E-01
  1.1993E+00  4.0357E+00  4.9375E-06  8.9366E-01  7.8597E-01  6.6047E-01 -7.8417E-01
  1.2112E+00  4.0757E+00  4.9571E-06  8.8430E-01  7.8298E-01  6.5704E-01 -7.8115E-01
  1.2232E+00  4.1157E+00  4.9765E-06  8.7498E-01  7.7996E-01  6.5360E-01 -7.7811E-01
  1.2351E+00  4.1557E+00  4.9958E-06  8.6569E-01  7.7691E-01  6.5014E-01 -7.7503E-01
  1.2471E+00  4.1957E+00  5.0150E-06  8.5644E-01  7.7383E-01  6.4668E-01 -7.7192E-01
  1.2591E+00  4.2357E+00  5.0339E-06  8.4723E-01  7.7071E-01  6.4320E-01 -7.6877E-01
  1.2710E+00  4.2757E+00  5.0526E-06  8.3806E-01  7.6756E-01  6.3973E-01 -7.6559E-01
  1.2833E+00  4.3167E+00  5.0716E-06  8.2870E-01  7.6429E-01  6.3615E-01 -7.6229E-01
  1.2952E+00  4.3567E+00  5.0899E-06  8.1960E-01  7.6106E-01  6.3266E-01 -7.5904E-01
  1.3072E+00  4.3967E+00  5.1078E-06  8.1054E-01  7.5780E-01  6.2916E-01 -7.5574E-01
  1.3192E+00  4.4367E+00  5.1255E-06  8.0153E-01  7.5450E-01  6.2565E-01 -7.5241E-01
  1.3311E+00  4.4767E+00  5.1430E-06  7.9255E-01  7.5117E-01  6.2213E-01 -7.4904E-01
  1.3431E+00  4.5167E+00  5.1601E-06  7.8361E-01  7.4779E-01  6.1861E-01 -7.4563E-01
  1.3550E+00  4.5567E+00  5.1769E-06  7.7472E-01  7.4438E-01  6.1509E-01 -7.4219E-01
  1.3670E+00  4.5967E+00  5.1934E-06  7.6587E-01  7.4093E-01  6.1157E-01 -7.3870E-01
  1.3793E+00  4.6377E+00  5.2098E-06  7.5683E-01  7.3734E-01  6.0795E-01 -7.3508E-01
  1.3912E+00  4.6777E+00  5.2254E-06  7.4807E-01  7.3381E-01  6.0442E-01 -7.3150E-01
  1.4032E+00  4.7177E+00  5.2406E-06  7.3934E-01  7.3023E-01  6.0089E-01 -7.2788E-01
  1.4151E+00  4.7577E+00  5.2552E-06  7.3066E-01  7.2661E-01  5.9737E-01 -7.2422E-01
  1.4271E+00  4.7977E+00  5.2693E-06  7.2202E-01  7.2294E-01  5.9385E-01 -7.2052E-01
  1.4391E+00  4.8377E+00  5.2828E-06  7.1343E-01  7.1923E-01  5.9033E-01 -7.1676E-01
  1.4510E+00  4.8777E+00  5.2957E-06  7.0488E-01  7.1548E-01  5.8683E-01 -7.1297E-01
  1.4633E+00  4.9187E+00  5.3081E-06  6.9617E-01  7.1158E-01  5.8324E-01 -7.0902E-01
  1.4752E+00  4.9587E+00  5.3196E-06  6.8771E-01  7.0773E-01  5.7975E-01 -7.0513E-01
  1.4872E+00  4.9987E+00  5.3303E-06  6.7931E-01  7.0383E-01  5.7628E-01 -7.0118E-01
  1.4992E+00  5.0387E+00  5.3402E-06  6.7095E-01  6.9989E-01  5.7282E-01 -6.9719E-01
  1.5111E+00  5.0787E+00  5.3492E-06  6.6263E-01  6.9589E-01  5.6938E-01 -6.9314E-01
  1.5231E+00  5.1187E+00  5.3573E-06  6.5437E-01  6.9185E-01  5.6595E-01 -6.8905E-01
  1.5351E+00  5.1587E+00  5.3645E-06  6.4616E-01  6.8775E-01  5.6255E-01 -6.8490E-01
  1.5470E+00  5.1987E+00  5.3708E-06  6.3799E-01  6.8360E-01  5.5917E-01 -6.8069E-01
  1.5593E+00  5.2397E+00  5.3760E-06  6.2968E-01  6.7930E-01  5.5572E-01 -6.7632E-01
  1.5712E+00  5.2797E+00  5.3801E-06  6.2162E-01  6.7504E-01  5.5240E-01 -6.7201E-01
  1.5832E+00  5.3197E+00  5.3829E-06  6.1361E-01  6.7073E-01  5.4910E-01 -6.6763E-01
  1.5952E+00  5.3597E+00  5.3845E-06  6.0565E-01  6.6636E-01  5.4585E-01 -6.6320E-01
  1.6071E+00  5.3997E+00  5.3847E-06  5.9775E-01  6.6193E-01  5.4263E-01 -6.5870E-01
  1.6191E+00  5.4397E+00  5.3836E-06  5.8990E-01  6.5745E-01  5.3945E-01 -6.5415E-01
  1.6310E+00  5.4797E+00  5.3810E-06  5.8210E-01  6.5290E-01  5.3631E-01 -6.4953E-01
  1.6433E+00  5.5207E+00  5.3768E-06  5.7417E-01  6.4818E-01  5.3314E-01 -6.4473E-01
  1.6553E+00  5.5607E+00  5.3711E-06  5.6649E-01  6.4351E-01  5.3009E-01 -6.3999E-01
  1.6672E+00  5.6007E+00  5.3637E-06  5.5887E-01  6.3878E-01  5.2710E-01 -6.3517E-01
  1.6792E+00  5.6407E+00  5.3546E-06  5.5130E-01  6.3399E-01  5.2417E-01 -6.3029E-01
  1.6911E+00  5.6807E+00  5.3436E-06  5.4380E-01  6.2913E-01  5.2130E-01 -6.2534E-01
  1.7031E+00  5.7207E+00  5.3308E-06  5.3635E-01  6.2420E-01  5.1850E-01 -6.2032E-01
  1.7151E+00  5.7607E+00  5.3160E-06  5.2896E-01  6.1921E-01  5.1577E-01 -6.1523E-01
  1.7270E+00  5.8007E+00  5.2993E-06  5.2164E-01  6.1415E-01  5.1313E-01 -6.1006E-01
  1.7393E+00  5.8417E+00  5.2801E-06  5.1419E-01  6.0889E-01  5.1051E-01 -6.0469E-01
  1.7512E+00  5.8817E+00  5.2593E-06  5.0700E-01  6.0369E-01  5.0806E-01 -5.9937E-01
  1.7632E+00  5.9217E+00  5.2365E-06  4.9986E-01  5.9841E-01  5.0570E-01 -5.9397E-01
  1.7752E+00  5.9617E+00  5.2116E-06  4.9279E-01  5.9307E-01  5.0344E-01 -5.8850E-01
  1.7871E+00  6.0017E+00  5.1848E-06  4.8579E-01  5.8765E-01  5.0130E-01 -5.8294E-01
  1.7991E+00  6.0417E+00  5.1560E-06  4.7885E-01  5.8215E-01  4.9928E-01 -5.7730E-01
  1.8110E+00  6.0817E+00  5.1254E-06  4.7199E-01  5.7658E-01  4.9738E-01 -5.7158E-01
  1.8230E+00  6.1217E+00  5.0932E-06  4.6519E-01  5.7093E-01  4.9561E-01 -5.6577E-01
  1.8353E+00  6.1627E+00  5.0586E-06  4.5829E-01  5.6506E-01  4.9393E-01 -5.5972E-01
  1.8472E+00  6.2027E+00  5.0237E-06  4.5163E-01  5.5925E-01  4.9243E-01 -5.5373E-01
  1.8592E+00  6.2427E+00  4.9877E-06  4.4505E-01  5.5336E-01  4.9107E-01 -5.4764E-01
  1.8712E+00  6.2827E+00  4.9507E-06  4.3854E-01  5.4739E-01  4.8986E-01 -5.4146E-01
  1.8831E+00  6.3227E+00  4.9130E-06  4.3210E-01  5.4134E-01  4.8881E-01 -5.3519E-01
  1.8951E+00  6.3627E+00  4.8748E-06  4.2574E-01  5.3520E-01  4.8792E-01 -5.2882E-01
  1.9070E+00  6.4027E+00  4.8361E-06  4.1946E-01  5.2898E-01  4.8719E-01 -5.2234E-01
  1.9193E+00  6.4437E+00  4.7960E-06  4.1310E-01  5.2252E-01  4.8661E-01 -5.1560E-01
  1.9313E+00  6.4837E+00  4.7563E-06  4.0697E-01  5.1613E-01  4.8621E-01 -5.0892E-01
  1.9432E+00  6.5237E+00  4.7159E-06  4.0093E-01  5.0965E-01  4.8599E-01 -5.0214E-01
  1.9552E+00  6.5637E+00  4.6746E-06  3.9496E-01  5.0309E-01  4.8593E-01 -4.9524E-01
  1.9671E+00  6.6037E+00  4.6320E-06  3.8909E-01  4.9643E-01  4.8606E-01 -4.8823E-01
  1.9791E+00  6.6437E+00  4.5876E-06  3.8329E-01  4.8970E-01  4.8636E-01 -4.8112E-01
  1.9911E+00  6.6837E+00  4.5407E-06  3.7758E-01  4.8287E-01  4.8684E-01 -4.7388E-01
  2.0030E+00  6.7237E+00  4.4906E-06  3.7196E-01  4.7596E-01  4.8748E-01 -4.6653E-01
  2.0153E+00  6.7647E+00  4.4354E-06  3.6629E-01  4.6878E-01  4.8832E-01 -4.5887E-01
  2.0272E+00  6.8047E+00  4.3768E-06  3.6085E-01  4.6169E-01  4.8931E-01 -4.5127E-01
  2.0392E+00  6.8447E+00  4.3124E-06  3.5550E-01  4.5452E-01  4.9046E-01 -4.4355E-01
  2.0512E+00  6.8847E+00  4.2414E-06  3.5024E-01  4.4725E-01  4.9176E-01 -4.3570E-01
  2.0631E+00  6.9247E+00  4.1628E-06  3.4508E-01  4.3990E-01  4.9320E-01 -4.2772E-01
  2.0751E+00  6.9647E+00  4.0759E-06  3.4002E-01  4.3247E-01  4.9479E-01 -4.1961E-01
  2.0870E+00  7.0047E+00  3.9801E-06  3.3505E-01  4.2495E-01  4.9650E-01 -4.1137E-01
  2.0990E+00  7.0447E+00  3.8750E-06  3.3018E-01  4.1735E-01  4.9832E-01 -4.0299E-01
  2.1113E+00  7.0857E+00  3.7570E-06  3.2530E-01  4.0948E-01  5.0030E-01 -3.9425E-01
  2.1232E+00  7.1257E+00  3.6318E-06  3.2063E-01  4.0172E-01  5.0231E-01 -3.8559E-01
  2.1352E+00  7.1657E+00  3.4969E-06  3.1608E-01  3.9388E-01  5.0440E-01 -3.7679E-01
  2.1471E+00  7.2057E+00  3.3523E-06  3.1162E-01  3.8598E-01  5.0656E-01 -3.6784E-01
  2.1591E+00  7.2457E+00  3.1983E-06  3.0728E-01  3.7800E-01  5.0876E-01 -3.5875E-01
  2.1711E+00  7.2857E+00  3.0363E-06  3.0305E-01  3.6996E-01  5.1098E-01 -3.4952E-01
  2.1830E+00  7.3257E+00  2.8671E-06  2.9892E-01  3.6187E-01  5.1321E-01 -3.4014E-01
  2.1953E+00  7.3667E+00  2.6875E-06  2.9482E-01  3.5351E-01  5.1549E-01 -3.3038E-01
  2.2072E+00  7.4067E+00  2.5067E-06  2.9092E-01  3.4530E-01  5.1769E-01 -3.2071E-01
  2.2192E+00  7.4467E+00  2.3217E-06  2.8715E-01  3.3706E-01  5.1985E-01 -3.1089E-01
  2.2312E+00  7.4867E+00  2.1333E-06  2.8349E-01  3.2877E-01  5.2195E-01 -3.0092E-01
  2.2431E+00  7.5267E+00  1.9416E-06  2.7995E-01  3.2045E-01  5.2397E-01 -2.9080E-01
  2.2551E+00  7.5667E+00  1.7482E-06  2.7654E-01  3.1212E-01  5.2589E-01 -2.8055E-01
  2.2671E+00  7.6067E+00  1.5545E-06  2.7325E-01  3.0377E-01  5.2771E-01 -2.7015E-01
  2.2790E+00  7.6467E+00  1.3611E-06  2.7008E-01  2.9542E-01  5.2939E-01 -2.5960E-01
  2.2913E+00  7.6877E+00  1.1631E-06  2.6697E-01  2.8688E-01  5.3098E-01 -2.4866E-01
  2.3032E+00  7.7277E+00  9.7083E-07  2.6406E-01  2.7856E-01  5.3237E-01 -2.3784E-01
  2.3152E+00  7.7677E+00  7.8051E-07  2.6128E-01  2.7028E-01  5.3358E-01 -2.2688E-01
  2.3272E+00  7.8077E+00  5.9320E-07  2.5864E-01  2.6206E-01  5.3462E-01 -2.1580E-01
  2.3391E+00  7.8477E+00  4.0998E-07  2.5612E-01  2.5393E-01  5.3550E-01 -2.0460E-01
  2.3511E+00  7.8877E+00  2.3157E-07  2.5375E-01  2.4587E-01  5.3616E-01 -1.9327E-01
  2.3630E+00  7.9277E+00  5.8406E-08  2.5150E-01  2.3792E-01  5.3657E-01 -1.8181E-01
  2.3753E+00  7.9687E+00 -1.1359E-07  2.4935E-01  2.2992E-01  5.3676E-01 -1.6996E-01
  2.3873E+00  8.0087E+00 -2.7628E-07  2.4739E-01  2.2232E-01  5.3677E-01 -1.5833E-01
  2.3992E+00  8.0487E+00 -4.3368E-07  2.4557E-01  2.1494E-01  5.3660E-01 -1.4661E-01
  2.4112E+00  8.0887E+00 -5.8530E-07  2.4388E-01  2.0777E-01  5.3615E-01 -1.3477E-01
  2.4231E+00  8.1287E+00 -7.3041E-07  2.4234E-01  2.0084E-01  5.3540E-01 -1.2282E-01
  2.4351E+00  8.1687E+00 -8.6811E-07  2.4095E-01  1.9422E-01  5.3437E-01 -1.1080E-01
  2.4471E+00  8.2087E+00 -9.9754E-07  2.3970E-01  1.8798E-01  5.3309E-01 -9.8714E-02
  2.4590E+00  8.2487E+00 -1.1183E-06  2.3859E-01  1.8217E-01  5.3161E-01 -8.6610E-02
  2.4713E+00  8.2897E+00 -1.2329E-06  2.3761E-01  1.7676E-01  5.2995E-01 -7.4214E-02
  2.4832E+00  8.3297E+00 -1.3358E-06  2.3679E-01  1.7201E-01  5.2810E-01 -6.2088E-02
  2.4952E+00  8.3697E+00 -1.4300E-06  2.3612E-01  1.6781E-01  5.2596E-01 -4.9909E-02
  2.5072E+00  8.4097E+00 -1.5158E-06  2.3560E-01  1.6422E-01  5.2352E-01 -3.7693E-02
  2.5191E+00  8.4497E+00 -1.5932E-06  2.3523E-01  1.6127E-01  5.2079E-01 -2.5459E-02
  2.5311E+00  8.4897E+00 -1.6625E-06  2.3500E-01  1.5904E-01  5.1779E-01 -1.3223E-02
  2.5430E+00  8.5297E+00 -1.7238E-06  2.3491E-01  1.5755E-01  5.1453E-01 -1.0019E-03
  2.5550E+00  8.5697E+00 -1.7774E-06  2.3497E-01  1.5684E-01  5.1104E-01  1.1191E-02
  2.5673E+00  8.6107E+00 -1.8243E-06  2.3519E-01  1.5693E-01  5.0725E-01  2.3644E-02
  2.5792E+00  8.6507E+00 -1.8623E-06  2.3555E-01  1.5781E-01  5.0337E-01  3.5733E-02
  2.5912E+00  8.6907E+00 -1.8929E-06  2.3605E-01  1.5947E-01  4.9933E-01  4.7745E-02
  2.6032E+00  8.7307E+00 -1.9162E-06  2.3669E-01  1.6188E-01  4.9514E-01  5.9679E-02
  2.6151E+00  8.7707E+00 -1.9323E-06  2.3748E-01  1.6497E-01  4.9078E-01  7.1550E-02
  2.6271E+00  8.8107E+00 -1.9413E-06  2.3840E-01  1.6873E-01  4.8623E-01  8.3348E-02
  2.6390E+00  8.8507E+00 -1.9434E-06  2.3947E-01  1.7308E-01  4.8153E-01  9.5066E-02
  2.6513E+00  8.8917E+00 -1.9382E-06  2.4071E-01  1.7811E-01  4.7655E-01  1.0698E-01
  2.6633E+00  8.9317E+00 -1.9262E-06  2.4206E-01  1.8352E-01  4.7156E-01  1.1851E-01
  2.6752E+00  8.9717E+00 -1.9073E-06  2.4355E-01  1.8936E-01  4.6645E-01  1.2992E-01
  2.6872E+00  9.0117E+00 -1.8819E-06  2.4517E-01  1.9558E-01  4.6124E-01  1.4121E-01
  2.6991E+00  9.0517E+00 -1.8500E-06  2.4693E-01  2.0215E-01  4.5596E-01  1.5239E-01
  2.7111E+00  9.0917E+00 -1.8115E-06  2.4882E-01  2.0899E-01  4.5060E-01  1.6343E-01
  2.7231E+00  9.1317E+00 -1.7668E-06  2.5084E-01  2.1609E-01  4.4520E-01  1.7435E-01
  2.7350E+00  9.1717E+00 -1.7160E-06  2.5299E-01  2.2339E-01  4.3978E-01  1.8512E-01
  2.7473E+00  9.2127E+00 -1.6578E-06  2.5533E-01  2.3106E-01  4.3422E-01  1.9603E-01
  2.7592E+00  9.2527E+00 -1.5952E-06  2.5774E-01  2.3869E-01  4.2881E-01  2.0653E-01
  2.7712E+00  9.2927E+00 -1.5269E-06  2.6027E-01  2.4644E-01  4.2344E-01  2.1688E-01
  2.7832E+00  9.3327E+00 -1.4531E-06  2.6293E-01  2.5428E-01  4.1811E-01  2.2710E-01
  2.7951E+00  9.3727E+00 -1.3738E-06  2.6570E-01  2.6220E-01  4.1285E-01  2.3719E-01
  2.8071E+00  9.4127E+00 -1.2893E-06  2.6860E-01  2.7017E-01  4.0768E-01  2.4713E-01
  2.8190E+00  9.4527E+00 -1.1996E-06  2.7162E-01  2.7818E-01  4.0263E-01  2.5693E-01
  2.8310E+00  9.4927E+00 -1.1048E-06  2.7475E-01  2.8621E-01  3.9770E-01  2.6660E-01
  2.8433E+00  9.5337E+00 -1.0023E-06  2.7808E-01  2.9445E-01  3.9280E-01  2.7636E-01
  2.8552E+00  9.5737E+00 -8.9732E-07  2.8144E-01  3.0248E-01  3.8819E-01  2.8575E-01
  2.8672E+00  9.6137E+00 -7.8744E-07  2.8491E-01  3.1051E-01  3.8378E-01  2.9500E-01
  2.8791E+00  9.6537E+00 -6.7275E-07  2.8850E-01  3.1850E-01  3.7958E-01  3.0412E-01
  2.8911E+00  9.6937E+00 -5.5334E-07  2.9219E-01  3.2647E-01  3.7562E-01  3.1310E-01
  2.9031E+00  9.7337E+00 -4.2941E-07  2.9599E-01  3.3440E-01  3.7190E-01  3.2196E-01
  2.9150E+00  9.7737E+00 -3.0107E-07  2.9989E-01  3.4228E-01  3.6845E-01  3.3068E-01
  2.9273E+00  9.8147E+00 -1.6513E-07  3.0400E-01  3.5031E-01  3.6522E-01  3.3949E-01
  2.9392E+00  9.8547E+00 -2.8310E-08  3.0812E-01  3.5809E-01  3.6238E-01  3.4795E-01
  2.9512E+00  9.8947E+00  1.1253E-07  3.1233E-01  3.6611E-01  3.5981E-01  3.5661E-01
  2.9632E+00  9.9347E+00  2.5747E-07  3.1667E-01  3.7847E-01  3.5750E-01  3.6966E-01
  2.9751E+00  9.9747E+00  4.0643E-07  3.2115E-01  3.8051E-01  3.5587E-01  3.7206E-01
  2.9871E+00  1.0015E+01  5.5557E-07  3.2477E-01  1.9508E-01  3.6422E-01  1.7780E-01
  2.9991E+00  1.0055E+01  7.0018E-07  3.2525E-01  8.7052E-02  3.5392E-01 -4.2512E-02
  3.0113E+00  1.0096E+01  8.5095E-07  3.2543E-01  1.4239E-01  3.5221E-01  1.2193E-01
  3.0232E+00  1.0136E+01  1.0002E-06  3.2731E-01  1.2318E-01  3.6003E-01  9.8828E-02
  3.0352E+00  1.0176E+01  1.1423E-06  3.2746E-01  7.1670E-02  3.5077E-01 -1.6543E-02
  3.0472E+00  1.0216E+01  1.2891E-06  3.2829E-01  1.8537E-01  3.5087E-01  1.7242E-01
  3.0591E+00  1.0256E+01  1.4348E-06  3.3007E-01  9.0228E-02  3.5908E-01  5.9123E-02
  3.0711E+00  1.0296E+01  1.5729E-06  3.3018E-01  6.8427E-02  3.5165E-01  2.1372E-02
  3.0831E+00  1.0336E+01  1.7181E-06  3.3159E-01  2.0297E-01  3.5359E-01  1.9264E-01
  3.0951E+00  1.0376E+01  1.8580E-06  3.3307E-01  7.0264E-02  3.5833E-01  3.0341E-02
  3.1070E+00  1.0416E+01  1.9918E-06  3.3331E-01  9.1804E-02  3.5499E-01  6.8419E-02
  3.1190E+00  1.0456E+01  2.1342E-06  3.3515E-01  1.9158E-01  3.6115E-01  1.8160E-01
  3.1313E+00  1.0497E+01  2.2692E-06  3.3626E-01  6.1273E-02  3.5879E-01  1.5625E-02
  3.1432E+00  1.0537E+01  2.3974E-06  3.3682E-01  1.3660E-01  3.5964E-01  1.2368E-01
  3.1552E+00  1.0577E+01  2.5305E-06  3.3888E-01  1.5465E-01  3.6971E-01  1.4316E-01
  3.1672E+00  1.0617E+01  2.6442E-06  3.3961E-01  5.9249E-02  3.6213E-01  1.9307E-02
  3.1792E+00  1.0657E+01  2.7518E-06  3.4056E-01  1.7418E-01  3.6553E-01  1.6516E-01
  3.1911E+00  1.0697E+01  2.8530E-06  3.4255E-01  1.1473E-01  3.7587E-01  1.0021E-01
  3.2031E+00  1.0737E+01  2.9339E-06  3.4305E-01  6.3125E-02  3.6643E-01  3.3912E-02
  3.2151E+00  1.0777E+01  3.0215E-06  3.4436E-01  1.8938E-01  3.6866E-01  1.8194E-01
  3.2271E+00  1.0817E+01  3.1098E-06  3.4600E-01  7.6298E-02  3.7573E-01  5.5294E-02
  3.2391E+00  1.0857E+01  3.1906E-06  3.4634E-01  7.3016E-02  3.7038E-01  5.2515E-02
  3.2510E+00  1.0897E+01  3.2864E-06  3.4787E-01  1.7474E-01  3.7640E-01  1.6724E-01
  3.2630E+00  1.0937E+01  3.3795E-06  3.4900E-01  5.3263E-02  3.7705E-01  1.8768E-02
  3.2753E+00  1.0978E+01  3.4724E-06  3.4932E-01  9.4278E-02  3.7649E-01  8.0682E-02
  3.2873E+00  1.1018E+01  3.5789E-06  3.5093E-01  1.3529E-01  3.8656E-01  1.2599E-01
  3.2993E+00  1.1058E+01  3.6771E-06  3.5151E-01  4.7563E-02  3.7919E-01 -2.4678E-03
  3.3112E+00  1.1098E+01  3.7782E-06  3.5194E-01  1.1557E-01  3.8184E-01  1.0559E-01
  3.3232E+00  1.1138E+01  3.8928E-06  3.5342E-01  9.0801E-02  3.9240E-01  7.7333E-02
  3.3352E+00  1.1178E+01  3.9959E-06  3.5360E-01  4.5962E-02  3.8277E-01 -5.7299E-03
  3.3472E+00  1.1218E+01  4.1076E-06  3.5424E-01  1.2963E-01  3.8619E-01  1.2146E-01
  3.3592E+00  1.1258E+01  4.2282E-06  3.5542E-01  5.5343E-02  3.9438E-01  3.1366E-02
  3.3711E+00  1.1298E+01  4.3375E-06  3.5537E-01  4.4283E-02  3.8761E-01  4.5127E-03
  3.3831E+00  1.1338E+01  4.4619E-06  3.5622E-01  1.2794E-01  3.9257E-01  1.2014E-01
  3.3951E+00  1.1378E+01  4.5906E-06  3.5702E-01  4.3832E-02  3.9630E-01 -2.0138E-03
  3.4071E+00  1.1418E+01  4.7139E-06  3.5692E-01  5.1358E-02  3.9564E-01  2.8072E-02
  3.4191E+00  1.1458E+01  4.8571E-06  3.5797E-01  1.1185E-01  4.0299E-01  1.0315E-01
  3.4310E+00  1.1498E+01  4.9939E-06  3.5842E-01  4.5166E-02  3.9760E-01 -1.6459E-02
  3.4430E+00  1.1538E+01  5.1242E-06  3.5848E-01  7.4113E-02  3.9915E-01  6.1347E-02
  3.4550E+00  1.1578E+01  5.2689E-06  3.5964E-01  8.6329E-02  4.0785E-01  7.5434E-02
  3.4673E+00  1.1619E+01  5.4007E-06  3.5981E-01  4.3332E-02  3.9884E-01 -1.5573E-02
  3.4793E+00  1.1659E+01  5.5305E-06  3.6018E-01  1.0240E-01  4.0271E-01  9.4149E-02
  3.4913E+00  1.1699E+01  5.6706E-06  3.6127E-01  5.7137E-02  4.1038E-01  4.0262E-02
  3.5033E+00  1.1739E+01  5.7920E-06  3.6127E-01  3.9232E-02  4.0254E-01 -1.9688E-03
  3.5152E+00  1.1779E+01  5.9227E-06  3.6194E-01  1.1636E-01  4.0645E-01  1.0961E-01
  3.5272E+00  1.1819E+01  6.0560E-06  3.6283E-01  4.1478E-02  4.1069E-01  1.4146E-02
  3.5392E+00  1.1859E+01  6.1728E-06  3.6281E-01  4.3582E-02  4.0723E-01  2.1147E-02
  3.5512E+00  1.1899E+01  6.3047E-06  3.6375E-01  1.1290E-01  4.1300E-01  1.0624E-01
  3.5632E+00  1.1939E+01  6.4300E-06  3.6436E-01  3.7636E-02  4.1112E-01 -2.5690E-03
  3.5752E+00  1.1979E+01  6.5445E-06  3.6444E-01  6.1906E-02  4.1231E-01  4.9528E-02
  3.5871E+00  1.2019E+01  6.6763E-06  3.6554E-01  9.4132E-02  4.2035E-01  8.6362E-02
  3.5991E+00  1.2059E+01  6.7934E-06  3.6589E-01  3.7109E-02  4.1251E-01 -7.8015E-03
  3.6111E+00  1.2099E+01  6.9078E-06  3.6616E-01  8.5974E-02  4.1709E-01  7.7976E-02
  3.6231E+00  1.2139E+01  7.0371E-06  3.6727E-01  6.8869E-02  4.2488E-01  5.8402E-02
  3.6351E+00  1.2179E+01  7.1469E-06  3.6743E-01  3.5294E-02  4.1570E-01 -1.8737E-03
  3.6471E+00  1.2219E+01  7.2631E-06  3.6796E-01  1.0485E-01  4.1968E-01  9.8776E-02
  3.6591E+00  1.2259E+01  7.3873E-06  3.6894E-01  4.6902E-02  4.2519E-01  3.0946E-02
  3.6710E+00  1.2299E+01  7.4918E-06  3.6900E-01  3.6774E-02  4.1922E-01  1.3264E-02
  3.6830E+00  1.2339E+01  7.6103E-06  3.6980E-01  1.1014E-01  4.2357E-01  1.0467E-01
  3.6950E+00  1.2379E+01  7.7272E-06  3.7055E-01  3.5587E-02  4.2458E-01  1.0556E-02
  3.7070E+00  1.2419E+01  7.8290E-06  3.7063E-01  4.9048E-02  4.2359E-01  3.5844E-02
  3.7193E+00  1.2460E+01  7.9521E-06  3.7165E-01  9.8001E-02  4.3062E-01  9.2030E-02
  3.7313E+00  1.2500E+01  8.0603E-06  3.7212E-01  3.2840E-02  4.2454E-01 -7.8119E-04
  3.7433E+00  1.2540E+01  8.1622E-06  3.7235E-01  7.2600E-02  4.2790E-01  6.4820E-02
  3.7553E+00  1.2580E+01  8.2819E-06  3.7342E-01  7.5980E-02  4.3550E-01  6.8459E-02
  3.7672E+00  1.2620E+01  8.3826E-06  3.7368E-01  3.1867E-02  4.2596E-01 -5.3574E-04
  3.7792E+00  1.2660E+01  8.4863E-06  3.7411E-01  9.2647E-02  4.3032E-01  8.7006E-02
  3.7912E+00  1.2700E+01  8.6022E-06  3.7511E-01  5.3066E-02  4.3629E-01  4.2355E-02
  3.8032E+00  1.2740E+01  8.6971E-06  3.7524E-01  3.2401E-02  4.2853E-01  9.3198E-03
  3.8152E+00  1.2780E+01  8.8037E-06  3.7591E-01  1.0325E-01  4.3247E-01  9.8487E-02
  3.8272E+00  1.2820E+01  8.9132E-06  3.7674E-01  3.7102E-02  4.3514E-01  2.0555E-02
  3.8392E+00  1.2860E+01  9.0047E-06  3.7684E-01  4.0713E-02  4.3218E-01  2.7166E-02
  3.8511E+00  1.2900E+01  9.1140E-06  3.7772E-01  9.9612E-02  4.3746E-01  9.4857E-02
  3.8631E+00  1.2940E+01  9.2158E-06  3.7831E-01  3.0546E-02  4.3433E-01  6.3117E-03
  3.8751E+00  1.2980E+01  9.3063E-06  3.7849E-01  5.7810E-02  4.3627E-01  4.9605E-02
  3.8871E+00  1.3020E+01  9.4166E-06  3.7948E-01  8.3446E-02  4.4331E-01  7.7905E-02
  3.8991E+00  1.3060E+01  9.5105E-06  3.7985E-01  2.9049E-02  4.3465E-01  1.4378E-03
  3.9111E+00  1.3100E+01  9.6026E-06  3.8018E-01  7.7917E-02  4.3922E-01  7.2314E-02
  3.9231E+00  1.3140E+01  9.7111E-06  3.8118E-01  6.1755E-02  4.4565E-01  5.4424E-02
  3.9351E+00  1.3180E+01  9.7987E-06  3.8138E-01  2.8858E-02  4.3622E-01  5.8159E-03
  3.9471E+00  1.3220E+01  9.8940E-06  3.8192E-01  9.3198E-02  4.4049E-01  8.8808E-02
  3.9590E+00  1.3260E+01  9.9978E-06  3.8280E-01  4.2254E-02  4.4464E-01  3.1389E-02
  3.9710E+00  1.3300E+01  1.0081E-05  3.8293E-01  3.2953E-02  4.3898E-01  1.7955E-02
  3.9830E+00  1.3340E+01  1.0180E-05  3.8367E-01  9.6996E-02  4.4313E-01  9.2973E-02
  3.9950E+00  1.3380E+01  1.0277E-05  3.8436E-01  3.0845E-02  4.4297E-01  1.4188E-02
  4.0073E+00  1.3421E+01  1.0361E-05  3.8451E-01  4.7325E-02  4.4220E-01  3.8830E-02
  4.0193E+00  1.3461E+01  1.0462E-05  3.8542E-01  8.6131E-02  4.4833E-01  8.1722E-02
  4.0313E+00  1.3501E+01  1.0551E-05  3.8587E-01  2.6912E-02  4.4131E-01  4.5380E-03
  4.0433E+00  1.3541E+01  1.0634E-05  3.8614E-01  6.5945E-02  4.4553E-01  6.0378E-02
  4.0552E+00  1.3581E+01  1.0736E-05  3.8709E-01  6.7077E-02  4.5205E-01  6.1537E-02
  4.0672E+00  1.3621E+01  1.0818E-05  3.8736E-01  2.6253E-02  4.4203E-01  4.5692E-03
  4.0792E+00  1.3661E+01  1.0903E-05  3.8779E-01  8.2767E-02  4.4691E-01  7.8611E-02
  4.0912E+00  1.3701E+01  1.1002E-05  3.8869E-01  4.7147E-02  4.5169E-01  3.9349E-02
  4.1032E+00  1.3741E+01  1.1079E-05  3.8885E-01  2.8319E-02  4.4403E-01  1.2756E-02
  4.1152E+00  1.3781E+01  1.1169E-05  3.8948E-01  9.1301E-02  4.4798E-01  8.7728E-02
  4.1272E+00  1.3821E+01  1.1262E-05  3.9022E-01  3.2685E-02  4.4959E-01  2.0840E-02
  4.1392E+00  1.3861E+01  1.1338E-05  3.9035E-01  3.7254E-02  4.4730E-01  2.7789E-02
  4.1512E+00  1.3901E+01  1.1432E-05  3.9115E-01  8.7627E-02  4.5234E-01  8.4016E-02
  4.1631E+00  1.3941E+01  1.1520E-05  3.9169E-01  2.5998E-02  4.4883E-01  8.7090E-03
  4.1751E+00  1.3981E+01  1.1600E-05  3.9189E-01  5.2739E-02  4.5293E-01  4.6707E-02
  4.1871E+00  1.4021E+01  1.1704E-05  3.9278E-01  7.3156E-02  4.6011E-01  6.8861E-02
  4.1991E+00  1.4061E+01  1.1799E-05  3.9313E-01  2.4264E-02  4.4990E-01  3.9538E-03
  4.2111E+00  1.4101E+01  1.1900E-05  3.9344E-01  6.8994E-02  4.5382E-01  6.4707E-02
  4.2231E+00  1.4141E+01  1.2022E-05  3.9431E-01  5.2553E-02  4.5896E-01  4.6734E-02
  4.2351E+00  1.4181E+01  1.2126E-05  3.9449E-01  2.3917E-02  4.4893E-01  5.3746E-03
  4.2471E+00  1.4221E+01  1.2240E-05  3.9496E-01  7.9219E-02  4.5341E-01  7.5700E-02
  4.2591E+00  1.4261E+01  1.2364E-05  3.9569E-01  3.3525E-02  4.5688E-01  2.4046E-02
  4.2710E+00  1.4301E+01  1.2467E-05  3.9576E-01  2.6261E-02  4.5133E-01  1.2897E-02
  4.2830E+00  1.4341E+01  1.2587E-05  3.9637E-01  7.9089E-02  4.5545E-01  7.5696E-02
  4.2950E+00  1.4381E+01  1.2704E-05  3.9690E-01  2.3575E-02  4.5449E-01  6.3611E-03
  4.3070E+00  1.4421E+01  1.2807E-05  3.9695E-01  3.4361E-02  4.5483E-01  2.5946E-02
  4.3190E+00  1.4461E+01  1.2929E-05  3.9765E-01  6.7907E-02  4.6049E-01  6.4017E-02
  4.3313E+00  1.4502E+01  1.3042E-05  3.9795E-01  2.2595E-02  4.5308E-01 -4.6262E-03
  4.3433E+00  1.4542E+01  1.3145E-05  3.9808E-01  4.9093E-02  4.5804E-01  4.3796E-02
  4.3553E+00  1.4582E+01  1.3268E-05  3.9879E-01  4.7623E-02  4.6394E-01  4.2066E-02
  4.3673E+00  1.4622E+01  1.3369E-05  3.9889E-01  2.2744E-02  4.5355E-01 -6.9516E-03
  4.3793E+00  1.4662E+01  1.3474E-05  3.9914E-01  6.0950E-02  4.5913E-01  5.6932E-02
  4.3912E+00  1.4702E+01  1.3591E-05  3.9976E-01  3.0118E-02  4.6386E-01  2.0730E-02
  4.4032E+00  1.4742E+01  1.3682E-05  3.9974E-01  2.1444E-02  4.5796E-01 -1.3439E-03
  4.4152E+00  1.4782E+01  1.3782E-05  4.0014E-01  6.6712E-02  4.6242E-01  6.3164E-02
  4.4272E+00  1.4822E+01  1.3878E-05  4.0062E-01  2.1719E-02  4.6188E-01  4.2315E-03
  4.4392E+00  1.4862E+01  1.3950E-05  4.0058E-01  2.4073E-02  4.5917E-01  1.1743E-02
  4.4512E+00  1.4902E+01  1.4038E-05  4.0112E-01  6.3093E-02  4.6294E-01  5.9476E-02
  4.4632E+00  1.4942E+01  1.4115E-05  4.0143E-01  2.1496E-02  4.5795E-01 -5.8354E-03
  4.4752E+00  1.4982E+01  1.4181E-05  4.0144E-01  3.5309E-02  4.6181E-01  2.8599E-02
  4.4872E+00  1.5022E+01  1.4267E-05  4.0207E-01  5.0823E-02  4.6702E-01  4.6363E-02
  4.4991E+00  1.5062E+01  1.4336E-05  4.0221E-01  2.2123E-02  4.5737E-01 -8.9219E-03
  4.5111E+00  1.5102E+01  1.4403E-05  4.0235E-01  4.9809E-02  4.6346E-01  4.5453E-02
  4.5231E+00  1.5142E+01  1.4488E-05  4.0297E-01  3.5331E-02  4.6762E-01  2.8822E-02
  4.5351E+00  1.5182E+01  1.4551E-05  4.0299E-01  2.0531E-02  4.5835E-01 -5.1069E-03
  4.5471E+00  1.5222E+01  1.4623E-05  4.0329E-01  6.0673E-02  4.6303E-01  5.7296E-02
  4.5591E+00  1.5262E+01  1.4703E-05  4.0382E-01  2.3226E-02  4.6517E-01  1.1923E-02
  4.5711E+00  1.5302E+01  1.4763E-05  4.0379E-01  2.0117E-02  4.6072E-01  4.5378E-03
  4.5831E+00  1.5342E+01  1.4839E-05  4.0424E-01  6.2773E-02  4.6432E-01  5.9623E-02
  4.5951E+00  1.5382E+01  1.4913E-05  4.0462E-01  1.9442E-02  4.6250E-01 -4.6426E-04
  4.6071E+00  1.5422E+01  1.4972E-05  4.0461E-01  2.7102E-02  4.6489E-01  1.8927E-02
  4.6190E+00  1.5462E+01  1.5052E-05  4.0518E-01  5.5247E-02  4.6946E-01  5.1699E-02
  4.6310E+00  1.5502E+01  1.5119E-05  4.0540E-01  2.0192E-02  4.6189E-01 -6.7169E-03
  4.6430E+00  1.5542E+01  1.5179E-05  4.0547E-01  4.0254E-02  4.6762E-01  3.5408E-02
  4.6550E+00  1.5582E+01  1.5260E-05  4.0608E-01  4.1400E-02  4.7216E-01  3.6664E-02
  4.6670E+00  1.5622E+01  1.5321E-05  4.0616E-01  1.9882E-02  4.6199E-01 -6.7813E-03
  4.6793E+00  1.5663E+01  1.5387E-05  4.0638E-01  5.4226E-02  4.6769E-01  5.0863E-02
  4.6913E+00  1.5703E+01  1.5465E-05  4.0693E-01  2.6139E-02  4.7042E-01  1.8155E-02
  4.7033E+00  1.5743E+01  1.5521E-05  4.0692E-01  1.8418E-02  4.6375E-01  4.6216E-04
  4.7153E+00  1.5783E+01  1.5591E-05  4.0730E-01  6.0047E-02  4.6745E-01  5.7142E-02
  4.7273E+00  1.5823E+01  1.5664E-05  4.0773E-01  1.8901E-02  4.6741E-01  4.5477E-03
  4.7392E+00  1.5863E+01  1.5718E-05  4.0771E-01  2.2095E-02  4.6680E-01  1.2529E-02
  4.7512E+00  1.5903E+01  1.5792E-05  4.0821E-01  5.6529E-02  4.7067E-01  5.3502E-02
  4.7632E+00  1.5943E+01  1.5858E-05  4.0849E-01  1.8397E-02  4.6531E-01 -4.0907E-03
  4.7752E+00  1.5983E+01  1.5914E-05  4.0853E-01  3.2871E-02  4.7005E-01  2.7503E-02
  4.7872E+00  1.6023E+01  1.5990E-05  4.0910E-01  4.5324E-02  4.7451E-01  4.1563E-02
  4.7992E+00  1.6063E+01  1.6049E-05  4.0923E-01  1.8792E-02  4.6468E-01 -6.6011E-03
  4.8112E+00  1.6103E+01  1.6108E-05  4.0938E-01  4.5881E-02  4.7131E-01  4.2314E-02
  4.8232E+00  1.6143E+01  1.6183E-05  4.0994E-01  3.1435E-02  4.7458E-01  2.5931E-02
  4.8352E+00  1.6183E+01  1.6237E-05  4.0997E-01  1.7581E-02  4.6563E-01 -3.0007E-03
  4.8472E+00  1.6223E+01  1.6300E-05  4.1026E-01  5.5279E-02  4.7036E-01  5.2470E-02
  4.8592E+00  1.6263E+01  1.6372E-05  4.1074E-01  2.0571E-02  4.7177E-01  1.1033E-02
  4.8711E+00  1.6303E+01  1.6423E-05  4.1072E-01  1.8061E-02  4.6803E-01  5.7700E-03
  4.8831E+00  1.6343E+01  1.6491E-05  4.1114E-01  5.6690E-02  4.7135E-01  5.4035E-02
  4.8951E+00  1.6383E+01  1.6556E-05  4.1149E-01  1.6966E-02  4.6893E-01  2.1509E-04
  4.9071E+00  1.6423E+01  1.6607E-05  4.1149E-01  2.5255E-02  4.7140E-01  1.8724E-02
  4.9191E+00  1.6463E+01  1.6679E-05  4.1201E-01  4.9545E-02  4.7541E-01  4.6534E-02
  4.9311E+00  1.6503E+01  1.6737E-05  4.1222E-01  1.7399E-02  4.6744E-01 -5.1254E-03
  4.9431E+00  1.6543E+01  1.6791E-05  4.1230E-01  3.7399E-02  4.7392E-01  3.3434E-02
  4.9551E+00  1.6583E+01  1.6863E-05  4.1285E-01  3.6945E-02  4.7764E-01  3.2900E-02
  4.9671E+00  1.6623E+01  1.6916E-05  4.1293E-01  1.7087E-02  4.6753E-01 -4.9472E-03
  4.9791E+00  1.6663E+01  1.6973E-05  4.1313E-01  4.8734E-02  4.7370E-01  4.5863E-02
  4.9910E+00  1.6703E+01  1.7043E-05  4.1364E-01  2.4380E-02  4.7586E-01  1.7972E-02
  5.0030E+00  1.6743E+01  1.7091E-05  4.1365E-01  1.6123E-02  4.6791E-01  8.2656E-04
  5.0150E+00  1.6783E+01  1.7153E-05  4.1399E-01  5.4418E-02  4.7163E-01  5.1967E-02
  5.0270E+00  1.6823E+01  1.7218E-05  4.1439E-01  1.6988E-02  4.7142E-01  5.5423E-03
  5.0390E+00  1.6863E+01  1.7266E-05  4.1438E-01  1.9585E-02  4.7092E-01  1.1372E-02
  5.0513E+00  1.6904E+01  1.7334E-05  4.1486E-01  5.1002E-02  4.7471E-01  4.8429E-02
  5.0633E+00  1.6944E+01  1.7392E-05  4.1511E-01  1.6023E-02  4.6885E-01 -3.1342E-03
  5.0753E+00  1.6984E+01  1.7440E-05  4.1515E-01  3.0705E-02  4.7445E-01  2.6321E-02
  5.0873E+00  1.7024E+01  1.7509E-05  4.1568E-01  4.0624E-02  4.7820E-01  3.7399E-02
  5.0993E+00  1.7064E+01  1.7561E-05  4.1580E-01  1.6281E-02  4.6820E-01 -5.1474E-03
  5.1113E+00  1.7104E+01  1.7614E-05  4.1595E-01  4.2504E-02  4.7535E-01  3.9539E-02
  5.1232E+00  1.7144E+01  1.7682E-05  4.1646E-01  2.8025E-02  4.7785E-01  2.3277E-02
  5.1352E+00  1.7184E+01  1.7730E-05  4.1649E-01  1.5332E-02  4.6930E-01 -1.6692E-03
  5.1472E+00  1.7224E+01  1.7789E-05  4.1677E-01  5.0718E-02  4.7432E-01  4.8346E-02
  5.1592E+00  1.7264E+01  1.7857E-05  4.1720E-01  1.8271E-02  4.7617E-01  9.9639E-03
  5.1712E+00  1.7304E+01  1.7909E-05  4.1720E-01  1.6513E-02  4.7590E-01  6.4070E-03
  5.1832E+00  1.7344E+01  1.7985E-05  4.1759E-01  5.1465E-02  4.8222E-01  4.9122E-02
  5.1952E+00  1.7384E+01  1.8068E-05  4.1790E-01  1.5163E-02  4.7870E-01 -3.0252E-05
  5.2072E+00  1.7424E+01  1.8148E-05  4.1791E-01  2.2954E-02  4.7820E-01  1.7320E-02
  5.2192E+00  1.7464E+01  1.8256E-05  4.1837E-01  4.3097E-02  4.7995E-01  4.0383E-02
  5.2312E+00  1.7504E+01  1.8355E-05  4.1853E-01  1.6165E-02  4.7072E-01 -6.7499E-03
  5.2431E+00  1.7544E+01  1.8452E-05  4.1858E-01  3.1750E-02  4.7735E-01  2.8080E-02
  5.2551E+00  1.7584E+01  1.8568E-05  4.1904E-01  2.9148E-02  4.8100E-01  2.5070E-02
  5.2671E+00  1.7624E+01  1.8664E-05  4.1905E-01  1.7174E-02  4.7056E-01 -9.2479E-03
  5.2791E+00  1.7664E+01  1.8765E-05  4.1918E-01  3.8992E-02  4.7682E-01  3.6158E-02
  5.2911E+00  1.7704E+01  1.8878E-05  4.1956E-01  1.6952E-02  4.7890E-01  8.6209E-03
  5.3031E+00  1.7744E+01  1.8969E-05  4.1947E-01  1.5824E-02  4.7225E-01 -6.7330E-03
  5.3151E+00  1.7784E+01  1.9073E-05  4.1969E-01  4.0935E-02  4.7596E-01  3.8330E-02
  5.3271E+00  1.7824E+01  1.9179E-05  4.1994E-01  1.5263E-02  4.7550E-01 -5.3501E-03
  5.3391E+00  1.7864E+01  1.9266E-05  4.1981E-01  1.4222E-02  4.7542E-01  1.9138E-04
  5.3511E+00  1.7904E+01  1.9371E-05  4.2009E-01  3.5579E-02  4.7883E-01  3.2593E-02
  5.3631E+00  1.7944E+01  1.9467E-05  4.2018E-01  2.0625E-02  4.7327E-01 -1.5111E-02
  5.3750E+00  1.7984E+01  1.9551E-05  4.2006E-01  1.7243E-02  4.7940E-01  9.8519E-03
  5.3870E+00  1.8024E+01  1.9652E-05  4.2038E-01  2.5006E-02  4.8427E-01  2.0553E-02
  5.3990E+00  1.8064E+01  1.9732E-05  4.2032E-01  2.3742E-02  4.7768E-01 -1.9186E-02
  5.4110E+00  1.8104E+01  1.9805E-05  4.2027E-01  2.4935E-02  4.8804E-01  2.0480E-02
  5.4230E+00  1.8144E+01  1.9885E-05  4.2056E-01  1.5766E-02  4.8792E-01  6.9134E-03
  5.4350E+00  1.8184E+01  1.9935E-05  4.2042E-01  2.1624E-02  4.7599E-01 -1.6682E-02
  5.4473E+00  1.8225E+01  1.9990E-05  4.2049E-01  3.2390E-02  4.7888E-01  2.9311E-02
  5.4593E+00  1.8265E+01  2.0048E-05  4.2070E-01  1.5109E-02  4.7834E-01 -6.3356E-03
  5.4713E+00  1.8305E+01  2.0085E-05  4.2052E-01  1.5929E-02  4.7616E-01 -8.3093E-03
  5.4833E+00  1.8345E+01  2.0138E-05  4.2071E-01  3.2820E-02  4.7869E-01  2.9865E-02
  5.4953E+00  1.8385E+01  2.0187E-05  4.2081E-01  1.9839E-02  4.7525E-01 -1.4575E-02
  5.5072E+00  1.8425E+01  2.0223E-05  4.2065E-01  1.3802E-02  4.7959E-01  2.7753E-03
  5.5192E+00  1.8465E+01  2.0278E-05  4.2092E-01  2.6815E-02  4.8221E-01  2.3142E-02
  5.5312E+00  1.8505E+01  2.0321E-05  4.2090E-01  2.2582E-02  4.7387E-01 -1.8282E-02
  5.5432E+00  1.8545E+01  2.0359E-05  4.2082E-01  2.0143E-02  4.8169E-01  1.5026E-02
  5.5552E+00  1.8585E+01  2.0415E-05  4.2110E-01  1.7872E-02  4.8353E-01  1.1804E-02
  5.5672E+00  1.8625E+01  2.0452E-05  4.2099E-01  2.1835E-02  4.7415E-01 -1.7467E-02
  5.5792E+00  1.8665E+01  2.0495E-05  4.2101E-01  2.8281E-02  4.8063E-01  2.4998E-02
  5.5912E+00  1.8705E+01  2.0549E-05  4.2126E-01  1.3197E-02  4.8119E-01 -1.8736E-04
  5.6032E+00  1.8745E+01  2.0583E-05  4.2109E-01  1.7774E-02  4.7724E-01 -1.2089E-02
  5.6152E+00  1.8785E+01  2.0630E-05  4.2122E-01  3.2172E-02  4.8046E-01  2.9399E-02
  5.6272E+00  1.8825E+01  2.0680E-05  4.2138E-01  1.6318E-02  4.7912E-01 -9.8848E-03
  5.6391E+00  1.8865E+01  2.0712E-05  4.2122E-01  1.3275E-02  4.8045E-01 -2.8680E-03
  5.6511E+00  1.8905E+01  2.0764E-05  4.2144E-01  2.9462E-02  4.8279E-01  2.6449E-02
  5.6631E+00  1.8945E+01  2.0808E-05  4.2149E-01  2.0410E-02  4.7694E-01 -1.5921E-02
  5.6751E+00  1.8985E+01  2.0842E-05  4.2136E-01  1.5425E-02  4.8363E-01  8.4646E-03
  5.6871E+00  1.9025E+01  2.0896E-05  4.2164E-01  2.1756E-02  4.8573E-01  1.7513E-02
  5.6991E+00  1.9065E+01  2.0934E-05  4.2158E-01  2.1519E-02  4.7632E-01 -1.7441E-02
  5.7111E+00  1.9105E+01  2.0972E-05  4.2154E-01  2.3341E-02  4.8422E-01  1.9543E-02
  5.7231E+00  1.9145E+01  2.1025E-05  4.2181E-01  1.4102E-02  4.8505E-01  6.0414E-03
  5.7351E+00  1.9185E+01  2.1058E-05  4.2168E-01  1.9082E-02  4.7737E-01 -1.4428E-02
  5.7471E+00  1.9225E+01  2.1101E-05  4.2175E-01  2.9745E-02  4.8221E-01  2.6960E-02
  5.7591E+00  1.9265E+01  2.1151E-05  4.2195E-01  1.3392E-02  4.8192E-01 -4.7626E-03
  5.7710E+00  1.9305E+01  2.1182E-05  4.2179E-01  1.4533E-02  4.7995E-01 -7.5604E-03
  5.7830E+00  1.9345E+01  2.1230E-05  4.2197E-01  3.0498E-02  4.8229E-01  2.7850E-02
  5.7950E+00  1.9385E+01  2.1274E-05  4.2207E-01  1.7532E-02  4.7903E-01 -1.2493E-02
  5.8070E+00  1.9425E+01  2.1306E-05  4.2193E-01  1.2595E-02  4.8344E-01  2.4136E-03
  5.8190E+00  1.9465E+01  2.1357E-05  4.2217E-01  2.5268E-02  4.8551E-01  2.2031E-02
  5.8310E+00  1.9505E+01  2.1396E-05  4.2217E-01  2.0189E-02  4.7761E-01 -1.6142E-02
  5.8433E+00  1.9546E+01  2.1431E-05  4.2210E-01  1.9254E-02  4.8566E-01  1.4830E-02
  5.8553E+00  1.9586E+01  2.1483E-05  4.2237E-01  1.6187E-02  4.8676E-01  1.0559E-02
  5.8673E+00  1.9626E+01  2.1516E-05  4.2227E-01  1.9489E-02  4.7789E-01 -1.5359E-02
  5.8793E+00  1.9666E+01  2.1555E-05  4.2229E-01  2.6644E-02  4.8429E-01  2.3732E-02
  5.8913E+00  1.9706E+01  2.1604E-05  4.2252E-01  1.2078E-02  4.8427E-01 -3.5242E-04
  5.9032E+00  1.9746E+01  2.1635E-05  4.2238E-01  1.5710E-02  4.7984E-01 -1.0241E-02
  5.9152E+00  1.9786E+01  2.1679E-05  4.2250E-01  2.9871E-02  4.8280E-01  2.7378E-02
  5.9272E+00  1.9826E+01  2.1724E-05  4.2265E-01  1.4931E-02  4.8104E-01 -9.0674E-03
  5.9392E+00  1.9866E+01  2.1753E-05  4.2250E-01  1.1978E-02  4.8313E-01 -1.6388E-03
  5.9512E+00  1.9906E+01  2.1801E-05  4.2272E-01  2.7028E-02  4.8505E-01  2.4280E-02
  5.9632E+00  1.9946E+01  2.1841E-05  4.2276E-01  1.8540E-02  4.7899E-01 -1.4395E-02
  5.9752E+00  1.9986E+01  2.1872E-05  4.2266E-01  1.4739E-02  4.8622E-01  8.8137E-03
  5.9872E+00  2.0026E+01  2.1922E-05  4.2291E-01  1.9766E-02  4.8765E-01  1.5848E-02
  5.9992E+00  2.0066E+01  2.1956E-05  4.2286E-01  1.9391E-02  4.7849E-01 -1.5578E-02
  6.0112E+00  2.0106E+01  2.1991E-05  4.2284E-01  2.2192E-02  4.8528E-01  1.8877E-02
  6.0232E+00  2.0146E+01  2.2040E-05  4.2308E-01  1.2780E-02  4.8546E-01  5.2849E-03
  6.0351E+00  2.0186E+01  2.2070E-05  4.2297E-01  1.7012E-02  4.7840E-01 -1.2608E-02
  6.0471E+00  2.0226E+01  2.2110E-05  4.2304E-01  2.7872E-02  4.8305E-01  2.5392E-02
  6.0591E+00  2.0266E+01  2.2156E-05  4.2323E-01  1.2303E-02  4.8229E-01 -4.5282E-03
  6.0711E+00  2.0306E+01  2.2184E-05  4.2308E-01  1.2906E-02  4.8109E-01 -6.1142E-03
  6.0831E+00  2.0346E+01  2.2228E-05  4.2325E-01  2.8209E-02  4.8312E-01  2.5813E-02
  6.0951E+00  2.0386E+01  2.2269E-05  4.2335E-01  1.6058E-02  4.7951E-01 -1.1453E-02
  6.1071E+00  2.0426E+01  2.2298E-05  4.2322E-01  1.1769E-02  4.8461E-01  3.1811E-03
  6.1191E+00  2.0466E+01  2.2346E-05  4.2346E-01  2.3106E-02  4.8616E-01  2.0136E-02
  6.1311E+00  2.0506E+01  2.2382E-05  4.2345E-01  1.8351E-02  4.7827E-01 -1.4606E-02
  6.1431E+00  2.0546E+01  2.2414E-05  4.2339E-01  1.7571E-02  4.8685E-01  1.3483E-02
  6.1551E+00  2.0586E+01  2.2465E-05  4.2364E-01  1.5460E-02  4.8809E-01  1.0591E-02
  6.1671E+00  2.0626E+01  2.2501E-05  4.2356E-01  1.7833E-02  4.8158E-01 -1.3980E-02
  6.1790E+00  2.0666E+01  2.2546E-05  4.2358E-01  2.4548E-02  4.9178E-01  2.1809E-02
  6.1910E+00  2.0706E+01  2.2610E-05  4.2379E-01  1.1254E-02  4.9246E-01  3.2118E-04
  6.2030E+00  2.0746E+01  2.2664E-05  4.2366E-01  1.4811E-02  4.8480E-01 -9.8813E-03
  6.2150E+00  2.0786E+01  2.2738E-05  4.2377E-01  2.7087E-02  4.8498E-01  2.4752E-02
  6.2270E+00  2.0826E+01  2.2817E-05  4.2390E-01  1.4094E-02  4.8223E-01 -8.9280E-03
  6.2393E+00  2.0867E+01  2.2886E-05  4.2375E-01  1.1170E-02  4.8403E-01 -2.4154E-03
  6.2513E+00  2.0907E+01  2.2971E-05  4.2393E-01  2.2847E-02  4.8589E-01  2.0070E-02
  6.2633E+00  2.0947E+01  2.3048E-05  4.2394E-01  1.9270E-02  4.7954E-01 -1.6000E-02
  6.2753E+00  2.0987E+01  2.3117E-05  4.2381E-01  1.2256E-02  4.8697E-01  5.6703E-03
  6.2873E+00  2.1027E+01  2.3204E-05  4.2401E-01  1.5061E-02  4.8830E-01  1.0430E-02
  6.2993E+00  2.1067E+01  2.3275E-05  4.2391E-01  2.1356E-02  4.7916E-01 -1.8524E-02
  6.3112E+00  2.1107E+01  2.3346E-05  4.2384E-01  1.7055E-02  4.8709E-01  1.3227E-02
  6.3232E+00  2.1147E+01  2.3430E-05  4.2401E-01  1.0783E-02  4.8714E-01 -9.6977E-04
  6.3352E+00  2.1187E+01  2.3495E-05  4.2383E-01  2.0155E-02  4.8043E-01 -1.7170E-02
  6.3472E+00  2.1227E+01  2.3568E-05  4.2383E-01  2.0374E-02  4.8491E-01  1.7386E-02
  6.3592E+00  2.1267E+01  2.3646E-05  4.2392E-01  1.5583E-02  4.8408E-01 -1.1447E-02
  6.3712E+00  2.1307E+01  2.3706E-05  4.2371E-01  1.6301E-02  4.8365E-01 -1.2445E-02
  6.3832E+00  2.1347E+01  2.3779E-05  4.2378E-01  1.9202E-02  4.8654E-01  1.6035E-02
  6.3952E+00  2.1387E+01  2.3846E-05  4.2377E-01  2.1584E-02  4.8532E-01 -1.8854E-02
  6.4072E+00  2.1427E+01  2.3895E-05  4.2356E-01  1.1647E-02  4.9434E-01 -4.6786E-03
  6.4192E+00  2.1467E+01  2.3956E-05  4.2368E-01  1.4511E-02  4.9506E-01  9.8507E-03
  6.4312E+00  2.1507E+01  2.3997E-05  4.2357E-01  2.4220E-02  4.8377E-01 -2.1883E-02
  6.4431E+00  2.1547E+01  2.4029E-05  4.2341E-01  1.1498E-02  4.9001E-01  4.7301E-03
  6.4551E+00  2.1587E+01  2.4074E-05  4.2355E-01  1.0472E-02  4.8888E-01  9.2552E-04
  6.4671E+00  2.1627E+01  2.4100E-05  4.2337E-01  2.3373E-02  4.8066E-01 -2.1019E-02
  6.4791E+00  2.1667E+01  2.4130E-05  4.2329E-01  1.6108E-02  4.8719E-01  1.2358E-02
  6.4911E+00  2.1707E+01  2.4170E-05  4.2339E-01  1.3201E-02  4.8609E-01 -8.2793E-03
  6.5031E+00  2.1747E+01  2.4191E-05  4.2317E-01  1.9457E-02  4.8260E-01 -1.6584E-02
  6.5151E+00  2.1787E+01  2.4226E-05  4.2319E-01  1.8540E-02  4.8525E-01  1.5480E-02
  6.5271E+00  2.1827E+01  2.4261E-05  4.2322E-01  1.8617E-02  4.8303E-01 -1.5620E-02
  6.5391E+00  2.1867E+01  2.4282E-05  4.2300E-01  1.3678E-02  4.8593E-01 -9.1614E-03
  6.5511E+00  2.1907E+01  2.4320E-05  4.2309E-01  1.6374E-02  4.8697E-01  1.2847E-02
  6.5631E+00  2.1947E+01  2.4350E-05  4.2303E-01  2.2442E-02  4.8114E-01 -2.0089E-02
  6.5751E+00  2.1987E+01  2.4372E-05  4.2285E-01  1.0136E-02  4.8900E-01 -1.5053E-04
  6.5870E+00  2.2027E+01  2.4412E-05  4.2298E-01  1.1604E-02  4.8912E-01  5.6904E-03
  6.5990E+00  2.2067E+01  2.4437E-05  4.2284E-01  2.3250E-02  4.8076E-01 -2.1032E-02
  6.6110E+00  2.2107E+01  2.4462E-05  4.2273E-01  1.3193E-02  4.9034E-01  8.5133E-03
  6.6230E+00  2.2147E+01  2.4502E-05  4.2284E-01  1.0548E-02  4.8928E-01 -3.2568E-03
  6.6350E+00  2.2187E+01  2.4523E-05  4.2265E-01  2.0905E-02  4.8323E-01 -1.8424E-02
  6.6473E+00  2.2228E+01  2.4555E-05  4.2263E-01  1.7533E-02  4.8756E-01  1.4444E-02
  6.6593E+00  2.2268E+01  2.4590E-05  4.2269E-01  1.5835E-02  4.8593E-01 -1.2374E-02
  6.6713E+00  2.2308E+01  2.4610E-05  4.2247E-01  1.5522E-02  4.8634E-01 -1.1990E-02
  6.6833E+00  2.2348E+01  2.4645E-05  4.2253E-01  1.7262E-02  4.8763E-01  1.4170E-02
  6.6953E+00  2.2388E+01  2.4676E-05  4.2251E-01  2.0375E-02  4.8352E-01 -1.7891E-02
  6.7073E+00  2.2428E+01  2.4697E-05  4.2232E-01  1.0537E-02  4.8982E-01 -3.7525E-03
  6.7192E+00  2.2468E+01  2.4735E-05  4.2244E-01  1.3213E-02  4.9015E-01  8.8294E-03
  6.7312E+00  2.2508E+01  2.4761E-05  4.2233E-01  2.2335E-02  4.8256E-01 -2.0143E-02
  6.7432E+00  2.2548E+01  2.4784E-05  4.2220E-01  1.1050E-02  4.9137E-01  5.1100E-03
  6.7552E+00  2.2588E+01  2.4823E-05  4.2232E-01  9.7711E-03  4.9049E-01  5.1443E-04
  6.7672E+00  2.2628E+01  2.4844E-05  4.2215E-01  2.1408E-02  4.8314E-01 -1.9143E-02
  6.7792E+00  2.2668E+01  2.4871E-05  4.2209E-01  1.5418E-02  4.8949E-01  1.1999E-02
  6.7912E+00  2.2708E+01  2.4908E-05  4.2218E-01  1.2500E-02  4.8798E-01 -7.9704E-03
  6.8032E+00  2.2748E+01  2.4927E-05  4.2198E-01  1.7662E-02  4.8527E-01 -1.4860E-02
  6.8152E+00  2.2788E+01  2.4959E-05  4.2200E-01  1.7436E-02  4.8761E-01  1.4576E-02
  6.8272E+00  2.2828E+01  2.4992E-05  4.2203E-01  1.7456E-02  4.8510E-01 -1.4647E-02
  6.8392E+00  2.2868E+01  2.5011E-05  4.2183E-01  1.2343E-02  4.8863E-01 -7.8362E-03
  6.8511E+00  2.2908E+01  2.5046E-05  4.2192E-01  1.5173E-02  4.8927E-01  1.1809E-02
  6.8631E+00  2.2948E+01  2.5074E-05  4.2186E-01  2.0859E-02  4.8341E-01 -1.8628E-02
  6.8751E+00  2.2988E+01  2.5094E-05  4.2170E-01  9.5358E-03  4.9156E-01  5.8372E-04
  6.8871E+00  2.3028E+01  2.5132E-05  4.2182E-01  1.0713E-02  4.9110E-01  4.9748E-03
  6.8991E+00  2.3068E+01  2.5154E-05  4.2169E-01  2.1450E-02  4.8318E-01 -1.9325E-02
  6.9111E+00  2.3108E+01  2.5178E-05  4.2159E-01  1.2732E-02  4.9142E-01  8.5423E-03
  6.9231E+00  2.3148E+01  2.5215E-05  4.2170E-01  9.9738E-03  4.8984E-01 -3.3626E-03
  6.9351E+00  2.3188E+01  2.5235E-05  4.2152E-01  1.9120E-02  4.8451E-01 -1.6727E-02
  6.9471E+00  2.3228E+01  2.5263E-05  4.2150E-01  1.6396E-02  4.8879E-01  1.3490E-02
  6.9591E+00  2.3268E+01  2.5297E-05  4.2156E-01  1.4371E-02  4.8693E-01 -1.0988E-02
  6.9711E+00  2.3308E+01  2.5315E-05  4.2137E-01  1.4623E-02  4.8733E-01 -1.1332E-02
  6.9831E+00  2.3348E+01  2.5347E-05  4.2142E-01  1.6358E-02  4.8847E-01  1.3497E-02
  6.9950E+00  2.3388E+01  2.5376E-05  4.2141E-01  1.8668E-02  4.8457E-01 -1.6275E-02
  7.0070E+00  2.3428E+01  2.5395E-05  4.2123E-01  9.6495E-03  4.9081E-01 -2.7930E-03
  7.0190E+00  2.3468E+01  2.5438E-05  4.2147E-01  3.9224E-02  4.8879E-01  3.8134E-02
  7.0310E+00  2.3508E+01  2.5499E-05  4.2198E-01  4.5041E-02  4.8663E-01  4.4106E-02
  7.0430E+00  2.3548E+01  2.5560E-05  4.2251E-01  4.4256E-02  4.8690E-01  4.3306E-02
  7.0550E+00  2.3588E+01  2.5621E-05  4.2302E-01  4.4053E-02  4.8702E-01  4.3100E-02
  7.0673E+00  2.3629E+01  2.5683E-05  4.2355E-01  4.4062E-02  4.8706E-01  4.3111E-02
  7.0793E+00  2.3669E+01  2.5743E-05  4.2407E-01  4.4069E-02  4.8710E-01  4.3121E-02
  7.0913E+00  2.3709E+01  2.5804E-05  4.2459E-01  4.4077E-02  4.8714E-01  4.3131E-02
  7.1033E+00  2.3749E+01  2.5865E-05  4.2510E-01  4.4085E-02  4.8717E-01  4.3142E-02
  7.1153E+00  2.3789E+01  2.5925E-05  4.2562E-01  4.4093E-02  4.8721E-01  4.3152E-02
  7.1272E+00  2.3829E+01  2.5986E-05  4.2614E-01  4.4101E-02  4.8725E-01  4.3162E-02
  7.1392E+00  2.3869E+01  2.6046E-05  4.2666E-01  4.4109E-02  4.8729E-01  4.3172E-02
  7.1512E+00  2.3909E+01  2.6107E-05  4.2717E-01  4.4117E-02  4.8733E-01  4.3182E-02
  7.1632E+00  2.3949E+01  2.6168E-05  4.2769E-01  4.4124E-02  4.8737E-01  4.3192E-02
  7.1752E+00  2.3989E+01  2.6228E-05  4.2821E-01  4.4132E-02  4.8740E-01  4.3202E-02
  7.1872E+00  2.4029E+01  2.6289E-05  4.2873E-01  4.4140E-02  4.8744E-01  4.3213E-02
  7.1992E+00  2.4069E+01  2.6349E-05  4.2925E-01  4.4148E-02  4.8748E-01  4.3223E-02
  7.2112E+00  2.4109E+01  2.6410E-05  4.2976E-01  4.4156E-02  4.8752E-01  4.3233E-02
  7.2232E+00  2.4149E+01  2.6471E-05  4.3028E-01  4.4163E-02  4.8755E-01  4.3243E-02
  7.2352E+00  2.4189E+01  2.6531E-05  4.3080E-01  4.4171E-02  4.8759E-01  4.3253E-02
  7.2472E+00  2.4229E+01  2.6592E-05  4.3132E-01  4.4179E-02  4.8763E-01  4.3263E-02
  7.2592E+00  2.4269E+01  2.6652E-05  4.3184E-01  4.4187E-02  4.8767E-01  4.3273E-02
  7.2711E+00  2.4309E+01  2.6713E-05  4.3236E-01  4.4194E-02  4.8770E-01  4.3283E-02
  7.2831E+00  2.4349E+01  2.6774E-05  4.3288E-01  4.4202E-02  4.8774E-01  4.3293E-02
  7.2951E+00  2.4389E+01  2.6834E-05  4.3340E-01  4.4210E-02  4.8778E-01  4.3303E-02
  7.3071E+00  2.4429E+01  2.6895E-05  4.3391E-01  4.4218E-02  4.8781E-01  4.3313E-02
  7.3191E+00  2.4469E+01  2.6955E-05  4.3443E-01  4.4225E-02  4.8785E-01  4.3323E-02
  7.3311E+00  2.4509E+01  2.7016E-05  4.3495E-01  4.4233E-02  4.8789E-01  4.3332E-02
  7.3431E+00  2.4549E+01  2.7077E-05  4.3547E-01  4.4241E-02  4.8793E-01  4.3342E-02
  7.3551E+00  2.4589E+01  2.7137E-05  4.3599E-01  4.4248E-02  4.8796E-01  4.3352E-02
  7.3671E+00  2.4629E+01  2.7198E-05  4.3651E-01  4.4256E-02  4.8800E-01  4.3362E-02
  7.3791E+00  2.4669E+01  2.7258E-05  4.3703E-01  4.4264E-02  4.8803E-01  4.3372E-02
  7.3911E+00  2.4709E+01  2.7319E-05  4.3755E-01  4.4271E-02  4.8807E-01  4.3382E-02
  7.4030E+00  2.4749E+01  2.7380E-05  4.3807E-01  4.4279E-02  4.8811E-01  4.3392E-02
  7.4150E+00  2.4789E+01  2.7440E-05  4.3859E-01  4.4287E-02  4.8814E-01  4.3401E-02
  7.4270E+00  2.4829E+01  2.7501E-05  4.3911E-01  4.4294E-02  4.8818E-01  4.3411E-02
  7.4390E+00  2.4869E+01  2.7562E-05  4.3963E-01  4.4302E-02  4.8822E-01  4.3421E-02
  7.4510E+00  2.4909E+01  2.7622E-05  4.4015E-01  4.4310E-02  4.8825E-01  4.3431E-02
  7.4630E+00  2.4949E+01  2.7683E-05  4.4067E-01  4.4317E-02  4.8829E-01  4.3440E-02
  7.4753E+00  2.4990E+01  2.7745E-05  4.4121E-01  4.4325E-02  4.8832E-01  4.3450E-02
  7.4873E+00  2.5030E+01  2.7805E-05  4.4173E-01  4.4333E-02  4.8836E-01  4.3460E-02
  7.4993E+00  2.5070E+01  2.7866E-05  4.4225E-01  4.4340E-02  4.8840E-01  4.3470E-02
  7.5113E+00  2.5110E+01  2.7927E-05  4.4277E-01  4.4348E-02  4.8843E-01  4.3479E-02
  7.5233E+00  2.5150E+01  2.7987E-05  4.4329E-01  4.4355E-02  4.8847E-01  4.3489E-02
  7.5353E+00  2.5190E+01  2.8048E-05  4.4381E-01  4.4363E-02  4.8850E-01  4.3499E-02
  7.5472E+00  2.5230E+01  2.8108E-05  4.4434E-01  4.4370E-02  4.8854E-01  4.3508E-02
  7.5592E+00  2.5270E+01  2.8169E-05  4.4486E-01  4.4378E-02  4.8857E-01  4.3518E-02
  7.5712E+00  2.5310E+01  2.8230E-05  4.4538E-01  4.4385E-02  4.8861E-01  4.3527E-02
  7.5832E+00  2.5350E+01  2.8290E-05  4.4590E-01  4.4393E-02  4.8864E-01  4.3537E-02
  7.5952E+00  2.5390E+01  2.8351E-05  4.4642E-01  4.4400E-02  4.8868E-01  4.3546E-02
  7.6072E+00  2.5430E+01  2.8411E-05  4.4695E-01  4.4408E-02  4.8871E-01  4.3556E-02
  7.6192E+00  2.5470E+01  2.8472E-05  4.4747E-01  4.4415E-02  4.8875E-01  4.3566E-02
  7.6312E+00  2.5510E+01  2.8533E-05  4.4799E-01  4.4423E-02  4.8878E-01  4.3575E-02
  7.6432E+00  2.5550E+01  2.8593E-05  4.4851E-01  4.4430E-02  4.8882E-01  4.3585E-02
  7.6552E+00  2.5590E+01  2.8654E-05  4.4904E-01  4.4438E-02  4.8885E-01  4.3594E-02
  7.6672E+00  2.5630E+01  2.8714E-05  4.4956E-01  4.4445E-02  4.8889E-01  4.3604E-02
  7.6791E+00  2.5670E+01  2.8775E-05  4.5008E-01  4.4453E-02  4.8892E-01  4.3613E-02
  7.6911E+00  2.5710E+01  2.8836E-05  4.5060E-01  4.4460E-02  4.8896E-01  4.3622E-02
  7.7031E+00  2.5750E+01  2.8896E-05  4.5113E-01  4.4468E-02  4.8899E-01  4.3632E-02
  7.7151E+00  2.5790E+01  2.8957E-05  4.5165E-01  4.4475E-02  4.8902E-01  4.3641E-02
  7.7271E+00  2.5830E+01  2.9017E-05  4.5217E-01  4.4483E-02  4.8906E-01  4.3651E-02
  7.7391E+00  2.5870E+01  2.9078E-05  4.5270E-01  4.4490E-02  4.8909E-01  4.3660E-02
  7.7511E+00  2.5910E+01  2.9139E-05  4.5322E-01  4.4497E-02  4.8913E-01  4.3669E-02
  7.7631E+00  2.5950E+01  2.9199E-05  4.5374E-01  4.4505E-02  4.8916E-01  4.3679E-02
  7.7751E+00  2.5990E+01  2.9260E-05  4.5427E-01  4.4512E-02  4.8919E-01  4.3688E-02
  7.7871E+00  2.6030E+01  2.9320E-05  4.5479E-01  4.4519E-02  4.8923E-01  4.3697E-02
  7.7991E+00  2.6070E+01  2.9381E-05  4.5531E-01  4.4527E-02  4.8926E-01  4.3707E-02
  7.8111E+00  2.6110E+01  2.9442E-05  4.5584E-01  4.4534E-02  4.8929E-01  4.3716E-02
  7.8230E+00  2.6150E+01  2.9502E-05  4.5636E-01  4.4542E-02  4.8933E-01  4.3725E-02
  7.8350E+00  2.6190E+01  2.9563E-05  4.5689E-01  4.4549E-02  4.8936E-01  4.3735E-02
  7.8470E+00  2.6230E+01  2.9623E-05  4.5741E-01  4.4556E-02  4.8940E-01  4.3744E-02
  7.8590E+00  2.6270E+01  2.9684E-05  4.5794E-01  4.4564E-02  4.8943E-01  4.3753E-02
  7.8710E+00  2.6310E+01  2.9745E-05  4.5846E-01  4.4571E-02  4.8946E-01  4.3762E-02
  7.8830E+00  2.6350E+01  2.9805E-05  4.5899E-01  4.4578E-02  4.8949E-01  4.3771E-02
  7.8953E+00  2.6391E+01  2.9867E-05  4.5952E-01  4.4586E-02  4.8953E-01  4.3781E-02
  7.9073E+00  2.6431E+01  2.9928E-05  4.6005E-01  4.4593E-02  4.8956E-01  4.3790E-02
  7.9193E+00  2.6471E+01  2.9989E-05  4.6057E-01  4.4600E-02  4.8959E-01  4.3799E-02
  7.9313E+00  2.6511E+01  3.0049E-05  4.6110E-01  4.4608E-02  4.8963E-01  4.3808E-02
  7.9433E+00  2.6551E+01  3.0110E-05  4.6162E-01  4.4615E-02  4.8966E-01  4.3817E-02
  7.9553E+00  2.6591E+01  3.0170E-05  4.6215E-01  4.4884E-02  4.8960E-01  4.4094E-02
  7.9672E+00  2.6631E+01  3.0231E-05  4.6268E-01  4.5809E-02  4.8939E-01  4.5038E-02
  7.9792E+00  2.6671E+01  3.0291E-05  4.6320E-01  3.7817E-02  4.9334E-01  3.6865E-02
  7.9912E+00  2.6711E+01  3.0328E-05  4.6336E-01  1.7753E-02  4.9899E-01 -1.5579E-02
  8.0032E+00  2.6751E+01  3.0331E-05  4.6300E-01  3.1999E-02  4.8646E-01 -3.0911E-02
  8.0152E+00  2.6791E+01  3.0348E-05  4.6286E-01  1.0458E-02  4.9114E-01  6.3214E-03
  8.0272E+00  2.6831E+01  3.0370E-05  4.6280E-01  2.6785E-02  4.9238E-01 -2.5456E-02
  8.0392E+00  2.6871E+01  3.0371E-05  4.6243E-01  2.4963E-02  4.9095E-01 -2.3549E-02
  8.0512E+00  2.6911E+01  3.0393E-05  4.6238E-01  1.0076E-02  4.9352E-01  5.7035E-03
  8.0632E+00  2.6951E+01  3.0409E-05  4.6222E-01  3.2603E-02  4.8702E-01 -3.1561E-02
  8.0752E+00  2.6991E+01  3.0412E-05  4.6188E-01  1.6243E-02  4.9585E-01 -1.3962E-02
  8.0872E+00  2.7031E+01  3.0438E-05  4.6189E-01  8.3901E-03  5.0022E-01 -7.6597E-04
  8.0991E+00  2.7071E+01  3.0448E-05  4.6164E-01  3.4717E-02  4.8471E-01 -3.3765E-02
  8.1111E+00  2.7111E+01  3.0455E-05  4.6136E-01  9.1293E-03  4.9719E-01 -3.8912E-03
  8.1231E+00  2.7151E+01  3.0482E-05  4.6138E-01  1.3319E-02  5.0128E-01 -1.0410E-02
  8.1351E+00  2.7191E+01  3.0486E-05  4.6106E-01  3.2968E-02  4.8546E-01 -3.1976E-02
  8.1471E+00  2.7231E+01  3.0500E-05  4.6087E-01  9.0126E-03  4.9349E-01  3.8796E-03
  8.1591E+00  2.7271E+01  3.0526E-05  4.6085E-01  2.1797E-02  4.9655E-01 -2.0209E-02
  8.1711E+00  2.7311E+01  3.0531E-05  4.6049E-01  2.7910E-02  4.9052E-01 -2.6725E-02
  8.1831E+00  2.7351E+01  3.0557E-05  4.6040E-01  1.0376E-02  4.9455E-01  6.4954E-03
  8.1951E+00  2.7391E+01  3.0587E-05  4.6030E-01  2.8881E-02  4.9251E-01 -2.7740E-02
  8.2071E+00  2.7431E+01  3.0605E-05  4.5995E-01  2.0285E-02  4.9502E-01 -1.8617E-02
  8.2191E+00  2.7471E+01  3.0649E-05  4.5993E-01  8.5744E-03  4.9728E-01  2.8819E-03
  8.2311E+00  2.7511E+01  3.0683E-05  4.5973E-01  3.2961E-02  4.8598E-01 -3.2007E-02
  8.2430E+00  2.7551E+01  3.0710E-05  4.5943E-01  1.2150E-02  4.9738E-01 -9.1147E-03
  8.2550E+00  2.7591E+01  3.0759E-05  4.5944E-01  9.8010E-03  5.0170E-01 -5.5368E-03
  8.2670E+00  2.7631E+01  3.0789E-05  4.5916E-01  3.3671E-02  4.8506E-01 -3.2756E-02
  8.2790E+00  2.7671E+01  3.0822E-05  4.5892E-01  7.9709E-03  4.9601E-01 -5.2934E-04
  8.2910E+00  2.7711E+01  3.0870E-05  4.5892E-01  1.7470E-02  4.9921E-01 -1.5537E-02
  8.3033E+00  2.7752E+01  3.0896E-05  4.5857E-01  3.0230E-02  4.8745E-01 -2.9212E-02
  8.3153E+00  2.7792E+01  3.0935E-05  4.5843E-01  9.1721E-03  4.9170E-01  4.7817E-03
  8.3273E+00  2.7832E+01  3.0978E-05  4.5835E-01  2.6364E-02  4.9225E-01 -2.5178E-02
  8.3393E+00  2.7872E+01  3.1001E-05  4.5799E-01  2.3916E-02  4.9193E-01 -2.2611E-02
  8.3513E+00  2.7912E+01  3.1044E-05  4.5794E-01  8.5615E-03  4.9429E-01  3.5018E-03
  8.3633E+00  2.7952E+01  3.1080E-05  4.5777E-01  3.1873E-02  4.8746E-01 -3.0932E-02
  8.3752E+00  2.7992E+01  3.1103E-05  4.5743E-01  1.6028E-02  4.9688E-01 -1.3994E-02
  8.3872E+00  2.8032E+01  3.1147E-05  4.5742E-01  8.4228E-03  5.0116E-01 -3.0133E-03
  8.3992E+00  2.8072E+01  3.1172E-05  4.5717E-01  3.3871E-02  4.8761E-01 -3.3000E-02
  8.4112E+00  2.8112E+01  3.1192E-05  4.5689E-01  9.2490E-03  5.0090E-01 -4.9363E-03
  8.4232E+00  2.8152E+01  3.1226E-05  4.5689E-01  1.4420E-02  5.0319E-01 -1.2101E-02
  8.4352E+00  2.8192E+01  3.1234E-05  4.5656E-01  3.2114E-02  4.8747E-01 -3.1208E-02
  8.4472E+00  2.8232E+01  3.1248E-05  4.5638E-01  7.9168E-03  4.9408E-01  1.9932E-03
  8.4592E+00  2.8272E+01  3.1270E-05  4.5633E-01  2.2410E-02  4.9557E-01 -2.1057E-02
  8.4712E+00  2.8312E+01  3.1271E-05  4.5598E-01  2.7240E-02  4.8982E-01 -2.6170E-02
  8.4832E+00  2.8352E+01  3.1288E-05  4.5587E-01  8.6092E-03  4.9213E-01  4.0834E-03
  8.4952E+00  2.8392E+01  3.1304E-05  4.5575E-01  2.8785E-02  4.8970E-01 -2.7784E-02
  8.5072E+00  2.8432E+01  3.1304E-05  4.5541E-01  1.9941E-02  4.9471E-01 -1.8444E-02
  8.5191E+00  2.8472E+01  3.1325E-05  4.5537E-01  7.6288E-03  4.9724E-01  5.8906E-04
  8.5311E+00  2.8512E+01  3.1335E-05  4.5517E-01  3.2160E-02  4.8635E-01 -3.1292E-02
  8.5431E+00  2.8552E+01  3.1338E-05  4.5487E-01  1.2039E-02  4.9807E-01 -9.3512E-03
  8.5551E+00  2.8592E+01  3.1361E-05  4.5486E-01  1.0383E-02  5.0121E-01 -7.0578E-03
  8.5671E+00  2.8632E+01  3.1365E-05  4.5458E-01  3.2314E-02  4.8585E-01 -3.1464E-02
  8.5791E+00  2.8672E+01  3.1373E-05  4.5436E-01  7.6018E-03  4.9639E-01 -1.2090E-03
  8.5911E+00  2.8712E+01  3.1395E-05  4.5433E-01  1.7648E-02  4.9842E-01 -1.5965E-02
  8.6031E+00  2.8752E+01  3.1395E-05  4.5400E-01  2.9137E-02  4.8881E-01 -2.8193E-02
  8.6151E+00  2.8792E+01  3.1408E-05  4.5386E-01  8.1875E-03  4.9317E-01  3.4892E-03
  8.6271E+00  2.8832E+01  3.1426E-05  4.5379E-01  2.4787E-02  4.9332E-01 -2.3658E-02
  8.6391E+00  2.8872E+01  3.1426E-05  4.5345E-01  2.3115E-02  4.9310E-01 -2.1908E-02
  8.6510E+00  2.8912E+01  3.1444E-05  4.5338E-01  7.9318E-03  4.9490E-01  2.8967E-03
  8.6630E+00  2.8952E+01  3.1457E-05  4.5322E-01  2.9744E-02  4.8872E-01 -2.8840E-02
  8.6750E+00  2.8992E+01  3.1458E-05  4.5291E-01  1.5577E-02  4.9775E-01 -1.3711E-02
  8.6870E+00  2.9032E+01  3.1479E-05  4.5290E-01  7.8807E-03  5.0047E-01 -2.6602E-03
  8.6990E+00  2.9072E+01  3.1486E-05  4.5266E-01  3.1545E-02  4.8683E-01 -3.0712E-02
  8.7110E+00  2.9112E+01  3.1491E-05  4.5240E-01  8.9573E-03  4.9897E-01 -5.1037E-03
  8.7233E+00  2.9153E+01  3.1513E-05  4.5239E-01  1.3982E-02  5.0079E-01 -1.1879E-02
  8.7353E+00  2.9193E+01  3.1515E-05  4.5209E-01  2.9715E-02  4.8790E-01 -2.8838E-02
  8.7473E+00  2.9233E+01  3.1525E-05  4.5192E-01  7.5263E-03  4.9474E-01  2.0172E-03
  8.7593E+00  2.9273E+01  3.1545E-05  4.5187E-01  2.1362E-02  4.9570E-01 -2.0094E-02
  8.7713E+00  2.9313E+01  3.1544E-05  4.5154E-01  2.5052E-02  4.9138E-01 -2.4004E-02
  8.7833E+00  2.9353E+01  3.1560E-05  4.5145E-01  8.0466E-03  4.9337E-01  3.6230E-03
  8.7952E+00  2.9393E+01  3.1574E-05  4.5133E-01  2.7132E-02  4.9041E-01 -2.6179E-02
  8.8072E+00  2.9433E+01  3.1574E-05  4.5101E-01  1.8204E-02  4.9620E-01 -1.6722E-02
  8.8192E+00  2.9473E+01  3.1594E-05  4.5098E-01  7.2098E-03  4.9823E-01  7.5809E-05
  8.8312E+00  2.9513E+01  3.1603E-05  4.5078E-01  3.0090E-02  4.8749E-01 -2.9255E-02
  8.8432E+00  2.9553E+01  3.1606E-05  4.5051E-01  1.0953E-02  4.9926E-01 -8.2617E-03
  8.8552E+00  2.9593E+01  3.1627E-05  4.5050E-01  1.0175E-02  5.0150E-01 -7.1793E-03
  8.8672E+00  2.9633E+01  3.1631E-05  4.5023E-01  3.0060E-02  4.8727E-01 -2.9236E-02
  8.8792E+00  2.9673E+01  3.1638E-05  4.5003E-01  7.1657E-03  4.9730E-01 -8.2612E-04
  8.8912E+00  2.9713E+01  3.1659E-05  4.5000E-01  1.7005E-02  4.9851E-01 -1.5441E-02
  8.9032E+00  2.9753E+01  3.1659E-05  4.4970E-01  2.6948E-02  4.8953E-01 -2.6029E-02
  8.9152E+00  2.9793E+01  3.1671E-05  4.4957E-01  7.7400E-03  4.9344E-01  3.2629E-03
  8.9272E+00  2.9833E+01  3.1688E-05  4.4949E-01  2.3537E-02  4.9296E-01 -2.2472E-02
  8.9391E+00  2.9873E+01  3.1687E-05  4.4917E-01  2.1232E-02  4.9382E-01 -2.0047E-02
  8.9511E+00  2.9913E+01  3.1705E-05  4.4912E-01  7.3956E-03  4.9529E-01  2.3820E-03
  8.9631E+00  2.9953E+01  3.1716E-05  4.4896E-01  2.7989E-02  4.8882E-01 -2.7126E-02
  8.9751E+00  2.9993E+01  3.1717E-05  4.4867E-01  1.4199E-02  4.9829E-01 -1.2347E-02
  8.9871E+00  3.0033E+01  3.1737E-05  4.4866E-01  7.6512E-03  5.0032E-01 -3.0220E-03
  8.9991E+00  3.0073E+01  3.1743E-05  4.4843E-01  2.9495E-02  4.8725E-01 -2.8693E-02
  9.0111E+00  3.0113E+01  3.1747E-05  4.4820E-01  8.2320E-03  4.9840E-01 -4.3781E-03
  9.0231E+00  3.0153E+01  3.1768E-05  4.4819E-01  1.2815E-02  4.9969E-01 -1.0749E-02
  9.0351E+00  3.0193E+01  3.1770E-05  4.4791E-01  2.7934E-02  4.8749E-01 -2.7096E-02
  9.0471E+00  3.0233E+01  3.1779E-05  4.4774E-01  7.0553E-03  4.9456E-01  1.5827E-03
  9.0591E+00  3.0273E+01  3.1797E-05  4.4770E-01  1.9688E-02  4.9500E-01 -1.8451E-02
  9.0711E+00  3.0313E+01  3.1797E-05  4.4739E-01  2.3738E-02  4.9081E-01 -2.2745E-02
  9.0830E+00  3.0353E+01  3.1811E-05  4.4730E-01  7.5737E-03  4.9274E-01  3.3165E-03
  9.0950E+00  3.0393E+01  3.1825E-05  4.4719E-01  2.5170E-02  4.8998E-01 -2.4246E-02
  9.1070E+00  3.0433E+01  3.1825E-05  4.4689E-01  1.7445E-02  4.9552E-01 -1.6058E-02
  9.1190E+00  3.0473E+01  3.1843E-05  4.4686E-01  6.8304E-03  4.9698E-01  2.3045E-04
  9.1310E+00  3.0513E+01  3.1852E-05  4.4668E-01  2.8081E-02  4.8717E-01 -2.7276E-02
  9.1433E+00  3.0554E+01  3.1855E-05  4.4642E-01  1.0000E-02  4.9889E-01 -7.3108E-03
  9.1553E+00  3.0594E+01  3.1877E-05  4.4641E-01  9.9868E-03  5.0055E-01 -7.2819E-03
  9.1673E+00  3.0634E+01  3.1882E-05  4.4616E-01  2.8074E-02  4.8815E-01 -2.7275E-02
  9.1793E+00  3.0674E+01  3.1894E-05  4.4597E-01  6.8026E-03  4.9895E-01 -5.1047E-04
  9.1913E+00  3.0714E+01  3.1921E-05  4.4594E-01  1.6457E-02  4.9974E-01 -1.4994E-02
  9.2033E+00  3.0754E+01  3.1934E-05  4.4565E-01  2.5075E-02  4.9089E-01 -2.4178E-02
  9.2152E+00  3.0794E+01  3.1961E-05  4.4554E-01  7.2885E-03  4.9337E-01  2.9422E-03
  9.2272E+00  3.0834E+01  3.1994E-05  4.4546E-01  2.2580E-02  4.9202E-01 -2.1583E-02
  9.2392E+00  3.0874E+01  3.2011E-05  4.4516E-01  1.9789E-02  4.9367E-01 -1.8640E-02
  9.2512E+00  3.0914E+01  3.2047E-05  4.4510E-01  6.8428E-03  4.9487E-01  1.6132E-03
  9.2632E+00  3.0954E+01  3.2076E-05  4.4495E-01  2.6795E-02  4.8815E-01 -2.5983E-02
  9.2752E+00  3.0994E+01  3.2095E-05  4.4468E-01  1.3374E-02  4.9794E-01 -1.1596E-02
  9.2872E+00  3.1034E+01  3.2134E-05  4.4466E-01  7.7113E-03  4.9943E-01 -3.8654E-03
  9.2992E+00  3.1074E+01  3.2158E-05  4.4444E-01  2.8256E-02  4.8687E-01 -2.7501E-02
  9.3112E+00  3.1114E+01  3.2181E-05  4.4421E-01  7.9688E-03  4.9851E-01 -4.4169E-03
  9.3232E+00  3.1154E+01  3.2219E-05  4.4419E-01  1.3153E-02  4.9913E-01 -1.1360E-02
  9.3352E+00  3.1194E+01  3.2238E-05  4.4391E-01  2.6853E-02  4.8809E-01 -2.6062E-02
  9.3472E+00  3.1234E+01  3.2265E-05  4.4376E-01  6.5866E-03  4.9465E-01  7.4749E-04
  9.3591E+00  3.1274E+01  3.2300E-05  4.4370E-01  1.9805E-02  4.9459E-01 -1.8696E-02
  9.3711E+00  3.1314E+01  3.2316E-05  4.4340E-01  2.2979E-02  4.9160E-01 -2.2047E-02
  9.3831E+00  3.1354E+01  3.2347E-05  4.4331E-01  6.7627E-03  4.9357E-01  1.8894E-03
  9.3951E+00  3.1394E+01  3.2374E-05  4.4318E-01  2.4990E-02  4.9132E-01 -2.4142E-02
  9.4071E+00  3.1434E+01  3.2385E-05  4.4289E-01  1.7114E-02  4.9875E-01 -1.5817E-02
  9.4191E+00  3.1474E+01  3.2412E-05  4.4285E-01  6.6759E-03  4.9968E-01 -1.3533E-03
  9.4311E+00  3.1514E+01  3.2424E-05  4.4266E-01  2.7612E-02  4.8878E-01 -2.6864E-02
  9.4431E+00  3.1554E+01  3.2429E-05  4.4241E-01  1.0664E-02  4.9954E-01 -8.4468E-03
  9.4551E+00  3.1594E+01  3.2449E-05  4.4238E-01  1.0084E-02  4.9990E-01 -7.7060E-03
  9.4671E+00  3.1634E+01  3.2451E-05  4.4213E-01  2.7576E-02  4.8746E-01 -2.6840E-02
  9.4791E+00  3.1674E+01  3.2457E-05  4.4194E-01  6.7371E-03  4.9717E-01 -1.9694E-03
  9.4911E+00  3.1714E+01  3.2475E-05  4.4190E-01  1.6229E-02  4.9699E-01 -1.4900E-02
  9.5030E+00  3.1754E+01  3.2474E-05  4.4162E-01  2.4845E-02  4.8968E-01 -2.4028E-02
  9.5150E+00  3.1794E+01  3.2484E-05  4.4149E-01  6.5449E-03  4.9331E-01  1.5524E-03
  9.5270E+00  3.1834E+01  3.2498E-05  4.4140E-01  2.1949E-02  4.9209E-01 -2.1016E-02
  9.5390E+00  3.1874E+01  3.2497E-05  4.4111E-01  1.9821E-02  4.9384E-01 -1.8780E-02
  9.5510E+00  3.1914E+01  3.2511E-05  4.4105E-01  6.3813E-03  4.9463E-01  7.1803E-04
  9.5630E+00  3.1954E+01  3.2520E-05  4.4090E-01  2.5832E-02  4.8851E-01 -2.5064E-02
  9.5753E+00  3.1995E+01  3.2520E-05  4.4062E-01  1.2895E-02  4.9846E-01 -1.1215E-02
  9.5873E+00  3.2035E+01  3.2538E-05  4.4060E-01  7.9465E-03  4.9910E-01 -4.7595E-03
  9.5993E+00  3.2075E+01  3.2541E-05  4.4038E-01  2.7143E-02  4.8726E-01 -2.6425E-02
  9.6113E+00  3.2115E+01  3.2544E-05  4.4016E-01  7.6766E-03  4.9942E-01 -4.3242E-03
  9.6233E+00  3.2155E+01  3.2562E-05  4.4014E-01  1.3227E-02  4.9914E-01 -1.1615E-02
  9.6352E+00  3.2195E+01  3.2562E-05  4.3987E-01  2.5478E-02  4.8940E-01 -2.4714E-02
  9.6472E+00  3.2235E+01  3.2570E-05  4.3972E-01  6.2815E-03  4.9545E-01  5.3181E-04
  9.6592E+00  3.2275E+01  3.2585E-05  4.3966E-01  1.9261E-02  4.9472E-01 -1.8222E-02
  9.6712E+00  3.2315E+01  3.2583E-05  4.3937E-01  2.1531E-02  4.9285E-01 -2.0618E-02
  9.6832E+00  3.2355E+01  3.2596E-05  4.3929E-01  6.3888E-03  4.9408E-01  1.5055E-03
  9.6952E+00  3.2395E+01  3.2607E-05  4.3917E-01  2.3847E-02  4.9051E-01 -2.3040E-02
  9.7072E+00  3.2435E+01  3.2605E-05  4.3889E-01  1.5825E-02  4.9740E-01 -1.4548E-02
  9.7192E+00  3.2475E+01  3.2621E-05  4.3886E-01  6.4496E-03  4.9788E-01 -1.6917E-03
  9.7312E+00  3.2515E+01  3.2627E-05  4.3867E-01  2.6114E-02  4.8839E-01 -2.5393E-02
  9.7432E+00  3.2555E+01  3.2628E-05  4.3843E-01  9.8218E-03  5.0003E-01 -7.5956E-03
  9.7552E+00  3.2595E+01  3.2646E-05  4.3841E-01  9.9468E-03  4.9997E-01 -7.7643E-03
  9.7672E+00  3.2635E+01  3.2647E-05  4.3818E-01  2.5935E-02  4.8859E-01 -2.5216E-02
  9.7791E+00  3.2675E+01  3.2653E-05  4.3799E-01  6.3786E-03  4.9784E-01 -1.6273E-03
  9.7911E+00  3.2715E+01  3.2669E-05  4.3796E-01  1.5752E-02  4.9706E-01 -1.4502E-02
  9.8031E+00  3.2755E+01  3.2668E-05  4.3769E-01  2.3237E-02  4.9094E-01 -2.2432E-02
  9.8151E+00  3.2795E+01  3.2678E-05  4.3757E-01  6.2589E-03  4.9413E-01  1.4436E-03
  9.8271E+00  3.2835E+01  3.2690E-05  4.3749E-01  2.1036E-02  4.9248E-01 -2.0144E-02
  9.8391E+00  3.2875E+01  3.2688E-05  4.3721E-01  1.8416E-02  4.9510E-01 -1.7384E-02
  9.8511E+00  3.2915E+01  3.2703E-05  4.3715E-01  6.0888E-03  4.9555E-01  3.8775E-04
  9.8631E+00  3.2955E+01  3.2711E-05  4.3700E-01  2.4552E-02  4.8928E-01 -2.3810E-02
  9.8751E+00  3.2995E+01  3.2710E-05  4.3675E-01  1.2551E-02  4.9921E-01 -1.0970E-02
  9.8871E+00  3.3035E+01  3.2727E-05  4.3673E-01  7.4424E-03  4.9928E-01 -4.2765E-03
  9.8991E+00  3.3075E+01  3.2730E-05  4.3652E-01  2.5639E-02  4.8829E-01 -2.4940E-02
  9.9111E+00  3.3115E+01  3.2733E-05  4.3631E-01  7.5270E-03  4.9969E-01 -4.4460E-03
  9.9230E+00  3.3155E+01  3.2750E-05  4.3629E-01  1.2280E-02  4.9881E-01 -1.0683E-02
  9.9350E+00  3.3195E+01  3.2750E-05  4.3604E-01  2.4208E-02  4.8957E-01 -2.3470E-02
  9.9470E+00  3.3235E+01  3.2757E-05  4.3589E-01  6.0025E-03  4.9586E-01  2.6315E-04
  9.9590E+00  3.3275E+01  3.2771E-05  4.3584E-01  1.7968E-02  4.9473E-01 -1.6946E-02
  9.9710E+00  3.3315E+01  3.2770E-05  4.3557E-01  2.0610E-02  4.9288E-01 -1.9735E-02
  9.9830E+00  3.3355E+01  3.2781E-05  4.3548E-01  6.1024E-03  4.9408E-01  1.3756E-03
  9.9953E+00  3.3396E+01  3.2792E-05  4.3537E-01  2.2766E-02  4.9037E-01 -2.1990E-02
  1.0007E+01  3.3436E+01  3.2790E-05  4.3511E-01  1.4655E-02  4.9710E-01 -1.3388E-02
  1.0019E+01  3.3476E+01  3.2806E-05  4.3507E-01  6.2756E-03  4.9709E-01 -1.9899E-03
  1.0031E+01  3.3516E+01  3.2811E-05  4.3490E-01  2.4759E-02  4.8781E-01 -2.4063E-02
  1.0043E+01  3.3556E+01  3.2812E-05  4.3467E-01  9.0681E-03  4.9944E-01 -6.8358E-03
  1.0055E+01  3.3596E+01  3.2829E-05  4.3465E-01  9.8131E-03  4.9869E-01 -7.8101E-03
  1.0067E+01  3.3636E+01  3.2830E-05  4.3442E-01  2.4452E-02  4.8821E-01 -2.3753E-02
  1.0079E+01  3.3676E+01  3.2835E-05  4.3426E-01  6.0484E-03  4.9702E-01 -1.3305E-03
  1.0091E+01  3.3716E+01  3.2851E-05  4.3422E-01  1.5307E-02  4.9571E-01 -1.4134E-02
  1.0103E+01  3.3756E+01  3.2849E-05  4.3396E-01  2.1784E-02  4.9068E-01 -2.0996E-02
  1.0115E+01  3.3796E+01  3.2859E-05  4.3385E-01  5.9799E-03  4.9345E-01  1.3334E-03
  1.0127E+01  3.3836E+01  3.2871E-05  4.3377E-01  2.0200E-02  4.9142E-01 -1.9350E-02
  1.0139E+01  3.3876E+01  3.2870E-05  4.3351E-01  1.7147E-02  4.9490E-01 -1.6127E-02
  1.0151E+01  3.3916E+01  3.2885E-05  4.3346E-01  5.8216E-03  4.9515E-01  8.3166E-05
  1.0163E+01  3.3956E+01  3.2894E-05  4.3331E-01  2.3391E-02  4.8925E-01 -2.2675E-02
  1.0175E+01  3.3996E+01  3.2896E-05  4.3308E-01  1.1617E-02  5.0049E-01 -1.0029E-02
  1.0187E+01  3.4036E+01  3.2918E-05  4.3305E-01  7.3820E-03  5.0068E-01 -4.4924E-03
  1.0199E+01  3.4076E+01  3.2930E-05  4.3285E-01  2.4311E-02  4.8955E-01 -2.3629E-02
  1.0211E+01  3.4116E+01  3.2945E-05  4.3266E-01  7.0536E-03  4.9958E-01 -3.9788E-03
  1.0223E+01  3.4156E+01  3.2975E-05  4.3263E-01  1.2131E-02  4.9768E-01 -1.0658E-02
  1.0235E+01  3.4196E+01  3.2990E-05  4.3239E-01  2.2935E-02  4.8927E-01 -2.2219E-02
  1.0247E+01  3.4236E+01  3.3012E-05  4.3226E-01  5.7461E-03  4.9505E-01  1.5950E-04
  1.0259E+01  3.4276E+01  3.3042E-05  4.3220E-01  1.7600E-02  4.9356E-01 -1.6645E-02
  1.0271E+01  3.4316E+01  3.3056E-05  4.3194E-01  1.9565E-02  4.9261E-01 -1.8717E-02
  1.0283E+01  3.4356E+01  3.3083E-05  4.3186E-01  5.7564E-03  4.9351E-01  8.1051E-04
  1.0295E+01  3.4396E+01  3.3108E-05  4.3174E-01  2.1801E-02  4.8987E-01 -2.1057E-02
  1.0307E+01  3.4436E+01  3.3122E-05  4.3149E-01  1.4624E-02  4.9702E-01 -1.3459E-02
  1.0319E+01  3.4476E+01  3.3153E-05  4.3145E-01  6.1302E-03  4.9668E-01 -2.2333E-03
  1.0331E+01  3.4516E+01  3.3173E-05  4.3128E-01  2.3950E-02  4.8809E-01 -2.3286E-02
  1.0343E+01  3.4556E+01  3.3189E-05  4.3106E-01  9.3676E-03  4.9955E-01 -7.4167E-03
  1.0355E+01  3.4596E+01  3.3220E-05  4.3103E-01  9.6565E-03  4.9837E-01 -7.7937E-03
  1.0367E+01  3.4636E+01  3.3236E-05  4.3081E-01  2.3921E-02  4.8851E-01 -2.3261E-02
  1.0379E+01  3.4676E+01  3.3254E-05  4.3064E-01  6.1076E-03  4.9767E-01 -2.2593E-03
  1.0391E+01  3.4716E+01  3.3282E-05  4.3060E-01  1.5001E-02  4.9651E-01 -1.3895E-02
  1.0403E+01  3.4756E+01  3.3292E-05  4.3034E-01  2.1611E-02  4.9277E-01 -2.0873E-02
  1.0415E+01  3.4797E+01  3.3310E-05  4.3023E-01  5.6453E-03  4.9598E-01  4.2774E-04
  1.0427E+01  3.4837E+01  3.3326E-05  4.3014E-01  2.0204E-02  4.9270E-01 -1.9417E-02
  1.0439E+01  3.4877E+01  3.3327E-05  4.2988E-01  1.6752E-02  4.9595E-01 -1.5785E-02
  1.0451E+01  3.4917E+01  3.3341E-05  4.2982E-01  5.6835E-03  4.9526E-01 -9.9676E-04
  1.0463E+01  3.4957E+01  3.3348E-05  4.2967E-01  2.3097E-02  4.8870E-01 -2.2430E-02
  1.0475E+01  3.4997E+01  3.3347E-05  4.2944E-01  1.1442E-02  4.9914E-01 -9.9662E-03
  1.0487E+01  3.5037E+01  3.3362E-05  4.2941E-01  7.8193E-03  4.9798E-01 -5.4568E-03
  1.0499E+01  3.5077E+01  3.3364E-05  4.2921E-01  2.3806E-02  4.8813E-01 -2.3166E-02
  1.0511E+01  3.5117E+01  3.3367E-05  4.2902E-01  7.0197E-03  4.9897E-01 -4.2416E-03
  1.0523E+01  3.5157E+01  3.3381E-05  4.2898E-01  1.2529E-02  4.9689E-01 -1.1226E-02
  1.0535E+01  3.5197E+01  3.3380E-05  4.2874E-01  2.2273E-02  4.8969E-01 -2.1590E-02
  1.0547E+01  3.5237E+01  3.3387E-05  4.2861E-01  5.5366E-03  4.9502E-01 -3.7152E-04
  1.0559E+01  3.5277E+01  3.3399E-05  4.2854E-01  1.7566E-02  4.9308E-01 -1.6685E-02
  1.0571E+01  3.5317E+01  3.3396E-05  4.2829E-01  1.8835E-02  4.9314E-01 -1.8018E-02
  1.0583E+01  3.5357E+01  3.3407E-05  4.2821E-01  5.4863E-03  4.9364E-01  1.5248E-04
  1.0595E+01  3.5397E+01  3.3415E-05  4.2809E-01  2.1303E-02  4.8973E-01 -2.0599E-02
  1.0607E+01  3.5437E+01  3.3413E-05  4.2785E-01  1.3953E-02  4.9817E-01 -1.2816E-02
  1.0619E+01  3.5477E+01  3.3426E-05  4.2781E-01  6.1631E-03  4.9727E-01 -2.7810E-03
  1.0631E+01  3.5517E+01  3.3430E-05  4.2764E-01  2.3075E-02  4.8894E-01 -2.2435E-02
  1.0643E+01  3.5557E+01  3.3431E-05  4.2743E-01  8.8735E-03  5.0040E-01 -6.9500E-03
  1.0655E+01  3.5597E+01  3.3445E-05  4.2740E-01  9.6951E-03  4.9849E-01 -7.9916E-03
  1.0667E+01  3.5637E+01  3.3445E-05  4.2719E-01  2.2789E-02  4.8947E-01 -2.2145E-02
  1.0679E+01  3.5677E+01  3.3449E-05  4.2703E-01  5.8365E-03  4.9800E-01 -2.0457E-03
  1.0691E+01  3.5717E+01  3.3463E-05  4.2698E-01  1.4672E-02  4.9574E-01 -1.3628E-02
  1.0703E+01  3.5757E+01  3.3460E-05  4.2674E-01  2.0387E-02  4.9192E-01 -1.9664E-02
  1.0715E+01  3.5797E+01  3.3469E-05  4.2663E-01  5.4109E-03  4.9442E-01  2.8798E-04
  1.0727E+01  3.5837E+01  3.3479E-05  4.2655E-01  1.9044E-02  4.9196E-01 -1.8271E-02
  1.0739E+01  3.5877E+01  3.3476E-05  4.2630E-01  1.6213E-02  4.9598E-01 -1.5286E-02
  1.0751E+01  3.5917E+01  3.3488E-05  4.2624E-01  5.4635E-03  4.9546E-01 -8.8595E-04
  1.0763E+01  3.5957E+01  3.3494E-05  4.2610E-01  2.1883E-02  4.8952E-01 -2.1227E-02
  1.0775E+01  3.5997E+01  3.3493E-05  4.2588E-01  1.1203E-02  4.9976E-01 -9.8042E-03
  1.0787E+01  3.6037E+01  3.3507E-05  4.2585E-01  7.3580E-03  4.9817E-01 -5.0010E-03
  1.0799E+01  3.6077E+01  3.3509E-05  4.2566E-01  2.2668E-02  4.8899E-01 -2.2042E-02
  1.0811E+01  3.6117E+01  3.3511E-05  4.2548E-01  6.9237E-03  4.9987E-01 -4.3349E-03
  1.0823E+01  3.6157E+01  3.3525E-05  4.2544E-01  1.1739E-02  4.9731E-01 -1.0442E-02
  1.0835E+01  3.6197E+01  3.3523E-05  4.2522E-01  2.1327E-02  4.9047E-01 -2.0663E-02
  1.0847E+01  3.6238E+01  3.3530E-05  4.2509E-01  5.3375E-03  4.9560E-01 -2.9260E-04
  1.0859E+01  3.6278E+01  3.3541E-05  4.2502E-01  1.7028E-02  4.9335E-01 -1.6183E-02
  1.0871E+01  3.6318E+01  3.3539E-05  4.2478E-01  1.7709E-02  4.9426E-01 -1.6897E-02
  1.0883E+01  3.6358E+01  3.3549E-05  4.2471E-01  5.2942E-03  4.9442E-01 -2.2121E-05
  1.0895E+01  3.6398E+01  3.3556E-05  4.2459E-01  2.0469E-02  4.9031E-01 -1.9786E-02
  1.0907E+01  3.6438E+01  3.3554E-05  4.2436E-01  1.3027E-02  4.9850E-01 -1.1891E-02
  1.0919E+01  3.6478E+01  3.3567E-05  4.2432E-01  6.0850E-03  4.9714E-01 -2.9882E-03
  1.0931E+01  3.6518E+01  3.3571E-05  4.2416E-01  2.2029E-02  4.8906E-01 -2.1405E-02
  1.0943E+01  3.6558E+01  3.3571E-05  4.2396E-01  8.2667E-03  5.0045E-01 -6.3276E-03
  1.0955E+01  3.6598E+01  3.3585E-05  4.2393E-01  9.5960E-03  4.9797E-01 -8.0081E-03
  1.0967E+01  3.6638E+01  3.3585E-05  4.2372E-01  2.1639E-02  4.8974E-01 -2.1007E-02
  1.0979E+01  3.6678E+01  3.3589E-05  4.2357E-01  5.5630E-03  4.9782E-01 -1.7828E-03
  1.0991E+01  3.6718E+01  3.3602E-05  4.2353E-01  1.4321E-02  4.9519E-01 -1.3330E-02
  1.1003E+01  3.6758E+01  3.3599E-05  4.2330E-01  1.9248E-02  4.9160E-01 -1.8536E-02
  1.1015E+01  3.6798E+01  3.3608E-05  4.2320E-01  5.2091E-03  4.9369E-01  2.3014E-04
  1.1027E+01  3.6838E+01  3.3617E-05  4.2311E-01  1.8390E-02  4.9097E-01 -1.7649E-02
  1.1039E+01  3.6878E+01  3.3615E-05  4.2288E-01  1.5206E-02  4.9567E-01 -1.4286E-02
  1.1051E+01  3.6918E+01  3.3626E-05  4.2283E-01  5.3090E-03  4.9479E-01 -1.0987E-03
  1.1063E+01  3.6958E+01  3.3631E-05  4.2269E-01  2.0977E-02  4.8882E-01 -2.0342E-02
  1.1075E+01  3.6998E+01  3.3631E-05  4.2248E-01  1.0440E-02  4.9928E-01 -9.0381E-03
  1.1087E+01  3.7038E+01  3.3644E-05  4.2245E-01  7.3089E-03  4.9715E-01 -5.1390E-03
  1.1099E+01  3.7078E+01  3.3646E-05  4.2226E-01  2.1605E-02  4.8849E-01 -2.0995E-02
  1.1111E+01  3.7118E+01  3.3648E-05  4.2209E-01  6.4966E-03  4.9909E-01 -3.8919E-03
  1.1123E+01  3.7158E+01  3.3661E-05  4.2206E-01  1.1548E-02  4.9606E-01 -1.0329E-02
  1.1135E+01  3.7198E+01  3.3660E-05  4.2184E-01  2.0218E-02  4.9013E-01 -1.9566E-02
  1.1147E+01  3.7238E+01  3.3666E-05  4.2172E-01  5.1606E-03  4.9531E-01 -4.4502E-04
  1.1159E+01  3.7278E+01  3.3678E-05  4.2166E-01  1.6063E-02  4.9306E-01 -1.5227E-02
  1.1171E+01  3.7318E+01  3.3678E-05  4.2143E-01  1.7119E-02  4.9465E-01 -1.6336E-02
  1.1183E+01  3.7358E+01  3.3692E-05  4.2136E-01  5.1245E-03  4.9568E-01 -3.5541E-05
  1.1195E+01  3.7398E+01  3.3706E-05  4.2125E-01  1.9427E-02  4.9159E-01 -1.8753E-02
  1.1207E+01  3.7438E+01  3.3713E-05  4.2103E-01  1.2745E-02  4.9851E-01 -1.1663E-02
  1.1219E+01  3.7478E+01  3.3737E-05  4.2099E-01  5.8163E-03  4.9628E-01 -2.7786E-03
  1.1231E+01  3.7518E+01  3.3753E-05  4.2083E-01  2.1079E-02  4.8856E-01 -2.0472E-02
  1.1243E+01  3.7558E+01  3.3766E-05  4.2064E-01  8.2475E-03  4.9979E-01 -6.4572E-03
  1.1255E+01  3.7598E+01  3.3793E-05  4.2061E-01  9.1421E-03  4.9695E-01 -7.5901E-03
  1.1267E+01  3.7638E+01  3.3806E-05  4.2041E-01  2.0915E-02  4.8912E-01 -2.0306E-02
  1.1279E+01  3.7679E+01  3.3824E-05  4.2026E-01  5.3854E-03  4.9693E-01 -1.7854E-03
  1.1291E+01  3.7719E+01  3.3850E-05  4.2021E-01  1.4242E-02  4.9404E-01 -1.3318E-02
  1.1303E+01  3.7759E+01  3.3861E-05  4.1999E-01  1.8499E-02  4.9196E-01 -1.7806E-02
  1.1315E+01  3.7799E+01  3.3882E-05  4.1989E-01  5.0306E-03  4.9367E-01 -1.7605E-04
  1.1327E+01  3.7839E+01  3.3904E-05  4.1980E-01  1.8148E-02  4.9076E-01 -1.7448E-02
  1.1339E+01  3.7879E+01  3.3915E-05  4.1958E-01  1.4674E-02  4.9603E-01 -1.3782E-02
  1.1351E+01  3.7919E+01  3.3939E-05  4.1952E-01  5.3151E-03  4.9485E-01 -1.7471E-03
  1.1363E+01  3.7959E+01  3.3956E-05  4.1938E-01  2.0607E-02  4.8890E-01 -2.0003E-02
  1.1375E+01  3.7999E+01  3.3968E-05  4.1918E-01  1.0191E-02  4.9961E-01 -8.8493E-03
  1.1387E+01  3.8039E+01  3.3992E-05  4.1914E-01  7.6755E-03  4.9739E-01 -5.8013E-03
  1.1399E+01  3.8079E+01  3.4003E-05  4.1896E-01  2.1172E-02  4.9016E-01 -2.0586E-02
  1.1411E+01  3.8119E+01  3.4013E-05  4.1879E-01  6.4815E-03  5.0115E-01 -4.0638E-03
  1.1423E+01  3.8159E+01  3.4031E-05  4.1875E-01  1.1897E-02  4.9723E-01 -1.0794E-02
  1.1435E+01  3.8199E+01  3.4033E-05  4.1853E-01  1.9758E-02  4.9120E-01 -1.9131E-02
  1.1447E+01  3.8239E+01  3.4040E-05  4.1841E-01  5.0603E-03  4.9532E-01 -9.4466E-04
  1.1459E+01  3.8279E+01  3.4051E-05  4.1834E-01  1.6168E-02  4.9236E-01 -1.5396E-02
  1.1471E+01  3.8319E+01  3.4048E-05  4.1812E-01  1.6700E-02  4.9393E-01 -1.5951E-02
  1.1483E+01  3.8359E+01  3.4057E-05  4.1804E-01  4.9931E-03  4.9370E-01 -7.5289E-04
  1.1495E+01  3.8399E+01  3.4064E-05  4.1793E-01  1.9268E-02  4.8964E-01 -1.8637E-02
  1.1507E+01  3.8439E+01  3.4061E-05  4.1771E-01  1.2435E-02  4.9804E-01 -1.1400E-02
  1.1519E+01  3.8479E+01  3.4073E-05  4.1767E-01  6.0393E-03  4.9589E-01 -3.4756E-03
  1.1531E+01  3.8519E+01  3.4076E-05  4.1751E-01  2.0667E-02  4.8864E-01 -2.0088E-02
  1.1543E+01  3.8559E+01  3.4076E-05  4.1732E-01  8.0650E-03  4.9989E-01 -6.3556E-03
  1.1555E+01  3.8599E+01  3.4088E-05  4.1729E-01  9.4184E-03  4.9645E-01 -8.0277E-03
  1.1567E+01  3.8639E+01  3.4087E-05  4.1709E-01  2.0302E-02  4.8941E-01 -1.9714E-02
  1.1579E+01  3.8679E+01  3.4091E-05  4.1695E-01  5.4136E-03  4.9727E-01 -2.2582E-03
  1.1591E+01  3.8719E+01  3.4102E-05  4.1690E-01  1.3730E-02  4.9391E-01 -1.2833E-02
  1.1603E+01  3.8759E+01  3.4099E-05  4.1668E-01  1.8124E-02  4.9264E-01 -1.7459E-02
  1.1615E+01  3.8799E+01  3.4106E-05  4.1658E-01  4.8976E-03  4.9448E-01 -4.8063E-04
  1.1627E+01  3.8839E+01  3.4114E-05  4.1650E-01  1.7412E-02  4.9148E-01 -1.6726E-02
  1.1639E+01  3.8879E+01  3.4112E-05  4.1628E-01  1.4438E-02  4.9661E-01 -1.3588E-02
  1.1651E+01  3.8919E+01  3.4122E-05  4.1622E-01  5.1626E-03  4.9519E-01 -1.7341E-03
  1.1663E+01  3.8959E+01  3.4126E-05  4.1609E-01  1.9743E-02  4.8965E-01 -1.9150E-02
  1.1675E+01  3.8999E+01  3.4125E-05  4.1589E-01  1.0082E-02  5.0010E-01 -8.8124E-03
  1.1687E+01  3.9039E+01  3.4137E-05  4.1585E-01  7.2826E-03  4.9708E-01 -5.4211E-03
  1.1699E+01  3.9080E+01  3.4137E-05  4.1567E-01  2.0261E-02  4.8960E-01 -1.9688E-02
  1.1711E+01  3.9120E+01  3.4139E-05  4.1551E-01  6.1139E-03  4.9951E-01 -3.6920E-03
  1.1723E+01  3.9160E+01  3.4151E-05  4.1547E-01  1.1707E-02  4.9568E-01 -1.0664E-02
  1.1735E+01  3.9200E+01  3.4149E-05  4.1527E-01  1.8791E-02  4.9142E-01 -1.8172E-02
  1.1747E+01  3.9240E+01  3.4154E-05  4.1515E-01  4.8939E-03  4.9558E-01 -8.6362E-04
  1.1759E+01  3.9280E+01  3.4164E-05  4.1508E-01  1.5734E-02  4.9258E-01 -1.4990E-02
  1.1771E+01  3.9320E+01  3.4161E-05  4.1487E-01  1.5790E-02  4.9491E-01 -1.5043E-02
  1.1783E+01  3.9360E+01  3.4170E-05  4.1480E-01  4.8671E-03  4.9436E-01 -8.7695E-04
  1.1795E+01  3.9400E+01  3.4175E-05  4.1469E-01  1.8601E-02  4.9020E-01 -1.7986E-02
  1.1807E+01  3.9440E+01  3.4173E-05  4.1448E-01  1.1681E-02  4.9895E-01 -1.0641E-02
  1.1819E+01  3.9480E+01  3.4185E-05  4.1444E-01  6.0074E-03  4.9637E-01 -3.6265E-03
  1.1831E+01  3.9520E+01  3.4187E-05  4.1428E-01  1.9833E-02  4.8940E-01 -1.9264E-02
  1.1843E+01  3.9560E+01  3.4187E-05  4.1411E-01  7.5663E-03  5.0053E-01 -5.8352E-03
  1.1855E+01  3.9600E+01  3.4199E-05  4.1407E-01  9.3401E-03  4.9664E-01 -8.0277E-03
  1.1867E+01  3.9640E+01  3.4198E-05  4.1388E-01  1.9380E-02  4.9031E-01 -1.8799E-02
  1.1879E+01  3.9680E+01  3.4201E-05  4.1375E-01  5.1849E-03  4.9771E-01 -2.0279E-03
  1.1891E+01  3.9720E+01  3.4212E-05  4.1370E-01  1.3445E-02  4.9411E-01 -1.2585E-02
  1.1903E+01  3.9760E+01  3.4209E-05  4.1349E-01  1.7204E-02  4.9295E-01 -1.6546E-02
  1.1915E+01  3.9800E+01  3.4216E-05  4.1340E-01  4.7505E-03  4.9439E-01 -5.1113E-04
  1.1927E+01  3.9840E+01  3.4224E-05  4.1331E-01  1.6886E-02  4.9123E-01 -1.6222E-02
  1.1939E+01  3.9880E+01  3.4221E-05  4.1310E-01  1.3618E-02  4.9692E-01 -1.2769E-02
  1.1951E+01  3.9920E+01  3.4231E-05  4.1305E-01  5.0779E-03  4.9513E-01 -1.8903E-03
  1.1963E+01  3.9960E+01  3.4235E-05  4.1292E-01  1.9016E-02  4.8963E-01 -1.8437E-02
  1.1975E+01  4.0000E+01  3.4234E-05  4.1273E-01  9.4549E-03  5.0023E-01 -8.1757E-03
  1.2000E+01  4.0084E+01  3.4246E-05  4.1251E-01  1.9253E-02  4.9075E-01 -1.8684E-02
