  0.0000E+00  0.0000E+00  0.0000E+00  0.0000E+00  0.0000E+00  0.0000E+00  0.0000E+00
  1.1041E-02 -6.7657E-08 -4.0735E-07  3.6106E-01 -2.9164E-11 -3.2865E-09  3.6102E-01
  2.3083E-02  1.4392E-07 -4.0933E-07  3.6218E-01 -6.4298E-10 -3.7749E-09  3.6213E-01
  3.5286E-02 -2.8162E-07 -4.1791E-07  3.6416E-01 -1.3125E-09 -5.7937E-09  3.6402E-01
  4.7019E-02 -4.1448E-07 -4.0069E-07  3.6760E-01 -9.9677E-10 -2.7336E-09  3.6757E-01
  5.9089E-02  3.5153E-07 -3.9408E-07  3.6936E-01 -1.0691E-09 -1.1703E-09  3.6935E-01
  7.1070E-02  7.5676E-07 -4.0711E-07  3.6954E-01 -3.5134E-09 -3.3344E-09  3.6948E-01
  8.3163E-02 -1.7464E-07 -4.2117E-07  3.6988E-01 -6.1351E-08 -4.1180E-08  3.6235E-01
  9.5127E-02 -5.8767E-07 -3.9546E-07  3.7178E-01 -6.4647E-09 -6.3211E-09  3.7161E-01
  1.0707E-01  2.6479E-07 -3.8898E-07  3.7314E-01 -3.9427E-09 -2.8862E-09  3.7309E-01
  1.1907E-01  6.6385E-07 -4.1379E-07  3.7392E-01 -5.5192E-08 -4.4276E-08  3.6246E-01
  1.3123E-01 -3.2320E-08 -4.1932E-07  3.7630E-01 -3.2430E-08 -4.6806E-08  3.6727E-01
  1.4305E-01 -2.6219E-07 -4.1163E-07  3.8883E-01 -3.7485E-08 -6.8492E-08  3.7038E-01
  1.5521E-01 -1.5469E-07 -4.1608E-07  4.4746E-01 -3.9107E-08 -9.9446E-08  4.1701E-01
  1.6717E-01 -7.4492E-08 -4.1969E-07  6.2492E-01 -4.0933E-08 -8.2977E-08  6.0689E-01
  1.7901E-01 -4.5793E-08 -4.2211E-07  8.9941E-01 -4.1847E-08 -7.6009E-08  8.8810E-01
  1.9127E-01 -7.1737E-08 -4.2327E-07  1.0449E+00 -4.1855E-08 -7.4431E-08  1.0354E+00
  2.0323E-01 -1.0719E-07 -4.2442E-07  8.9975E-01 -4.1924E-08 -7.3021E-08  8.8888E-01
  2.1519E-01 -1.3956E-07 -4.2571E-07  6.5544E-01 -4.2058E-08 -7.1782E-08  6.4066E-01
  2.2715E-01 -1.6228E-07 -4.2751E-07  4.9116E-01 -4.2220E-08 -7.0708E-08  4.7150E-01
  2.3911E-01 -1.7661E-07 -4.2987E-07  4.1757E-01 -4.2396E-08 -6.9779E-08  3.9447E-01
  2.5107E-01 -1.8552E-07 -4.3263E-07  3.9038E-01 -4.2591E-08 -6.8980E-08  3.6573E-01
  2.6303E-01 -1.9115E-07 -4.3563E-07  3.8079E-01 -4.2815E-08 -6.8297E-08  3.5560E-01
  2.7529E-01 -1.9483E-07 -4.3886E-07  3.7733E-01 -4.3079E-08 -6.7705E-08  3.5194E-01
  2.8725E-01 -1.9706E-07 -4.4210E-07  3.7618E-01 -4.3375E-08 -6.7225E-08  3.5072E-01
  2.9921E-01 -1.9825E-07 -4.4538E-07  3.7599E-01 -4.3711E-08 -6.6832E-08  3.5047E-01
  3.1117E-01 -1.9848E-07 -4.4866E-07  3.7649E-01 -4.4091E-08 -6.6520E-08  3.5093E-01
  3.2313E-01 -1.9758E-07 -4.5191E-07  3.7818E-01 -4.4516E-08 -6.6282E-08  3.5261E-01
  3.3509E-01 -1.9509E-07 -4.5508E-07  3.8300E-01 -4.4994E-08 -6.6116E-08  3.5760E-01
  3.4705E-01 -1.9008E-07 -4.5807E-07  3.9738E-01 -4.5532E-08 -6.6015E-08  3.7276E-01
  3.5901E-01 -1.8071E-07 -4.6073E-07  4.4154E-01 -4.6152E-08 -6.5980E-08  4.1931E-01
  3.7127E-01 -1.6298E-07 -4.6282E-07  5.7360E-01 -4.6907E-08 -6.6010E-08  5.5648E-01
  3.8323E-01 -1.3212E-07 -4.6385E-07  8.7676E-01 -4.7810E-08 -6.6097E-08  8.6552E-01
  3.9519E-01 -8.2879E-08 -4.6379E-07  1.3766E+00 -4.8887E-08 -6.6194E-08  1.3694E+00
  4.0715E-01 -2.1684E-08 -4.6349E-07  1.8131E+00 -5.0001E-08 -6.6178E-08  1.8076E+00
  4.1911E-01  2.8406E-08 -4.6371E-07  1.7438E+00 -5.0976E-08 -6.5968E-08  1.7381E+00
  4.3107E-01  5.3519E-08 -4.6358E-07  1.2370E+00 -5.1903E-08 -6.5655E-08  1.2289E+00
  4.4303E-01  6.1772E-08 -4.6258E-07  7.5053E-01 -5.2909E-08 -6.5346E-08  7.3716E-01
  4.5529E-01  6.3745E-08 -4.6104E-07  4.9245E-01 -5.4018E-08 -6.5072E-08  4.7185E-01
  4.6725E-01  6.3953E-08 -4.5937E-07  4.1011E-01 -5.5146E-08 -6.4848E-08  3.8516E-01
  4.7921E-01  6.3744E-08 -4.5764E-07  3.8929E-01 -5.6306E-08 -6.4660E-08  3.6292E-01
  4.9117E-01  6.3426E-08 -4.5587E-07  3.8455E-01 -5.7492E-08 -6.4504E-08  3.5783E-01
  5.0313E-01  6.3079E-08 -4.5408E-07  3.8378E-01 -5.8703E-08 -6.4378E-08  3.5698E-01
  5.1509E-01  6.2723E-08 -4.5227E-07  3.8406E-01 -5.9938E-08 -6.4281E-08  3.5726E-01
  5.2706E-01  6.2365E-08 -4.5044E-07  3.8466E-01 -6.1199E-08 -6.4213E-08  3.5787E-01
  5.3902E-01  6.2007E-08 -4.4858E-07  3.8538E-01 -6.2485E-08 -6.4173E-08  3.5860E-01
  5.5128E-01  6.1640E-08 -4.4665E-07  3.8617E-01 -6.3829E-08 -6.4162E-08  3.5939E-01
  5.6324E-01  6.1284E-08 -4.4475E-07  3.8697E-01 -6.5165E-08 -6.4179E-08  3.6018E-01
  5.7520E-01  6.0929E-08 -4.4283E-07  3.8779E-01 -6.6527E-08 -6.4223E-08  3.6098E-01
  5.8716E-01  6.0576E-08 -4.4088E-07  3.8863E-01 -6.7913E-08 -6.4294E-08  3.6179E-01
  5.9912E-01  6.0223E-08 -4.3891E-07  3.8948E-01 -6.9326E-08 -6.4393E-08  3.6261E-01
  6.1108E-01  5.9872E-08 -4.3692E-07  4.0441E-01 -7.0769E-08 -6.4525E-08  3.7848E-01
  6.2304E-01  5.9522E-08 -4.3491E-07  4.0527E-01 -7.2236E-08 -6.4679E-08  3.7928E-01
  6.3500E-01  5.9173E-08 -4.3287E-07  4.0614E-01 -7.3731E-08 -6.4859E-08  3.8009E-01
  6.4726E-01  5.8815E-08 -4.3076E-07  4.0705E-01 -7.5292E-08 -6.5071E-08  3.8093E-01
  6.5922E-01  5.8468E-08 -4.2867E-07  4.0795E-01 -7.6841E-08 -6.5302E-08  3.8174E-01
  6.7118E-01  5.8123E-08 -4.2656E-07  4.0886E-01 -7.8415E-08 -6.5558E-08  3.8257E-01
  6.8314E-01  5.7779E-08 -4.2443E-07  4.0978E-01 -8.0017E-08 -6.5841E-08  3.8339E-01
  6.9510E-01  5.7437E-08 -4.2227E-07  4.1072E-01 -8.1645E-08 -6.6148E-08  3.8423E-01
  7.0707E-01  5.7098E-08 -4.2009E-07  4.1167E-01 -8.3300E-08 -6.6481E-08  3.8507E-01
  7.1903E-01  5.6762E-08 -4.1789E-07  4.1263E-01 -8.4983E-08 -6.6838E-08  3.8591E-01
  7.3129E-01  5.6419E-08 -4.1560E-07  4.1363E-01 -8.6735E-08 -6.7230E-08  3.8678E-01
  7.4325E-01  5.6084E-08 -4.1335E-07  4.1462E-01 -8.8470E-08 -6.7634E-08  3.8764E-01
  7.5521E-01  5.5751E-08 -4.1107E-07  4.1562E-01 -9.0231E-08 -6.8062E-08  3.8851E-01
  7.6717E-01  5.5421E-08 -4.0876E-07  4.1663E-01 -9.2016E-08 -6.8512E-08  3.8937E-01
  7.7913E-01  5.5092E-08 -4.0643E-07  4.1765E-01 -9.3825E-08 -6.8983E-08  3.9024E-01
  7.9109E-01  5.4764E-08 -4.0406E-07  4.1869E-01 -9.5658E-08 -6.9477E-08  3.9112E-01
  8.0305E-01  5.4437E-08 -4.0167E-07  4.1973E-01 -9.7516E-08 -6.9994E-08  3.9200E-01
  8.1501E-01  5.4112E-08 -3.9925E-07  4.2078E-01 -9.9397E-08 -7.0531E-08  3.9289E-01
  8.2727E-01  5.3780E-08 -3.9675E-07  4.2188E-01 -1.0135E-07 -7.1102E-08  3.9381E-01
  8.3923E-01  5.3457E-08 -3.9427E-07  4.2295E-01 -1.0327E-07 -7.1678E-08  3.9471E-01
  8.5119E-01  5.3136E-08 -3.9177E-07  4.2403E-01 -1.0521E-07 -7.2272E-08  3.9562E-01
  8.6315E-01  5.2816E-08 -3.8924E-07  4.2512E-01 -1.0717E-07 -7.2883E-08  3.9653E-01
  8.7511E-01  5.2496E-08 -3.8669E-07  4.2622E-01 -1.0914E-07 -7.3509E-08  3.9745E-01
  8.8708E-01  5.2180E-08 -3.8410E-07  4.2733E-01 -1.1113E-07 -7.4151E-08  3.9838E-01
  8.9904E-01  5.1867E-08 -3.8148E-07  4.2845E-01 -1.1313E-07 -7.4808E-08  3.9931E-01
  9.1130E-01  5.1549E-08 -3.7877E-07  4.2960E-01 -1.1520E-07 -7.5497E-08  4.0027E-01
  9.2326E-01  5.1240E-08 -3.7610E-07  4.3073E-01 -1.1722E-07 -7.6183E-08  4.0122E-01
  9.3522E-01  5.0934E-08 -3.7339E-07  4.3187E-01 -1.1925E-07 -7.6879E-08  4.0218E-01
  9.4718E-01  5.0628E-08 -3.7065E-07  4.3301E-01 -1.2128E-07 -7.7583E-08  4.0314E-01
  9.5914E-01  5.0322E-08 -3.6787E-07  4.3416E-01 -1.2332E-07 -7.8295E-08  4.0411E-01
  9.7110E-01  5.0016E-08 -3.6507E-07  4.3530E-01 -1.2535E-07 -7.9013E-08  4.0508E-01
  9.8306E-01  4.9712E-08 -3.6223E-07  4.3646E-01 -1.2738E-07 -7.9736E-08  4.0607E-01
  9.9502E-01  4.9409E-08 -3.5936E-07  4.3761E-01 -1.2940E-07 -8.0463E-08  4.0706E-01
  1.0073E+00  4.9098E-08 -3.5638E-07  4.3880E-01 -1.3146E-07 -8.1211E-08  4.0809E-01
  1.0192E+00  4.8796E-08 -3.5344E-07  4.3996E-01 -1.3346E-07 -8.1943E-08  4.0910E-01
  1.0312E+00  4.8495E-08 -3.5046E-07  4.4113E-01 -1.3545E-07 -8.2673E-08  4.1011E-01
  1.0432E+00  4.8195E-08 -3.4745E-07  4.4229E-01 -1.3741E-07 -8.3402E-08  4.1114E-01
  1.0551E+00  4.7896E-08 -3.4440E-07  4.4345E-01 -1.3935E-07 -8.4126E-08  4.1217E-01
  1.0671E+00  4.7599E-08 -3.4132E-07  4.4462E-01 -1.4127E-07 -8.4844E-08  4.1322E-01
  1.0790E+00  4.7304E-08 -3.3820E-07  4.4578E-01 -1.4316E-07 -8.5554E-08  4.1427E-01
  1.0910E+00  4.7010E-08 -3.3504E-07  4.4694E-01 -1.4501E-07 -8.6254E-08  4.1534E-01
  1.1033E+00  4.6711E-08 -3.3176E-07  4.4813E-01 -1.4687E-07 -8.6958E-08  4.1645E-01
  1.1152E+00  4.6421E-08 -3.2853E-07  4.4929E-01 -1.4864E-07 -8.7635E-08  4.1753E-01
  1.1272E+00  4.6133E-08 -3.2526E-07  4.5045E-01 -1.5037E-07 -8.8298E-08  4.1864E-01
  1.1391E+00  4.5848E-08 -3.2194E-07  4.5161E-01 -1.5205E-07 -8.8944E-08  4.1975E-01
  1.1511E+00  4.5565E-08 -3.1859E-07  4.5276E-01 -1.5368E-07 -8.9569E-08  4.2087E-01
  1.1631E+00  4.5284E-08 -3.1519E-07  4.5391E-01 -1.5525E-07 -9.0173E-08  4.2201E-01
  1.1750E+00  4.5004E-08 -3.1175E-07  4.5505E-01 -1.5676E-07 -9.0752E-08  4.2315E-01
  1.1873E+00  4.4719E-08 -3.0819E-07  4.5621E-01 -1.5824E-07 -9.1316E-08  4.2434E-01
  1.1993E+00  4.4443E-08 -3.0467E-07  4.5734E-01 -1.5960E-07 -9.1837E-08  4.2551E-01
  1.2112E+00  4.4168E-08 -3.0111E-07  4.5846E-01 -1.6090E-07 -9.2330E-08  4.2669E-01
  1.2232E+00  4.3892E-08 -2.9750E-07  4.5958E-01 -1.6212E-07 -9.2793E-08  4.2789E-01
  1.2351E+00  4.3618E-08 -2.9386E-07  4.6069E-01 -1.6326E-07 -9.3222E-08  4.2910E-01
  1.2471E+00  4.3346E-08 -2.9017E-07  4.6179E-01 -1.6432E-07 -9.3614E-08  4.3033E-01
  1.2591E+00  4.3074E-08 -2.8644E-07  4.6289E-01 -1.6529E-07 -9.3966E-08  4.3157E-01
  1.2710E+00  4.2805E-08 -2.8266E-07  4.6397E-01 -1.6616E-07 -9.4278E-08  4.3282E-01
  1.2833E+00  4.2530E-08 -2.7874E-07  4.6507E-01 -1.6695E-07 -9.4552E-08  4.3411E-01
  1.2952E+00  4.2263E-08 -2.7487E-07  4.6614E-01 -1.6762E-07 -9.4776E-08  4.3539E-01
  1.3072E+00  4.1998E-08 -2.7095E-07  4.6719E-01 -1.6819E-07 -9.4953E-08  4.3668E-01
  1.3192E+00  4.1732E-08 -2.6698E-07  4.6823E-01 -1.6865E-07 -9.5082E-08  4.3798E-01
  1.3311E+00  4.1468E-08 -2.6297E-07  4.6925E-01 -1.6900E-07 -9.5159E-08  4.3929E-01
  1.3431E+00  4.1203E-08 -2.5890E-07  4.7026E-01 -1.6923E-07 -9.5181E-08  4.4061E-01
  1.3550E+00  4.0938E-08 -2.5478E-07  4.7126E-01 -1.6934E-07 -9.5146E-08  4.4194E-01
  1.3670E+00  4.0673E-08 -2.5061E-07  4.7224E-01 -1.6934E-07 -9.5055E-08  4.4328E-01
  1.3793E+00  4.0402E-08 -2.4628E-07  4.7323E-01 -1.6921E-07 -9.4901E-08  4.4466E-01
  1.3912E+00  4.0139E-08 -2.4200E-07  4.7417E-01 -1.6895E-07 -9.4692E-08  4.4600E-01
  1.4032E+00  3.9876E-08 -2.3768E-07  4.7508E-01 -1.6857E-07 -9.4422E-08  4.4736E-01
  1.4151E+00  3.9615E-08 -2.3329E-07  4.7599E-01 -1.6806E-07 -9.4090E-08  4.4871E-01
  1.4271E+00  3.9357E-08 -2.2886E-07  4.7686E-01 -1.6742E-07 -9.3694E-08  4.5007E-01
  1.4391E+00  3.9100E-08 -2.2437E-07  4.7772E-01 -1.6665E-07 -9.3232E-08  4.5143E-01
  1.4510E+00  3.8845E-08 -2.1983E-07  4.7855E-01 -1.6574E-07 -9.2703E-08  4.5279E-01
  1.4633E+00  3.8585E-08 -2.1511E-07  4.7938E-01 -1.6466E-07 -9.2088E-08  4.5418E-01
  1.4752E+00  3.8335E-08 -2.1045E-07  4.8016E-01 -1.6348E-07 -9.1422E-08  4.5553E-01
  1.4872E+00  3.8084E-08 -2.0574E-07  4.8091E-01 -1.6216E-07 -9.0686E-08  4.5688E-01
  1.4992E+00  3.7833E-08 -2.0096E-07  4.8164E-01 -1.6070E-07 -8.9878E-08  4.5822E-01
  1.5111E+00  3.7584E-08 -1.9612E-07  4.8235E-01 -1.5910E-07 -8.8996E-08  4.5955E-01
  1.5231E+00  3.7335E-08 -1.9123E-07  4.8302E-01 -1.5736E-07 -8.8041E-08  4.6087E-01
  1.5351E+00  3.7087E-08 -1.8627E-07  4.8366E-01 -1.5548E-07 -8.7012E-08  4.6218E-01
  1.5470E+00  3.6840E-08 -1.8126E-07  4.8427E-01 -1.5346E-07 -8.5905E-08  4.6348E-01
  1.5593E+00  3.6587E-08 -1.7605E-07  4.8486E-01 -1.5124E-07 -8.4687E-08  4.6479E-01
  1.5712E+00  3.6339E-08 -1.7091E-07  4.8540E-01 -1.4894E-07 -8.3422E-08  4.6605E-01
  1.5832E+00  3.6089E-08 -1.6571E-07  4.8591E-01 -1.4650E-07 -8.2079E-08  4.6729E-01
  1.5952E+00  3.5839E-08 -1.6044E-07  4.8639E-01 -1.4392E-07 -8.0657E-08  4.6851E-01
  1.6071E+00  3.5589E-08 -1.5511E-07  4.8683E-01 -1.4119E-07 -7.9155E-08  4.6970E-01
  1.6191E+00  3.5339E-08 -1.4972E-07  4.8723E-01 -1.3833E-07 -7.7572E-08  4.7087E-01
  1.6310E+00  3.5086E-08 -1.4427E-07  4.8760E-01 -1.3533E-07 -7.5907E-08  4.7200E-01
  1.6433E+00  3.4826E-08 -1.3861E-07  4.8793E-01 -1.3211E-07 -7.4111E-08  4.7313E-01
  1.6553E+00  3.4573E-08 -1.3301E-07  4.8820E-01 -1.2881E-07 -7.2270E-08  4.7419E-01
  1.6672E+00  3.4318E-08 -1.2735E-07  4.8844E-01 -1.2538E-07 -7.0342E-08  4.7522E-01
  1.6792E+00  3.4059E-08 -1.2162E-07  4.8864E-01 -1.2181E-07 -6.8331E-08  4.7620E-01
  1.6911E+00  3.3797E-08 -1.1582E-07  4.8879E-01 -1.1811E-07 -6.6233E-08  4.7715E-01
  1.7031E+00  3.3531E-08 -1.0995E-07  4.8891E-01 -1.1427E-07 -6.4045E-08  4.7805E-01
  1.7151E+00  3.3260E-08 -1.0402E-07  4.8898E-01 -1.1030E-07 -6.1774E-08  4.7890E-01
  1.7270E+00  3.2988E-08 -9.8027E-08  4.8902E-01 -1.0620E-07 -5.9421E-08  4.7971E-01
  1.7393E+00  3.2706E-08 -9.1812E-08  4.8902E-01 -1.0187E-07 -5.6919E-08  4.8048E-01
  1.7512E+00  3.2428E-08 -8.5681E-08  4.8898E-01 -9.7519E-08 -5.4390E-08  4.8119E-01
  1.7632E+00  3.2143E-08 -7.9486E-08  4.8890E-01 -9.3040E-08 -5.1775E-08  4.8184E-01
  1.7752E+00  3.1854E-08 -7.3226E-08  4.8878E-01 -8.8442E-08 -4.9075E-08  4.8243E-01
  1.7871E+00  3.1558E-08 -6.6904E-08  4.8862E-01 -8.3729E-08 -4.6293E-08  4.8296E-01
  1.7991E+00  3.1255E-08 -6.0520E-08  4.8843E-01 -7.8905E-08 -4.3427E-08  4.8343E-01
  1.8110E+00  3.0945E-08 -5.4078E-08  4.8820E-01 -7.3972E-08 -4.0480E-08  4.8383E-01
  1.8230E+00  3.0628E-08 -4.7578E-08  4.8792E-01 -6.8929E-08 -3.7450E-08  4.8416E-01
  1.8353E+00  3.0294E-08 -4.0852E-08  4.8760E-01 -6.3657E-08 -3.4262E-08  4.8442E-01
  1.8472E+00  2.9960E-08 -3.4234E-08  4.8725E-01 -5.8410E-08 -3.1070E-08  4.8460E-01
  1.8592E+00  2.9618E-08 -2.7558E-08  4.8685E-01 -5.3067E-08 -2.7800E-08  4.8469E-01
  1.8712E+00  2.9269E-08 -2.0828E-08  4.8641E-01 -4.7637E-08 -2.4460E-08  4.8470E-01
  1.8831E+00  2.8910E-08 -1.4049E-08  4.8593E-01 -4.2130E-08 -2.1054E-08  4.8462E-01
  1.8951E+00  2.8543E-08 -7.2248E-09  4.8541E-01 -3.6549E-08 -1.7584E-08  4.8445E-01
  1.9070E+00  2.8166E-08 -3.6324E-10  4.8485E-01 -3.0911E-08 -1.4061E-08  4.8417E-01
  1.9193E+00  2.7772E-08  6.7131E-09  4.8423E-01 -2.5071E-08 -1.0395E-08  4.8379E-01
  1.9313E+00  2.7378E-08  1.3653E-08  4.8357E-01 -1.9331E-08 -6.7769E-09  4.8330E-01
  1.9432E+00  2.6973E-08  2.0626E-08  4.8287E-01 -1.3569E-08 -3.1282E-09  4.8270E-01
  1.9552E+00  2.6557E-08  2.7625E-08  4.8212E-01 -7.7908E-09  5.4639E-10  4.8199E-01
  1.9671E+00  2.6135E-08  3.4646E-08  4.8132E-01 -2.0117E-09  4.2339E-09  4.8116E-01
  1.9791E+00  2.5703E-08  4.1675E-08  4.8048E-01  3.7493E-09  7.9208E-09  4.8021E-01
  1.9911E+00  2.5258E-08  4.8711E-08  4.7958E-01  9.4854E-09  1.1602E-08  4.7914E-01
  2.0030E+00  2.4802E-08  5.5750E-08  4.7863E-01  1.5175E-08  1.5260E-08  4.7794E-01
  2.0153E+00  2.4325E-08  6.2954E-08  4.7759E-01  2.0939E-08  1.8973E-08  4.7657E-01
  2.0272E+00  2.3848E-08  6.9972E-08  4.7651E-01  2.6484E-08  2.2549E-08  4.7510E-01
  2.0392E+00  2.3360E-08  7.6969E-08  4.7537E-01  3.1928E-08  2.6063E-08  4.7349E-01
  2.0512E+00  2.2855E-08  8.3933E-08  4.7416E-01  3.7247E-08  2.9499E-08  4.7175E-01
  2.0631E+00  2.2336E-08  9.0855E-08  4.7286E-01  4.2419E-08  3.2841E-08  4.6985E-01
  2.0751E+00  2.1805E-08  9.7723E-08  4.7149E-01  4.7424E-08  3.6070E-08  4.6782E-01
  2.0870E+00  2.1260E-08  1.0453E-07  4.7003E-01  5.2236E-08  3.9169E-08  4.6564E-01
  2.0990E+00  2.0703E-08  1.1125E-07  4.6848E-01  5.6835E-08  4.2123E-08  4.6331E-01
  2.1113E+00  2.0120E-08  1.1806E-07  4.6678E-01  6.1307E-08  4.4983E-08  4.6078E-01
  2.1232E+00  1.9537E-08  1.2459E-07  4.6502E-01  6.5405E-08  4.7590E-08  4.5816E-01
  2.1352E+00  1.8940E-08  1.3100E-07  4.6314E-01  6.9221E-08  5.0001E-08  4.5541E-01
  2.1471E+00  1.8333E-08  1.3729E-07  4.6116E-01  7.2736E-08  5.2199E-08  4.5253E-01
  2.1591E+00  1.7712E-08  1.4342E-07  4.5905E-01  7.5927E-08  5.4169E-08  4.4952E-01
  2.1711E+00  1.7081E-08  1.4939E-07  4.5682E-01  7.8786E-08  5.5906E-08  4.4638E-01
  2.1830E+00  1.6439E-08  1.5517E-07  4.5445E-01  8.1297E-08  5.7402E-08  4.4313E-01
  2.1953E+00  1.5766E-08  1.6090E-07  4.5189E-01  8.3492E-08  5.8670E-08  4.3970E-01
  2.2072E+00  1.5101E-08  1.6628E-07  4.4926E-01  8.5266E-08  5.9653E-08  4.3625E-01
  2.2192E+00  1.4426E-08  1.7144E-07  4.4650E-01  8.6671E-08  6.0379E-08  4.3271E-01
  2.2312E+00  1.3735E-08  1.7636E-07  4.4360E-01  8.7704E-08  6.0848E-08  4.2910E-01
  2.2431E+00  1.3029E-08  1.8101E-07  4.4058E-01  8.8373E-08  6.1065E-08  4.2543E-01
  2.2551E+00  1.2318E-08  1.8540E-07  4.3743E-01  8.8683E-08  6.1037E-08  4.2171E-01
  2.2671E+00  1.1607E-08  1.8950E-07  4.3416E-01  8.8649E-08  6.0777E-08  4.1796E-01
  2.2790E+00  1.0888E-08  1.9330E-07  4.3078E-01  8.8282E-08  6.0294E-08  4.1418E-01
  2.2913E+00  1.0143E-08  1.9690E-07  4.2722E-01  8.7567E-08  5.9574E-08  4.1030E-01
  2.3032E+00  9.4143E-09  2.0009E-07  4.2365E-01  8.6564E-08  5.8671E-08  4.0653E-01
  2.3152E+00  8.6772E-09  2.0293E-07  4.2000E-01  8.5291E-08  5.7595E-08  4.0277E-01
  2.3272E+00  7.9354E-09  2.0547E-07  4.1630E-01  8.3764E-08  5.6356E-08  3.9906E-01
  2.3391E+00  7.1936E-09  2.0770E-07  4.1256E-01  8.2001E-08  5.4964E-08  3.9540E-01
  2.3511E+00  6.4578E-09  2.0957E-07  4.0879E-01  8.0046E-08  5.3457E-08  3.9180E-01
  2.3630E+00  5.7279E-09  2.1107E-07  4.0501E-01  7.7933E-08  5.1862E-08  3.8826E-01
  2.3753E+00  4.9807E-09  2.1227E-07  4.0114E-01  7.5626E-08  5.0145E-08  3.8472E-01
  2.3873E+00  4.2497E-09  2.1315E-07  3.9740E-01  7.3248E-08  4.8389E-08  3.8137E-01
  2.3992E+00  3.5177E-09  2.1375E-07  3.9370E-01  7.0765E-08  4.6569E-08  3.7815E-01
  2.4112E+00  2.8070E-09  2.1399E-07  3.9007E-01  6.8231E-08  4.4729E-08  3.7503E-01
  2.4231E+00  2.1113E-09  2.1386E-07  3.8652E-01  6.5681E-08  4.2891E-08  3.7203E-01
  2.4351E+00  1.4453E-09  2.1341E-07  3.8304E-01  6.3121E-08  4.1064E-08  3.6914E-01
  2.4471E+00  8.0816E-10  2.1267E-07  3.7968E-01  6.0572E-08  3.9258E-08  3.6638E-01
  2.4590E+00  1.8286E-10  2.1168E-07  3.7645E-01  5.8031E-08  3.7467E-08  3.6378E-01
  2.4713E+00 -4.6827E-10  2.1046E-07  3.7330E-01  5.5450E-08  3.5643E-08  3.6129E-01
  2.4832E+00 -1.0855E-09  2.0901E-07  3.7039E-01  5.2978E-08  3.3901E-08  3.5904E-01
  2.4952E+00 -1.6846E-09  2.0726E-07  3.6765E-01  5.0583E-08  3.2219E-08  3.5695E-01
  2.5072E+00 -2.2578E-09  2.0523E-07  3.6509E-01  4.8278E-08  3.0604E-08  3.5502E-01
  2.5191E+00 -2.8068E-09  2.0295E-07  3.6268E-01  4.6061E-08  2.9054E-08  3.5322E-01
  2.5311E+00 -3.3353E-09  2.0042E-07  3.6043E-01  4.3942E-08  2.7575E-08  3.5157E-01
  2.5430E+00 -3.8386E-09  1.9767E-07  3.5836E-01  4.1915E-08  2.6163E-08  3.5006E-01
  2.5550E+00 -4.3271E-09  1.9473E-07  3.5645E-01  3.9987E-08  2.4818E-08  3.4869E-01
  2.5673E+00 -4.8139E-09  1.9153E-07  3.5468E-01  3.8107E-08  2.3505E-08  3.4745E-01
  2.5792E+00 -5.2730E-09  1.8826E-07  3.5313E-01  3.6364E-08  2.2287E-08  3.4640E-01
  2.5912E+00 -5.7194E-09  1.8484E-07  3.5176E-01  3.4708E-08  2.1128E-08  3.4550E-01
  2.6032E+00 -6.1575E-09  1.8129E-07  3.5057E-01  3.3143E-08  2.0028E-08  3.4475E-01
  2.6151E+00 -6.5668E-09  1.7759E-07  3.4955E-01  3.1666E-08  1.8991E-08  3.4415E-01
  2.6271E+00 -6.9478E-09  1.7373E-07  3.4868E-01  3.0274E-08  1.8017E-08  3.4366E-01
  2.6390E+00 -7.3013E-09  1.6975E-07  3.4795E-01  2.8966E-08  1.7104E-08  3.4329E-01
  2.6513E+00 -7.6398E-09  1.6553E-07  3.4734E-01  2.7711E-08  1.6228E-08  3.4302E-01
  2.6633E+00 -7.9489E-09  1.6129E-07  3.4686E-01  2.6566E-08  1.5431E-08  3.4284E-01
  2.6752E+00 -8.2408E-09  1.5694E-07  3.4648E-01  2.5498E-08  1.4687E-08  3.4274E-01
  2.6872E+00 -8.5164E-09  1.5250E-07  3.4620E-01  2.4502E-08  1.3993E-08  3.4271E-01
  2.6991E+00 -8.7744E-09  1.4796E-07  3.4601E-01  2.3575E-08  1.3348E-08  3.4275E-01
  2.7111E+00 -9.0146E-09  1.4333E-07  3.4588E-01  2.2711E-08  1.2748E-08  3.4284E-01
  2.7231E+00 -9.2404E-09  1.3862E-07  3.4583E-01  2.1909E-08  1.2191E-08  3.4298E-01
  2.7350E+00 -9.4512E-09  1.3383E-07  3.4584E-01  2.1163E-08  1.1674E-08  3.4316E-01
  2.7473E+00 -9.6525E-09  1.2886E-07  3.4590E-01  2.0450E-08  1.1181E-08  3.4339E-01
  2.7592E+00 -9.8376E-09  1.2394E-07  3.4601E-01  1.9804E-08  1.0735E-08  3.4364E-01
  2.7712E+00 -1.0011E-08  1.1896E-07  3.4615E-01  1.9201E-08  1.0321E-08  3.4392E-01
  2.7832E+00 -1.0175E-08  1.1392E-07  3.4633E-01  1.8640E-08  9.9372E-09  3.4422E-01
  2.7951E+00 -1.0330E-08  1.0882E-07  3.4653E-01  1.8118E-08  9.5806E-09  3.4453E-01
  2.8071E+00 -1.0473E-08  1.0368E-07  3.4675E-01  1.7630E-08  9.2497E-09  3.4485E-01
  2.8190E+00 -1.0608E-08  9.8478E-08  3.4699E-01  1.7175E-08  8.9422E-09  3.4518E-01
  2.8310E+00 -1.0734E-08  9.3234E-08  3.4724E-01  1.6750E-08  8.6572E-09  3.4551E-01
  2.8433E+00 -1.0854E-08  8.7813E-08  3.4750E-01  1.6343E-08  8.3863E-09  3.4586E-01
  2.8552E+00 -1.0962E-08  8.2482E-08  3.4776E-01  1.5969E-08  8.1406E-09  3.4619E-01
  2.8672E+00 -1.1063E-08  7.7116E-08  3.4803E-01  1.5620E-08  7.9128E-09  3.4652E-01
  2.8791E+00 -1.1158E-08  7.1717E-08  3.4829E-01  1.5292E-08  7.7012E-09  3.4684E-01
  2.8911E+00 -1.1246E-08  6.6286E-08  3.4856E-01  1.4981E-08  7.5045E-09  3.4716E-01
  2.9031E+00 -1.1328E-08  6.0826E-08  3.4882E-01  1.4686E-08  7.3208E-09  3.4747E-01
  2.9150E+00 -1.1405E-08  5.5338E-08  3.4907E-01  1.4407E-08  7.1495E-09  3.4777E-01
  2.9273E+00 -1.1479E-08  4.9690E-08  3.4933E-01  1.4134E-08  6.9848E-09  3.4808E-01
  2.9392E+00 -1.1546E-08  4.4155E-08  3.4957E-01  1.3882E-08  6.8350E-09  3.4836E-01
  2.9512E+00 -1.1164E-08  3.8620E-08  3.4981E-01  1.3655E-08  6.7021E-09  3.4864E-01
  2.9632E+00 -1.0029E-08  3.3139E-08  3.5004E-01  1.3579E-08  6.6072E-09  3.4889E-01
  2.9751E+00 -1.1994E-08  2.7405E-08  3.5026E-01  1.3694E-08  6.5748E-09  3.4911E-01
  2.9871E+00 -4.0048E-08  2.2415E-08  3.5049E-01  1.1501E-08  5.9155E-09  3.4959E-01
  2.9991E+00 -1.3872E-08  1.7594E-08  3.5071E-01  9.7246E-09  5.3506E-09  3.5002E-01
  3.0113E+00  1.2462E-08  1.1861E-08  3.5020E-01  1.1261E-08  5.7328E-09  3.4939E-01
  3.0232E+00 -3.7112E-08  7.3082E-09  3.5038E-01  1.0786E-08  5.5476E-09  3.4963E-01
  3.0352E+00 -5.0233E-09  2.9042E-09  3.5054E-01  9.7340E-09  5.1839E-09  3.4992E-01
  3.0472E+00  4.3734E-09 -3.3553E-09  3.5067E-01  1.1734E-08  5.7317E-09  3.4988E-01
  3.0591E+00 -3.4276E-08 -5.9892E-09  3.5081E-01  1.0228E-08  5.2550E-09  3.5017E-01
  3.0711E+00  3.5708E-09 -1.0201E-08  3.5093E-01  9.9081E-09  5.1072E-09  3.5034E-01
  3.0831E+00 -1.1000E-08 -1.6552E-08  3.5103E-01  1.1873E-08  5.6670E-09  3.5028E-01
  3.0951E+00 -2.7312E-08 -1.8116E-08  3.5112E-01  9.8088E-09  5.0256E-09  3.5056E-01
  3.1070E+00  1.1233E-08 -2.1952E-08  3.5120E-01  1.0244E-08  5.1153E-09  3.5063E-01
  3.1190E+00 -2.7386E-08 -2.7434E-08  3.5128E-01  1.1560E-08  5.4919E-09  3.5060E-01
  3.1313E+00 -1.7607E-08 -2.9146E-08  3.5134E-01  9.5280E-09  4.8522E-09  3.5084E-01
  3.1432E+00  1.5465E-08 -3.2960E-08  3.5143E-01  1.0768E-08  5.2074E-09  3.5086E-01
  3.1552E+00 -3.7979E-08 -3.6515E-08  3.5169E-01  1.0842E-08  5.2102E-09  3.5111E-01
  3.1672E+00 -8.3583E-09 -3.8870E-08  3.5234E-01  9.4063E-09  4.7399E-09  3.5189E-01
  3.1792E+00  1.1291E-08 -4.3253E-08  3.5340E-01  1.1210E-08  5.2881E-09  3.5284E-01
  3.1911E+00 -3.8497E-08 -4.4850E-08  3.5371E-01  1.0138E-08  4.9345E-09  3.5322E-01
  3.2031E+00  5.2885E-10 -4.7536E-08  3.5269E-01  9.4264E-09  4.6754E-09  3.5226E-01
  3.2151E+00 -2.8235E-09 -5.2555E-08  3.5180E-01  1.1412E-08  5.2930E-09  3.5125E-01
  3.2271E+00 -3.3013E-08 -5.2738E-08  3.5145E-01  9.5525E-09  4.6886E-09  3.5103E-01
  3.2391E+00  9.2725E-09 -5.5344E-08  3.5134E-01  9.5847E-09  4.6601E-09  3.5094E-01
  3.2510E+00 -2.1536E-08 -6.0207E-08  3.5129E-01  1.1166E-08  5.1491E-09  3.5080E-01
  3.2630E+00 -2.4018E-08 -6.0158E-08  3.5125E-01  9.1106E-09  4.4778E-09  3.5088E-01
  3.2753E+00  1.6511E-08 -6.2809E-08  3.5121E-01  9.9043E-09  4.7010E-09  3.5081E-01
  3.2873E+00 -3.7258E-08 -6.6161E-08  3.5118E-01  1.0452E-08  4.8557E-09  3.5075E-01
  3.2993E+00 -1.2775E-08 -6.6994E-08  3.5113E-01  8.8064E-09  4.3028E-09  3.5080E-01
  3.3112E+00  1.6415E-08 -7.0085E-08  3.5108E-01  1.0203E-08  4.7387E-09  3.5069E-01
  3.3232E+00 -4.1169E-08 -7.1472E-08  3.5104E-01  9.6494E-09  4.5367E-09  3.5068E-01
  3.3352E+00 -2.3852E-09 -7.3088E-08  3.5099E-01  8.6453E-09  4.1769E-09  3.5069E-01
  3.3472E+00  6.3537E-09 -7.7081E-08  3.5093E-01  1.0350E-08  4.7225E-09  3.5056E-01
  3.3592E+00 -3.6671E-08 -7.6746E-08  3.5091E-01  8.9158E-09  4.2336E-09  3.5061E-01
  3.3711E+00  7.8554E-09 -7.8593E-08  3.5096E-01  8.5909E-09  4.0855E-09  3.5068E-01
  3.3831E+00 -1.1673E-08 -8.3010E-08  3.5126E-01  1.0141E-08  4.5798E-09  3.5092E-01
  3.3951E+00 -2.7349E-08 -8.1956E-08  3.5217E-01  8.3313E-09  3.9716E-09  3.5191E-01
  3.4071E+00  1.6956E-08 -8.3753E-08  3.5342E-01  8.6384E-09  4.0338E-09  3.5316E-01
  3.4191E+00 -2.9340E-08 -8.7378E-08  3.5335E-01  9.5465E-09  4.3107E-09  3.5306E-01
  3.4310E+00 -1.6412E-08 -8.6897E-08  3.5199E-01  7.8879E-09  3.7505E-09  3.5177E-01
  3.4430E+00  2.1134E-08 -8.8982E-08  3.5100E-01  8.7397E-09  4.0045E-09  3.5075E-01
  3.4550E+00 -3.9336E-08 -9.0835E-08  3.5060E-01  8.7428E-09  3.9807E-09  3.5035E-01
  3.4673E+00 -4.5582E-09 -9.1441E-08  3.5043E-01  7.5671E-09  3.5697E-09  3.5024E-01
  3.4793E+00  1.5033E-08 -9.4520E-08  3.5034E-01  8.8339E-09  3.9744E-09  3.5010E-01
  3.4913E+00 -3.8577E-08 -9.4225E-08  3.5028E-01  7.9174E-09  3.6474E-09  3.5008E-01
  3.5033E+00  5.9124E-09 -9.5500E-08  3.5022E-01  7.3631E-09  3.4246E-09  3.5004E-01
  3.5152E+00 -1.1688E-09 -9.9452E-08  3.5016E-01  8.6645E-09  3.8460E-09  3.4994E-01
  3.5272E+00 -3.0951E-08 -9.7944E-08  3.5010E-01  7.2806E-09  3.3699E-09  3.4993E-01
  3.5392E+00  1.5530E-08 -9.9299E-08  3.5005E-01  7.2574E-09  3.3189E-09  3.4989E-01
  3.5512E+00 -2.1734E-08 -1.0307E-07  3.4999E-01  8.1842E-09  3.6062E-09  3.4980E-01
  3.5632E+00 -2.0697E-08 -1.0166E-07  3.4993E-01  6.7750E-09  3.1291E-09  3.4979E-01
  3.5752E+00  2.2071E-08 -1.0314E-07  3.4988E-01  7.2114E-09  3.2380E-09  3.4973E-01
  3.5871E+00 -3.6692E-08 -1.0546E-07  3.4983E-01  7.4911E-09  3.3031E-09  3.4967E-01
  3.5991E+00 -9.7639E-09 -1.0512E-07  3.4977E-01  6.3840E-09  2.9202E-09  3.4964E-01
  3.6111E+00  2.1440E-08 -1.0730E-07  3.5057E-01  7.1719E-09  3.1623E-09  3.5043E-01
  3.6231E+00 -4.0882E-08 -1.0760E-07  3.5052E-01  6.7739E-09  3.0025E-09  3.5039E-01
  3.6351E+00  1.2548E-09 -1.0825E-07  3.5046E-01  6.0868E-09  2.7443E-09  3.5035E-01
  3.6471E+00  9.9936E-09 -1.1152E-07  3.5040E-01  7.0227E-09  3.0410E-09  3.5027E-01
  3.6591E+00 -3.6071E-08 -1.1009E-07  3.5035E-01  6.1334E-09  2.7248E-09  3.5025E-01
  3.6710E+00  1.1926E-08 -1.1110E-07  3.5030E-01  5.8548E-09  2.5878E-09  3.5021E-01
  3.6830E+00 -1.0104E-08 -1.1492E-07  3.5025E-01  6.6531E-09  2.8303E-09  3.5014E-01
  3.6950E+00 -2.6503E-08 -1.1285E-07  3.5020E-01  5.6005E-09  2.4740E-09  3.5011E-01
  3.7070E+00  2.0873E-08 -1.1392E-07  3.5015E-01  5.6789E-09  2.4528E-09  3.5007E-01
  3.7193E+00 -3.1717E-08 -1.1682E-07  3.5011E-01  6.0641E-09  2.5459E-09  3.5001E-01
  3.7313E+00 -1.4061E-08 -1.1562E-07  3.5006E-01  5.1560E-09  2.2441E-09  3.4998E-01
  3.7433E+00  2.4647E-08 -1.1718E-07  3.5001E-01  5.5554E-09  2.3403E-09  3.4993E-01
  3.7553E+00 -4.1102E-08 -1.1810E-07  3.4997E-01  5.4331E-09  2.2661E-09  3.4990E-01
  3.7672E+00 -2.6059E-09 -1.1811E-07  3.4992E-01  4.8059E-09  2.0466E-09  3.4986E-01
  3.7792E+00  1.7777E-08 -1.2074E-07  3.4988E-01  5.3617E-09  2.2015E-09  3.4981E-01
  3.7912E+00 -3.9544E-08 -1.1965E-07  3.4984E-01  4.8541E-09  2.0103E-09  3.4978E-01
  3.8032E+00  8.6655E-09 -1.2036E-07  3.4981E-01  4.5008E-09  1.8557E-09  3.4975E-01
  3.8152E+00 -4.8906E-11 -1.2397E-07  3.4976E-01  5.0403E-09  2.0055E-09  3.4970E-01
  3.8272E+00 -3.1163E-08 -1.2167E-07  3.4973E-01  4.3555E-09  1.7752E-09  3.4968E-01
  3.8392E+00  1.8961E-08 -1.2252E-07  3.4970E-01  4.2466E-09  1.6877E-09  3.4965E-01
  3.8511E+00 -2.2280E-08 -1.2595E-07  3.4966E-01  4.5723E-09  1.7536E-09  3.4961E-01
  3.8631E+00 -2.0051E-08 -1.2386E-07  3.4963E-01  3.9274E-09  1.5549E-09  3.4959E-01
  3.8751E+00  2.5800E-08 -1.2491E-07  3.4960E-01  4.0192E-09  1.5346E-09  3.4956E-01
  3.8871E+00 -3.8105E-08 -1.2679E-07  3.4957E-01  4.0513E-09  1.5019E-09  3.4953E-01
  3.8991E+00 -8.2635E-09 -1.2593E-07  3.4954E-01  3.5538E-09  1.3447E-09  3.4951E-01
  3.9111E+00  2.4703E-08 -1.2781E-07  3.4951E-01  3.7898E-09  1.3849E-09  3.4947E-01
  3.9231E+00 -4.2213E-08 -1.2755E-07  3.4948E-01  3.5659E-09  1.2819E-09  3.4945E-01
  3.9351E+00  3.5896E-09 -1.2779E-07  3.4946E-01  3.2314E-09  1.1549E-09  3.4943E-01
  3.9471E+00  1.1850E-08 -1.3089E-07  3.4943E-01  3.4998E-09  1.2061E-09  3.4940E-01
  3.9590E+00 -3.6752E-08 -1.2883E-07  3.4941E-01  3.1323E-09  1.0798E-09  3.4938E-01
  3.9710E+00  1.5027E-08 -1.2948E-07  3.4938E-01  2.9314E-09  9.6914E-10  3.4936E-01
  3.9830E+00 -1.0072E-08 -1.3316E-07  3.4936E-01  3.1089E-09  9.7881E-10  3.4933E-01
  3.9950E+00 -2.6338E-08 -1.3052E-07  3.4934E-01  2.7438E-09  8.8247E-10  3.4932E-01
  4.0073E+00  2.5270E-08 -1.3132E-07  3.4836E-01  2.6564E-09  7.9477E-10  3.4835E-01
  4.0193E+00 -3.3068E-08 -1.3391E-07  3.4835E-01  2.6640E-09  7.4178E-10  3.4833E-01
  4.0313E+00 -1.2934E-08 -1.3228E-07  3.4833E-01  2.3831E-09  6.8306E-10  3.4831E-01
  4.0433E+00  2.8142E-08 -1.3362E-07  3.4831E-01  2.3833E-09  6.2781E-10  3.4829E-01
  4.0552E+00 -4.2639E-08 -1.3414E-07  3.4829E-01  2.2647E-09  5.4925E-10  3.4828E-01
  4.0672E+00 -6.2961E-10 -1.3385E-07  3.4827E-01  2.0605E-09  4.9546E-10  3.4826E-01
  4.0792E+00  2.0170E-08 -1.3638E-07  3.4826E-01  2.0838E-09  4.4951E-10  3.4824E-01
  4.0912E+00 -4.0540E-08 -1.3480E-07  3.4825E-01  1.9127E-09  3.8335E-10  3.4824E-01
  4.1032E+00  1.1448E-08 -1.3523E-07  3.4824E-01  1.7326E-09  2.9491E-10  3.4823E-01
  4.1152E+00  5.4860E-10 -1.3882E-07  3.4823E-01  1.7215E-09  2.3387E-10  3.4821E-01
  4.1272E+00 -3.1335E-08 -1.3601E-07  3.4823E-01  1.5831E-09  2.1557E-10  3.4822E-01
  4.1392E+00  2.2392E-08 -1.3660E-07  3.4828E-01  1.4189E-09  1.0413E-10  3.4827E-01
  4.1512E+00 -2.3281E-08 -1.3994E-07  3.4850E-01  1.3249E-09  4.0309E-12  3.4849E-01
  4.1631E+00 -1.9381E-08 -1.3746E-07  3.4926E-01  1.2610E-09  3.6678E-11  3.4925E-01
  4.1751E+00  2.9367E-08 -1.3833E-07  3.5088E-01  1.1080E-09 -8.0270E-11  3.5087E-01
  4.1871E+00 -3.9890E-08 -1.3998E-07  3.5206E-01  9.8173E-10 -1.7995E-10  3.5205E-01
  4.1991E+00 -7.0508E-09 -1.3884E-07  3.5093E-01  9.3954E-10 -1.5366E-10  3.5092E-01
  4.2111E+00  2.7237E-08 -1.4064E-07  3.4924E-01  7.9876E-10 -2.5747E-10  3.4923E-01
  4.2231E+00 -4.4063E-08 -1.4001E-07  3.4846E-01  7.1341E-10 -3.1021E-10  3.4845E-01
  4.2351E+00  5.3597E-09 -1.4005E-07  3.4822E-01  6.3669E-10 -3.3411E-10  3.4821E-01
  4.2471E+00  1.2687E-08 -1.4319E-07  3.4816E-01  4.5903E-10 -4.5540E-10  3.4815E-01
  4.2591E+00 -3.7877E-08 -1.4070E-07  3.4816E-01  4.6382E-10 -4.3629E-10  3.4815E-01
  4.2710E+00  1.7535E-08 -1.4117E-07  3.4816E-01  3.1617E-10 -5.2764E-10  3.4815E-01
  4.2830E+00 -1.0984E-08 -1.4487E-07  3.4816E-01  8.7487E-11 -6.7919E-10  3.4814E-01
  4.2950E+00 -2.6542E-08 -1.4186E-07  3.4816E-01  2.0224E-10 -5.8152E-10  3.4815E-01
  4.3070E+00  2.7491E-08 -1.4245E-07  3.4817E-01 -1.1388E-11 -7.2019E-10  3.4816E-01
  4.3190E+00 -3.3071E-08 -1.4513E-07  3.4817E-01 -2.3701E-10 -8.7150E-10  3.4816E-01
  4.3313E+00 -1.2146E-08 -1.4313E-07  3.4818E-01 -8.1959E-11 -7.4982E-10  3.4817E-01
  4.3433E+00  3.0883E-08 -1.4440E-07  3.4819E-01 -3.4933E-10 -9.1046E-10  3.4818E-01
  4.3553E+00 -4.4286E-08 -1.4466E-07  3.4822E-01 -4.5299E-10 -9.8728E-10  3.4821E-01
  4.3673E+00  1.0508E-09 -1.4423E-07  3.4832E-01 -3.7383E-10 -9.2543E-10  3.4831E-01
  4.3793E+00  2.1835E-08 -1.4680E-07  3.4868E-01 -6.9341E-10 -1.1040E-09  3.4866E-01
  4.3912E+00 -4.1185E-08 -1.4484E-07  3.4976E-01 -6.3013E-10 -1.0773E-09  3.4975E-01
  4.4032E+00  1.4161E-08 -1.4513E-07  3.5171E-01 -6.9766E-10 -1.1199E-09  3.5169E-01
  4.4152E+00  9.5895E-10 -1.4878E-07  3.5249E-01 -1.0621E-09 -1.3227E-09  3.5247E-01
  4.4272E+00 -3.0761E-08 -1.4564E-07  3.5091E-01 -8.3256E-10 -1.1898E-09  3.5089E-01
  4.4392E+00  2.5793E-08 -1.4610E-07  3.4925E-01 -1.0437E-09 -1.3226E-09  3.4924E-01
  4.4512E+00 -2.3903E-08 -1.4940E-07  3.4855E-01 -1.4023E-09 -1.5326E-09  3.4853E-01
  4.4632E+00 -1.8029E-08 -1.4669E-07  3.4834E-01 -1.0778E-09 -1.3364E-09  3.4833E-01
  4.4752E+00  3.2770E-08 -1.4746E-07  3.4829E-01 -1.3993E-09 -1.5212E-09  3.4827E-01
  4.4872E+00 -4.0445E-08 -1.4892E-07  3.4828E-01 -1.6186E-09 -1.6622E-09  3.4825E-01
  4.4991E+00 -4.7731E-09 -1.4765E-07  3.4828E-01 -1.3647E-09 -1.5116E-09  3.4826E-01
  4.5111E+00  3.0201E-08 -1.4947E-07  3.4829E-01 -1.7600E-09 -1.7173E-09  3.4826E-01
  4.5231E+00 -4.3660E-08 -1.4855E-07  3.4830E-01 -1.7500E-09 -1.7344E-09  3.4827E-01
  4.5351E+00  8.4300E-09 -1.4848E-07  3.4831E-01 -1.6682E-09 -1.6935E-09  3.4828E-01
  4.5471E+00  1.4342E-08 -1.5167E-07  3.4831E-01 -2.1360E-09 -1.9302E-09  3.4828E-01
  4.5591E+00 -3.6719E-08 -1.4886E-07  3.4833E-01 -1.8844E-09 -1.8105E-09  3.4830E-01
  4.5711E+00  2.1019E-08 -1.4920E-07  3.4834E-01 -2.0096E-09 -1.8939E-09  3.4831E-01
  4.5831E+00 -1.0648E-08 -1.5291E-07  3.4835E-01 -2.4987E-09 -2.1520E-09  3.4831E-01
  4.5951E+00 -2.4836E-08 -1.4966E-07  3.4836E-01 -2.0680E-09 -1.9214E-09  3.4833E-01
  4.6071E+00  3.1052E-08 -1.5014E-07  3.4943E-01 -2.3742E-09 -2.0984E-09  3.4940E-01
  4.6190E+00 -3.3227E-08 -1.5271E-07  3.4945E-01 -2.7535E-09 -2.3150E-09  3.4940E-01
  4.6310E+00 -1.1490E-08 -1.5056E-07  3.4946E-01 -2.3071E-09 -2.0686E-09  3.4943E-01
  4.6430E+00  3.4201E-08 -1.5168E-07  3.4947E-01 -2.7482E-09 -2.2991E-09  3.4943E-01
  4.6550E+00 -4.3813E-08 -1.5199E-07  3.4949E-01 -2.8692E-09 -2.3891E-09  3.4945E-01
  4.6670E+00  2.0455E-09 -1.5133E-07  3.4950E-01 -2.5793E-09 -2.2330E-09  3.4946E-01
  4.6793E+00  2.3461E-08 -1.5397E-07  3.4952E-01 -3.1420E-09 -2.5115E-09  3.4947E-01
  4.6913E+00 -4.0660E-08 -1.5174E-07  3.4954E-01 -2.9229E-09 -2.4226E-09  3.4949E-01
  4.7033E+00  1.6718E-08 -1.5194E-07  3.4955E-01 -2.9326E-09 -2.4435E-09  3.4951E-01
  4.7153E+00  8.0626E-10 -1.5564E-07  3.4956E-01 -3.5292E-09 -2.7413E-09  3.4951E-01
  4.7273E+00 -3.0072E-08 -1.5227E-07  3.4959E-01 -3.0498E-09 -2.5025E-09  3.4954E-01
  4.7392E+00  2.8373E-08 -1.5263E-07  3.4960E-01 -3.3017E-09 -2.6522E-09  3.4955E-01
  4.7512E+00 -2.4904E-08 -1.5588E-07  3.4962E-01 -3.8251E-09 -2.9311E-09  3.4956E-01
  4.7632E+00 -1.6897E-08 -1.5306E-07  3.4964E-01 -3.2424E-09 -2.6239E-09  3.4959E-01
  4.7752E+00  3.5216E-08 -1.5378E-07  3.4966E-01 -3.6835E-09 -2.8566E-09  3.4960E-01
  4.7872E+00 -4.1291E-08 -1.5508E-07  3.4967E-01 -3.9539E-09 -3.0208E-09  3.4961E-01
  4.7992E+00 -3.1818E-09 -1.5376E-07  3.4970E-01 -3.5060E-09 -2.7873E-09  3.4964E-01
  4.8112E+00  3.1839E-08 -1.5563E-07  3.4971E-01 -4.0713E-09 -3.0600E-09  3.4965E-01
  4.8232E+00 -4.3898E-08 -1.5447E-07  3.4973E-01 -3.9886E-09 -3.0490E-09  3.4967E-01
  4.8352E+00  1.0468E-08 -1.5435E-07  3.4975E-01 -3.8108E-09 -2.9690E-09  3.4969E-01
  4.8472E+00  1.4641E-08 -1.5765E-07  3.4977E-01 -4.4648E-09 -3.2790E-09  3.4970E-01
  4.8592E+00 -3.6330E-08 -1.5459E-07  3.4979E-01 -4.0449E-09 -3.0897E-09  3.4973E-01
  4.8711E+00  2.3449E-08 -1.5485E-07  3.4981E-01 -4.1673E-09 -3.1732E-09  3.4974E-01
  4.8831E+00 -1.1455E-08 -1.5860E-07  3.4983E-01 -4.8214E-09 -3.4994E-09  3.4974E-01
  4.8951E+00 -2.3934E-08 -1.5520E-07  3.4985E-01 -4.1786E-09 -3.1781E-09  3.4978E-01
  4.9071E+00  3.3606E-08 -1.5562E-07  3.4987E-01 -4.5553E-09 -3.3838E-09  3.4979E-01
  4.9191E+00 -3.4276E-08 -1.5810E-07  3.4989E-01 -5.0264E-09 -3.6397E-09  3.4980E-01
  4.9311E+00 -1.0139E-08 -1.5590E-07  3.4991E-01 -4.3923E-09 -3.3132E-09  3.4984E-01
  4.9431E+00  3.6299E-08 -1.5704E-07  3.4993E-01 -4.9523E-09 -3.5893E-09  3.4985E-01
  4.9551E+00 -4.4385E-08 -1.5715E-07  3.4995E-01 -5.0650E-09 -3.6777E-09  3.4986E-01
  4.9671E+00  3.8428E-09 -1.5647E-07  3.4997E-01 -4.6632E-09 -3.4775E-09  3.4989E-01
  4.9791E+00  2.6327E-08 -1.5904E-07  3.4999E-01 -5.3512E-09 -3.7996E-09  3.4990E-01
  4.9910E+00 -4.1417E-08 -1.5679E-07  3.5002E-01 -5.0643E-09 -3.6880E-09  3.4993E-01
  5.0030E+00  1.7510E-08 -1.5688E-07  3.4840E-01 -5.0067E-09 -3.6779E-09  3.4831E-01
  5.0150E+00  3.4001E-09 -1.6064E-07  3.4842E-01 -5.7487E-09 -4.0313E-09  3.4831E-01
  5.0270E+00 -3.0791E-08 -1.5711E-07  3.4844E-01 -5.1316E-09 -3.7389E-09  3.4835E-01
  5.0390E+00  2.9750E-08 -1.5739E-07  3.4847E-01 -5.3917E-09 -3.8906E-09  3.4837E-01
  5.0513E+00 -2.6010E-08 -1.6063E-07  3.4849E-01 -6.0348E-09 -4.2201E-09  3.4837E-01
  5.0633E+00 -1.5718E-08 -1.5775E-07  3.4852E-01 -5.2856E-09 -3.8419E-09  3.4842E-01
  5.0753E+00  3.7548E-08 -1.5846E-07  3.4854E-01 -5.8125E-09 -4.1075E-09  3.4843E-01
  5.0873E+00 -4.2113E-08 -1.5961E-07  3.4856E-01 -6.1080E-09 -4.2832E-09  3.4844E-01
  5.0993E+00 -1.5665E-09 -1.5828E-07  3.4859E-01 -5.5370E-09 -3.9970E-09  3.4849E-01
  5.1113E+00  3.3275E-08 -1.6024E-07  3.4862E-01 -6.2176E-09 -4.3141E-09  3.4850E-01
  5.1232E+00 -4.4049E-08 -1.5886E-07  3.4867E-01 -6.0822E-09 -4.2827E-09  3.4856E-01
  5.1352E+00  1.2507E-08 -1.5870E-07  3.4879E-01 -5.8542E-09 -4.1841E-09  3.4868E-01
  5.1472E+00  1.4694E-08 -1.6214E-07  3.4921E-01 -6.6255E-09 -4.5386E-09  3.4907E-01
  5.1592E+00 -3.5880E-08 -1.5888E-07  3.5067E-01 -6.0965E-09 -4.3056E-09  3.5055E-01
  5.1712E+00  2.5774E-08 -1.5909E-07  3.5443E-01 -6.2332E-09 -4.3978E-09  3.5430E-01
  5.1832E+00 -1.2641E-08 -1.6290E-07  3.5887E-01 -6.9908E-09 -4.7667E-09  3.5873E-01
  5.1952E+00 -2.3419E-08 -1.5939E-07  3.5797E-01 -6.2082E-09 -4.3857E-09  3.5785E-01
  5.2072E+00  3.5393E-08 -1.5978E-07  3.5319E-01 -6.6341E-09 -4.6088E-09  3.5305E-01
  5.2192E+00 -3.6204E-08 -1.6217E-07  3.5022E-01 -7.1518E-09 -4.8830E-09  3.5007E-01
  5.2312E+00 -9.7001E-09 -1.5996E-07  3.4923E-01 -6.4004E-09 -4.5074E-09  3.4910E-01
  5.2431E+00  3.7245E-08 -1.6117E-07  3.4899E-01 -7.0378E-09 -4.8106E-09  3.4884E-01
  5.2551E+00 -4.5840E-08 -1.6111E-07  3.4895E-01 -7.1387E-09 -4.8958E-09  3.4880E-01
  5.2671E+00  4.6684E-09 -1.6045E-07  3.4896E-01 -6.6828E-09 -4.6784E-09  3.4882E-01
  5.2791E+00  2.6083E-08 -1.6317E-07  3.4899E-01 -7.4506E-09 -5.0255E-09  3.4883E-01
  5.2911E+00 -4.2076E-08 -1.6072E-07  3.4902E-01 -7.0977E-09 -4.8885E-09  3.4887E-01
  5.3031E+00  1.8794E-08 -1.6080E-07  3.4905E-01 -7.0325E-09 -4.8782E-09  3.4890E-01
  5.3151E+00  1.9690E-09 -1.6467E-07  3.4908E-01 -7.8649E-09 -5.2672E-09  3.4891E-01
  5.3271E+00 -3.0765E-08 -1.6102E-07  3.4912E-01 -7.1443E-09 -4.9319E-09  3.4897E-01
  5.3391E+00  3.1334E-08 -1.6126E-07  3.4917E-01 -7.4371E-09 -5.0977E-09  3.4901E-01
  5.3511E+00 -2.5115E-08 -1.6464E-07  3.4924E-01 -8.1471E-09 -5.4530E-09  3.4906E-01
  5.3631E+00 -1.6669E-08 -1.6158E-07  3.4944E-01 -7.2922E-09 -5.0324E-09  3.4929E-01
  5.3750E+00  3.8809E-08 -1.6223E-07  3.5007E-01 -7.8527E-09 -5.3093E-09  3.4990E-01
  5.3870E+00 -4.1890E-08 -1.6352E-07  3.5207E-01 -8.2049E-09 -5.5103E-09  3.5188E-01
  5.3990E+00 -1.6480E-09 -1.6203E-07  3.5654E-01 -7.5339E-09 -5.1811E-09  3.5637E-01
  5.4110E+00  3.5783E-08 -1.6392E-07  3.6033E-01 -8.2605E-09 -5.5109E-09  3.6014E-01
  5.4230E+00 -4.3790E-08 -1.6263E-07  3.5789E-01 -8.1446E-09 -5.4935E-09  3.5771E-01
  5.4350E+00  1.3256E-08 -1.6239E-07  3.5307E-01 -7.8573E-09 -5.3699E-09  3.5289E-01
  5.4473E+00  1.4874E-08 -1.6592E-07  3.5051E-01 -8.7130E-09 -5.7575E-09  3.5030E-01
  5.4593E+00 -3.4402E-08 -1.6250E-07  3.4976E-01 -8.1155E-09 -5.4971E-09  3.4957E-01
  5.4713E+00  2.8343E-08 -1.6266E-07  3.4958E-01 -8.2686E-09 -5.5964E-09  3.4939E-01
  5.4833E+00 -1.2848E-08 -1.6645E-07  3.4955E-01 -9.0790E-09 -5.9847E-09  3.4932E-01
  5.4953E+00 -2.1171E-08 -1.6291E-07  3.4956E-01 -8.2198E-09 -5.5733E-09  3.4937E-01
  5.5072E+00  3.8364E-08 -1.6327E-07  3.4959E-01 -8.6904E-09 -5.8139E-09  3.4938E-01
  5.5192E+00 -3.5357E-08 -1.6554E-07  3.4961E-01 -9.2333E-09 -6.0989E-09  3.4938E-01
  5.5312E+00 -6.7573E-09 -1.6337E-07  3.4964E-01 -8.4280E-09 -5.7049E-09  3.4944E-01
  5.5432E+00  3.9783E-08 -1.6461E-07  3.4967E-01 -9.1132E-09 -6.0223E-09  3.4945E-01
  5.5552E+00 -4.3994E-08 -1.6436E-07  3.4970E-01 -9.2003E-09 -6.1019E-09  3.4947E-01
  5.5672E+00  7.7701E-09 -1.6370E-07  3.4973E-01 -8.7252E-09 -5.8813E-09  3.4952E-01
  5.5792E+00  2.7493E-08 -1.6649E-07  3.4976E-01 -9.5360E-09 -6.2393E-09  3.4952E-01
  5.5912E+00 -3.9619E-08 -1.6386E-07  3.4979E-01 -9.1428E-09 -6.0866E-09  3.4956E-01
  5.6032E+00  2.1907E-08 -1.6389E-07  3.5152E-01 -9.0865E-09 -6.0828E-09  3.5129E-01
  5.6152E+00  2.4789E-09 -1.6777E-07  3.5154E-01 -9.9591E-09 -6.4843E-09  3.5128E-01
  5.6272E+00 -2.8098E-08 -1.6404E-07  3.5158E-01 -9.1835E-09 -6.1272E-09  3.5135E-01
  5.6391E+00  3.4253E-08 -1.6423E-07  3.5161E-01 -9.5015E-09 -6.3020E-09  3.5137E-01
  5.6511E+00 -2.4657E-08 -1.6750E-07  3.5164E-01 -1.0230E-08 -6.6618E-09  3.5136E-01
  5.6631E+00 -1.4075E-08 -1.6447E-07  3.5167E-01 -9.3318E-09 -6.2267E-09  3.5143E-01
  5.6751E+00  4.1049E-08 -1.6512E-07  3.5170E-01 -9.9237E-09 -6.5122E-09  3.5144E-01
  5.6871E+00 -4.1030E-08 -1.6624E-07  3.5173E-01 -1.0274E-08 -6.7122E-09  3.5145E-01
  5.6991E+00  4.7205E-10 -1.6481E-07  3.5177E-01 -9.5822E-09 -6.3785E-09  3.5152E-01
  5.7111E+00  3.6453E-08 -1.6677E-07  3.5180E-01 -1.0344E-08 -6.7191E-09  3.5152E-01
  5.7231E+00 -4.2854E-08 -1.6530E-07  3.5183E-01 -1.0205E-08 -6.6919E-09  3.5155E-01
  5.7351E+00  1.4934E-08 -1.6504E-07  3.5186E-01 -9.9179E-09 -6.5711E-09  3.5160E-01
  5.7471E+00  1.7158E-08 -1.6853E-07  3.5189E-01 -1.0767E-08 -6.9458E-09  3.5159E-01
  5.7591E+00 -3.4429E-08 -1.6513E-07  3.5192E-01 -1.0180E-08 -6.6961E-09  3.5165E-01
  5.7710E+00  2.8633E-08 -1.6523E-07  3.5195E-01 -1.0309E-08 -6.7830E-09  3.5167E-01
  5.7830E+00 -1.0645E-08 -1.6906E-07  3.5198E-01 -1.1141E-08 -7.1743E-09  3.5166E-01
  5.7950E+00 -2.1314E-08 -1.6545E-07  3.5202E-01 -1.0271E-08 -6.7648E-09  3.5174E-01
  5.8070E+00  3.9069E-08 -1.6574E-07  3.5205E-01 -1.0731E-08 -6.9983E-09  3.5175E-01
  5.8190E+00 -3.3847E-08 -1.6813E-07  3.5208E-01 -1.1310E-08 -7.2964E-09  3.5175E-01
  5.8310E+00 -6.8766E-09 -1.6584E-07  3.5212E-01 -1.0475E-08 -6.8931E-09  3.5183E-01
  5.8433E+00  4.0561E-08 -1.6715E-07  3.5215E-01 -1.1171E-08 -7.2103E-09  3.5183E-01
  5.8553E+00 -4.3460E-08 -1.6672E-07  3.5218E-01 -1.1244E-08 -7.2836E-09  3.5186E-01
  5.8673E+00  9.3753E-09 -1.6609E-07  3.5221E-01 -1.0781E-08 -7.0729E-09  3.5191E-01
  5.8793E+00  2.7256E-08 -1.6898E-07  3.5225E-01 -1.1589E-08 -7.4246E-09  3.5191E-01
  5.8913E+00 -3.8495E-08 -1.6621E-07  3.5228E-01 -1.1184E-08 -7.2680E-09  3.5196E-01
  5.9032E+00  2.3600E-08 -1.6621E-07  3.5231E-01 -1.1146E-08 -7.2741E-09  3.5199E-01
  5.9152E+00  1.5482E-09 -1.7012E-07  3.5234E-01 -1.2005E-08 -7.6661E-09  3.5198E-01
  5.9272E+00 -2.6716E-08 -1.6636E-07  3.5238E-01 -1.1227E-08 -7.3099E-09  3.5205E-01
  5.9392E+00  3.5882E-08 -1.6651E-07  3.5241E-01 -1.1558E-08 -7.4889E-09  3.5207E-01
  5.9512E+00 -2.5402E-08 -1.6969E-07  3.5244E-01 -1.2265E-08 -7.8372E-09  3.5206E-01
  5.9632E+00 -1.2598E-08 -1.6673E-07  3.5248E-01 -1.1379E-08 -7.4113E-09  3.5214E-01
  5.9752E+00  4.2243E-08 -1.6740E-07  3.5251E-01 -1.1970E-08 -7.6913E-09  3.5215E-01
  5.9872E+00 -4.0957E-08 -1.6836E-07  3.5254E-01 -1.2302E-08 -7.8822E-09  3.5216E-01
  5.9992E+00  2.0340E-09 -1.6700E-07  3.5258E-01 -1.1625E-08 -7.5583E-09  3.5223E-01
  6.0112E+00  3.6746E-08 -1.6905E-07  3.5091E-01 -1.2375E-08 -7.8905E-09  3.5052E-01
  6.0232E+00 -4.2006E-08 -1.6741E-07  3.5094E-01 -1.2230E-08 -7.8609E-09  3.5056E-01
  6.0351E+00  1.6587E-08 -1.6715E-07  3.5097E-01 -1.1971E-08 -7.7558E-09  3.5060E-01
  6.0471E+00  1.6474E-08 -1.7072E-07  3.5100E-01 -1.2785E-08 -8.1126E-09  3.5059E-01
  6.0591E+00 -3.3158E-08 -1.6722E-07  3.5104E-01 -1.2210E-08 -7.8680E-09  3.5066E-01
  6.0711E+00  3.0328E-08 -1.6728E-07  3.5107E-01 -1.2357E-08 -7.9634E-09  3.5068E-01
  6.0831E+00 -1.1628E-08 -1.7110E-07  3.5110E-01 -1.3150E-08 -8.3369E-09  3.5066E-01
  6.0951E+00 -1.9884E-08 -1.6750E-07  3.5114E-01 -1.2309E-08 -7.9407E-09  3.5075E-01
  6.1071E+00  4.0551E-08 -1.6778E-07  3.5118E-01 -1.2763E-08 -8.1690E-09  3.5076E-01
  6.1191E+00 -3.4258E-08 -1.7005E-07  3.5122E-01 -1.3306E-08 -8.4512E-09  3.5078E-01
  6.1311E+00 -5.3721E-09 -1.6783E-07  3.5132E-01 -1.2516E-08 -8.0709E-09  3.5092E-01
  6.1431E+00  4.1931E-08 -1.6905E-07  3.5160E-01 -1.3159E-08 -8.3626E-09  3.5117E-01
  6.1551E+00 -4.2861E-08 -1.6876E-07  3.5259E-01 -1.3278E-08 -8.4576E-09  3.5214E-01
  6.1671E+00  9.2932E-09 -1.6804E-07  3.5551E-01 -1.2818E-08 -8.2494E-09  3.5510E-01
  6.1790E+00  2.9176E-08 -1.7087E-07  3.6038E-01 -1.3564E-08 -8.5734E-09  3.5992E-01
  6.1910E+00 -3.8691E-08 -1.6819E-07  3.6181E-01 -1.3229E-08 -8.4494E-09  3.6138E-01
  6.2030E+00  2.3267E-08 -1.6813E-07  3.5751E-01 -1.3168E-08 -8.4435E-09  3.5707E-01
  6.2150E+00  3.2097E-09 -1.7204E-07  3.5361E-01 -1.3960E-08 -8.8033E-09  3.5312E-01
  6.2270E+00 -2.7562E-08 -1.6827E-07  3.5210E-01 -1.3253E-08 -8.4791E-09  3.5165E-01
  6.2393E+00  3.6737E-08 -1.6841E-07  3.5168E-01 -1.3566E-08 -8.6487E-09  3.5122E-01
  6.2513E+00 -2.6901E-08 -1.7152E-07  3.5161E-01 -1.4213E-08 -8.9721E-09  3.5110E-01
  6.2633E+00 -1.1890E-08 -1.6864E-07  3.5162E-01 -1.3393E-08 -8.5753E-09  3.5117E-01
  6.2753E+00  4.2603E-08 -1.6936E-07  3.5166E-01 -1.3946E-08 -8.8382E-09  3.5116E-01
  6.2873E+00 -4.1555E-08 -1.7018E-07  3.5169E-01 -1.4249E-08 -9.0162E-09  3.5117E-01
  6.2993E+00  2.8667E-09 -1.6891E-07  3.5173E-01 -1.3633E-08 -8.7196E-09  3.5126E-01
  6.3112E+00  3.6201E-08 -1.7106E-07  3.5177E-01 -1.4320E-08 -9.0274E-09  3.5125E-01
  6.3232E+00 -4.1743E-08 -1.6928E-07  3.5181E-01 -1.4189E-08 -9.0018E-09  3.5130E-01
  6.3352E+00  1.7559E-08 -1.6905E-07  3.5185E-01 -1.3978E-08 -8.9195E-09  3.5136E-01
  6.3472E+00  1.5067E-08 -1.7271E-07  3.5192E-01 -1.4705E-08 -9.2436E-09  3.5137E-01
  6.3592E+00 -3.2354E-08 -1.6915E-07  3.5207E-01 -1.4183E-08 -9.0166E-09  3.5156E-01
  6.3712E+00  3.1436E-08 -1.6919E-07  3.5250E-01 -1.4340E-08 -9.1169E-09  3.5197E-01
  6.3832E+00 -1.2947E-08 -1.7297E-07  3.5388E-01 -1.5043E-08 -9.4564E-09  3.5331E-01
  6.3952E+00 -1.8578E-08 -1.6942E-07  3.5753E-01 -1.4279E-08 -9.0879E-09  3.5702E-01
  6.4072E+00  4.1831E-08 -1.6970E-07  3.6224E-01 -1.4696E-08 -9.2989E-09  3.6170E-01
  6.4192E+00 -3.4281E-08 -1.7184E-07  3.6190E-01 -1.5179E-08 -9.5575E-09  3.6132E-01
  6.4312E+00 -3.5940E-09 -1.6972E-07  3.5712E-01 -1.4485E-08 -9.2189E-09  3.5659E-01
  6.4431E+00  4.2699E-08 -1.7101E-07  3.5382E-01 -1.5057E-08 -9.4837E-09  3.5324E-01
  6.4551E+00 -4.1782E-08 -1.7055E-07  3.5267E-01 -1.5165E-08 -9.5723E-09  3.5208E-01
  6.4671E+00  1.1140E-08 -1.6988E-07  3.5238E-01 -1.4777E-08 -9.3949E-09  3.5182E-01
  6.4791E+00  2.9060E-08 -1.7279E-07  3.5232E-01 -1.5416E-08 -9.6791E-09  3.5171E-01
  6.4911E+00 -3.6733E-08 -1.6998E-07  3.5233E-01 -1.5126E-08 -9.5680E-09  3.5175E-01
  6.5031E+00  2.5500E-08 -1.6991E-07  3.5236E-01 -1.5105E-08 -9.5815E-09  3.5177E-01
  6.5151E+00  3.0807E-09 -1.7383E-07  3.5239E-01 -1.5787E-08 -9.9049E-09  3.5174E-01
  6.5271E+00 -2.4973E-08 -1.7005E-07  3.5243E-01 -1.5176E-08 -9.6153E-09  3.5183E-01
  6.5391E+00  3.7886E-08 -1.7012E-07  3.5246E-01 -1.5455E-08 -9.7720E-09  3.5184E-01
  6.5511E+00 -2.3826E-08 -1.7329E-07  3.5249E-01 -1.6033E-08 -1.0072E-08  3.5182E-01
  6.5631E+00 -1.0902E-08 -1.7033E-07  3.5253E-01 -1.5322E-08 -9.7153E-09  3.5192E-01
  6.5751E+00  4.4214E-08 -1.7095E-07  3.5256E-01 -1.5783E-08 -9.9447E-09  3.5192E-01
  6.5870E+00 -3.9140E-08 -1.7189E-07  3.5260E-01 -1.6084E-08 -1.0124E-08  3.5192E-01
  6.5990E+00  3.7202E-09 -1.7051E-07  3.5263E-01 -1.5540E-08 -9.8519E-09  3.5201E-01
  6.6110E+00  3.8496E-08 -1.7255E-07  3.5436E-01 -1.6099E-08 -1.0115E-08  3.5369E-01
  6.6230E+00 -4.0039E-08 -1.7089E-07  3.5440E-01 -1.6038E-08 -1.0116E-08  3.5373E-01
  6.6350E+00  1.8302E-08 -1.7058E-07  3.5443E-01 -1.5846E-08 -1.0037E-08  3.5378E-01
  6.6473E+00  1.4947E-08 -1.7425E-07  3.5447E-01 -1.6454E-08 -1.0327E-08  3.5375E-01
  6.6593E+00 -2.9869E-08 -1.7064E-07  3.5451E-01 -1.6019E-08 -1.0124E-08  3.5384E-01
  6.6713E+00  3.3500E-08 -1.7064E-07  3.5454E-01 -1.6178E-08 -1.0227E-08  3.5386E-01
  6.6833E+00 -1.3149E-08 -1.7434E-07  3.5457E-01 -1.6758E-08 -1.0529E-08  3.5383E-01
  6.6953E+00 -1.6473E-08 -1.7087E-07  3.5461E-01 -1.6127E-08 -1.0206E-08  3.5393E-01
  6.7073E+00  4.3016E-08 -1.7115E-07  3.5465E-01 -1.6486E-08 -1.0400E-08  3.5393E-01
  6.7192E+00 -3.4101E-08 -1.7312E-07  3.5468E-01 -1.6886E-08 -1.0629E-08  3.5392E-01
  6.7312E+00 -2.0291E-09 -1.7110E-07  3.5472E-01 -1.6318E-08 -1.0333E-08  3.5402E-01
  6.7432E+00  4.2862E-08 -1.7246E-07  3.5475E-01 -1.6769E-08 -1.0559E-08  3.5401E-01
  6.7552E+00 -4.0749E-08 -1.7184E-07  3.5479E-01 -1.6867E-08 -1.0638E-08  3.5403E-01
  6.7672E+00  1.2601E-08 -1.7120E-07  3.5482E-01 -1.6571E-08 -1.0494E-08  3.5410E-01
  6.7792E+00  2.8331E-08 -1.7419E-07  3.5486E-01 -1.7063E-08 -1.0738E-08  3.5407E-01
  6.7912E+00 -3.5195E-08 -1.7129E-07  3.5490E-01 -1.6841E-08 -1.0641E-08  3.5414E-01
  6.8032E+00  2.6888E-08 -1.7119E-07  3.5493E-01 -1.6851E-08 -1.0667E-08  3.5417E-01
  6.8152E+00  2.0124E-09 -1.7511E-07  3.5496E-01 -1.7377E-08 -1.0947E-08  3.5414E-01
  6.8272E+00 -2.3333E-08 -1.7135E-07  3.5500E-01 -1.6897E-08 -1.0693E-08  3.5424E-01
  6.8392E+00  3.9051E-08 -1.7141E-07  3.5504E-01 -1.7137E-08 -1.0840E-08  3.5425E-01
  6.8511E+00 -2.4308E-08 -1.7446E-07  3.5507E-01 -1.7593E-08 -1.1105E-08  3.5422E-01
  6.8631E+00 -9.3334E-09 -1.7161E-07  3.5511E-01 -1.7033E-08 -1.0793E-08  3.5433E-01
  6.8751E+00  4.4822E-08 -1.7226E-07  3.5515E-01 -1.7392E-08 -1.0995E-08  3.5432E-01
  6.8871E+00 -3.8596E-08 -1.7304E-07  3.5518E-01 -1.7640E-08 -1.1155E-08  3.5432E-01
  6.8991E+00  5.2161E-09 -1.7175E-07  3.5521E-01 -1.7220E-08 -1.0922E-08  3.5441E-01
  6.9111E+00  3.8217E-08 -1.7387E-07  3.5525E-01 -1.7636E-08 -1.1152E-08  3.5439E-01
  6.9231E+00 -3.8732E-08 -1.7207E-07  3.5529E-01 -1.7608E-08 -1.1154E-08  3.5443E-01
  6.9351E+00  1.9736E-08 -1.7176E-07  3.5532E-01 -1.7485E-08 -1.1099E-08  3.5449E-01
  6.9471E+00  1.6976E-08 -1.7539E-07  3.5536E-01 -1.7909E-08 -1.1342E-08  3.5445E-01
  6.9591E+00 -2.9614E-08 -1.7185E-07  3.5540E-01 -1.7617E-08 -1.1180E-08  3.5454E-01
  6.9711E+00  3.3411E-08 -1.7180E-07  3.5543E-01 -1.7740E-08 -1.1270E-08  3.5456E-01
  6.9831E+00 -1.0986E-08 -1.7553E-07  3.5546E-01 -1.8177E-08 -1.1540E-08  3.5452E-01
  6.9950E+00 -1.6462E-08 -1.7203E-07  3.5550E-01 -1.7710E-08 -1.1259E-08  3.5464E-01
  7.0070E+00  4.2257E-08 -1.7253E-07  3.5554E-01 -1.7956E-08 -1.1416E-08  3.5463E-01
  7.0190E+00  1.6876E-08 -1.7549E-07  3.5557E-01 -1.8451E-08 -1.1742E-08  3.5457E-01
  7.0310E+00 -3.0156E-09 -1.7457E-07  3.5561E-01 -1.8475E-08 -1.1760E-08  3.5461E-01
  7.0430E+00 -1.3619E-10 -1.7484E-07  3.5564E-01 -1.8480E-08 -1.1765E-08  3.5464E-01
  7.0550E+00  1.0232E-09 -1.7494E-07  3.5568E-01 -1.8502E-08 -1.1781E-08  3.5468E-01
  7.0673E+00  1.0315E-09 -1.7499E-07  3.5572E-01 -1.8524E-08 -1.1798E-08  3.5472E-01
  7.0793E+00  1.0396E-09 -1.7503E-07  3.5576E-01 -1.8545E-08 -1.1814E-08  3.5475E-01
  7.0913E+00  1.0477E-09 -1.7507E-07  3.5579E-01 -1.8567E-08 -1.1830E-08  3.5478E-01
  7.1033E+00  1.0558E-09 -1.7512E-07  3.5583E-01 -1.8588E-08 -1.1846E-08  3.5482E-01
  7.1153E+00  1.0639E-09 -1.7516E-07  3.5586E-01 -1.8609E-08 -1.1862E-08  3.5485E-01
  7.1272E+00  1.0720E-09 -1.7520E-07  3.5590E-01 -1.8630E-08 -1.1878E-08  3.5489E-01
  7.1392E+00  1.0801E-09 -1.7524E-07  3.5594E-01 -1.8651E-08 -1.1894E-08  3.5492E-01
  7.1512E+00  1.0882E-09 -1.7529E-07  3.5597E-01 -1.8672E-08 -1.1910E-08  3.5495E-01
  7.1632E+00  1.0963E-09 -1.7533E-07  3.5601E-01 -1.8693E-08 -1.1926E-08  3.5499E-01
  7.1752E+00  1.1045E-09 -1.7537E-07  3.5605E-01 -1.8714E-08 -1.1942E-08  3.5502E-01
  7.1872E+00  1.1126E-09 -1.7541E-07  3.5608E-01 -1.8734E-08 -1.1957E-08  3.5506E-01
  7.1992E+00  1.1207E-09 -1.7545E-07  3.5612E-01 -1.8755E-08 -1.1973E-08  3.5509E-01
  7.2112E+00  1.1288E-09 -1.7549E-07  3.5616E-01 -1.8776E-08 -1.1989E-08  3.5512E-01
  7.2232E+00  1.1369E-09 -1.7554E-07  3.5619E-01 -1.8796E-08 -1.2005E-08  3.5516E-01
  7.2352E+00  1.1450E-09 -1.7558E-07  3.5623E-01 -1.8817E-08 -1.2021E-08  3.5519E-01
  7.2472E+00  1.1531E-09 -1.7562E-07  3.5626E-01 -1.8838E-08 -1.2036E-08  3.5523E-01
  7.2592E+00  1.1613E-09 -1.7566E-07  3.5630E-01 -1.8858E-08 -1.2052E-08  3.5526E-01
  7.2711E+00  1.1694E-09 -1.7570E-07  3.5634E-01 -1.8879E-08 -1.2068E-08  3.5529E-01
  7.2831E+00  1.1775E-09 -1.7574E-07  3.5637E-01 -1.8899E-08 -1.2083E-08  3.5533E-01
  7.2951E+00  1.1856E-09 -1.7578E-07  3.5641E-01 -1.8919E-08 -1.2099E-08  3.5536E-01
  7.3071E+00  1.1937E-09 -1.7582E-07  3.5645E-01 -1.8940E-08 -1.2114E-08  3.5540E-01
  7.3191E+00  1.2018E-09 -1.7586E-07  3.5648E-01 -1.8960E-08 -1.2130E-08  3.5543E-01
  7.3311E+00  1.2099E-09 -1.7591E-07  3.5652E-01 -1.8980E-08 -1.2145E-08  3.5546E-01
  7.3431E+00  1.2180E-09 -1.7595E-07  3.5655E-01 -1.9001E-08 -1.2161E-08  3.5550E-01
  7.3551E+00  1.2261E-09 -1.7599E-07  3.5659E-01 -1.9021E-08 -1.2176E-08  3.5553E-01
  7.3671E+00  1.2342E-09 -1.7603E-07  3.5663E-01 -1.9041E-08 -1.2192E-08  3.5557E-01
  7.3791E+00  1.2423E-09 -1.7607E-07  3.5666E-01 -1.9061E-08 -1.2207E-08  3.5560E-01
  7.3911E+00  1.2504E-09 -1.7611E-07  3.5670E-01 -1.9081E-08 -1.2223E-08  3.5563E-01
  7.4030E+00  1.2585E-09 -1.7615E-07  3.5673E-01 -1.9101E-08 -1.2238E-08  3.5567E-01
  7.4150E+00  1.2666E-09 -1.7619E-07  3.5677E-01 -1.9121E-08 -1.2253E-08  3.5570E-01
  7.4270E+00  1.2747E-09 -1.7623E-07  3.5681E-01 -1.9141E-08 -1.2269E-08  3.5574E-01
  7.4390E+00  1.2828E-09 -1.7627E-07  3.5684E-01 -1.9161E-08 -1.2284E-08  3.5577E-01
  7.4510E+00  1.2909E-09 -1.7631E-07  3.5688E-01 -1.9181E-08 -1.2299E-08  3.5580E-01
  7.4630E+00  1.2989E-09 -1.7634E-07  3.5691E-01 -1.9201E-08 -1.2315E-08  3.5584E-01
  7.4753E+00  1.3072E-09 -1.7638E-07  3.5695E-01 -1.9221E-08 -1.2330E-08  3.5587E-01
  7.4873E+00  1.3153E-09 -1.7642E-07  3.5699E-01 -1.9241E-08 -1.2345E-08  3.5591E-01
  7.4993E+00  1.3233E-09 -1.7646E-07  3.5702E-01 -1.9260E-08 -1.2361E-08  3.5594E-01
  7.5113E+00  1.3314E-09 -1.7650E-07  3.5706E-01 -1.9280E-08 -1.2376E-08  3.5597E-01
  7.5233E+00  1.3394E-09 -1.7654E-07  3.5710E-01 -1.9300E-08 -1.2391E-08  3.5601E-01
  7.5353E+00  1.3475E-09 -1.7658E-07  3.5713E-01 -1.9319E-08 -1.2406E-08  3.5604E-01
  7.5472E+00  1.3556E-09 -1.7662E-07  3.5717E-01 -1.9339E-08 -1.2421E-08  3.5608E-01
  7.5592E+00  1.3636E-09 -1.7666E-07  3.5720E-01 -1.9358E-08 -1.2436E-08  3.5611E-01
  7.5712E+00  1.3716E-09 -1.7669E-07  3.5724E-01 -1.9378E-08 -1.2451E-08  3.5614E-01
  7.5832E+00  1.3797E-09 -1.7673E-07  3.5727E-01 -1.9397E-08 -1.2466E-08  3.5618E-01
  7.5952E+00  1.3877E-09 -1.7677E-07  3.5731E-01 -1.9417E-08 -1.2481E-08  3.5621E-01
  7.6072E+00  1.3958E-09 -1.7681E-07  3.5735E-01 -1.9436E-08 -1.2496E-08  3.5624E-01
  7.6192E+00  1.4038E-09 -1.7685E-07  3.5738E-01 -1.9455E-08 -1.2511E-08  3.5628E-01
  7.6312E+00  1.4118E-09 -1.7689E-07  3.5742E-01 -1.9474E-08 -1.2526E-08  3.5631E-01
  7.6432E+00  1.4199E-09 -1.7692E-07  3.5745E-01 -1.9494E-08 -1.2541E-08  3.5635E-01
  7.6552E+00  1.4279E-09 -1.7696E-07  3.5749E-01 -1.9513E-08 -1.2556E-08  3.5638E-01
  7.6672E+00  1.4359E-09 -1.7700E-07  3.5753E-01 -1.9532E-08 -1.2571E-08  3.5641E-01
  7.6791E+00  1.4440E-09 -1.7704E-07  3.5756E-01 -1.9551E-08 -1.2586E-08  3.5645E-01
  7.6911E+00  1.4520E-09 -1.7707E-07  3.5760E-01 -1.9570E-08 -1.2600E-08  3.5648E-01
  7.7031E+00  1.4600E-09 -1.7711E-07  3.5763E-01 -1.9589E-08 -1.2615E-08  3.5651E-01
  7.7151E+00  1.4680E-09 -1.7715E-07  3.5767E-01 -1.9608E-08 -1.2630E-08  3.5655E-01
  7.7271E+00  1.4761E-09 -1.7719E-07  3.5770E-01 -1.9627E-08 -1.2645E-08  3.5658E-01
  7.7391E+00  1.4841E-09 -1.7722E-07  3.5774E-01 -1.9646E-08 -1.2659E-08  3.5661E-01
  7.7511E+00  1.4921E-09 -1.7726E-07  3.5778E-01 -1.9665E-08 -1.2674E-08  3.5665E-01
  7.7631E+00  1.5001E-09 -1.7730E-07  3.5781E-01 -1.9684E-08 -1.2689E-08  3.5668E-01
  7.7751E+00  1.5081E-09 -1.7733E-07  3.5785E-01 -1.9703E-08 -1.2703E-08  3.5671E-01
  7.7871E+00  1.5161E-09 -1.7737E-07  3.5788E-01 -1.9722E-08 -1.2718E-08  3.5675E-01
  7.7991E+00  1.5241E-09 -1.7741E-07  3.5792E-01 -1.9740E-08 -1.2733E-08  3.5678E-01
  7.8111E+00  1.5321E-09 -1.7744E-07  3.5795E-01 -1.9759E-08 -1.2747E-08  3.5682E-01
  7.8230E+00  1.5401E-09 -1.7748E-07  3.5799E-01 -1.9778E-08 -1.2762E-08  3.5685E-01
  7.8350E+00  1.5481E-09 -1.7752E-07  3.5802E-01 -1.9796E-08 -1.2776E-08  3.5688E-01
  7.8470E+00  1.5561E-09 -1.7755E-07  3.5806E-01 -1.9815E-08 -1.2791E-08  3.5692E-01
  7.8590E+00  1.5641E-09 -1.7759E-07  3.5810E-01 -1.9833E-08 -1.2805E-08  3.5695E-01
  7.8710E+00  1.5721E-09 -1.7762E-07  3.5813E-01 -1.9852E-08 -1.2820E-08  3.5698E-01
  7.8830E+00  1.5801E-09 -1.7766E-07  3.5817E-01 -1.9870E-08 -1.2834E-08  3.5702E-01
  7.8953E+00  1.5883E-09 -1.7770E-07  3.5820E-01 -1.9889E-08 -1.2849E-08  3.5705E-01
  7.9073E+00  1.5963E-09 -1.7773E-07  3.5824E-01 -1.9908E-08 -1.2863E-08  3.5708E-01
  7.9193E+00  1.6043E-09 -1.7777E-07  3.5827E-01 -1.9926E-08 -1.2878E-08  3.5712E-01
  7.9313E+00  1.6123E-09 -1.7780E-07  3.5831E-01 -1.9944E-08 -1.2892E-08  3.5715E-01
  7.9433E+00  1.6203E-09 -1.7784E-07  3.5834E-01 -1.9963E-08 -1.2906E-08  3.5718E-01
  7.9553E+00  3.1894E-09 -1.7779E-07  3.5838E-01 -1.9990E-08 -1.2928E-08  3.5721E-01
  7.9672E+00  6.7761E-09 -1.7754E-07  3.5841E-01 -2.0047E-08 -1.2972E-08  3.5724E-01
  7.9792E+00 -2.3079E-08 -1.7900E-07  3.5845E-01 -2.0038E-08 -1.2966E-08  3.5728E-01
  7.9912E+00 -5.7642E-08 -1.7478E-07  3.5849E-01 -1.9461E-08 -1.2592E-08  3.5743E-01
  8.0032E+00  2.4490E-08 -1.7431E-07  3.5737E-01 -1.9298E-08 -1.2511E-08  3.5634E-01
  8.0152E+00  1.2230E-08 -1.7931E-07  3.5741E-01 -1.9688E-08 -1.2747E-08  3.5630E-01
  8.0272E+00 -4.5841E-08 -1.7400E-07  3.5745E-01 -1.9209E-08 -1.2464E-08  3.5643E-01
  8.0392E+00  4.1969E-08 -1.7440E-07  3.5748E-01 -1.9312E-08 -1.2549E-08  3.5645E-01
  8.0512E+00 -2.7006E-08 -1.7924E-07  3.5751E-01 -1.9749E-08 -1.2823E-08  3.5640E-01
  8.0632E+00 -2.6023E-08 -1.7428E-07  3.5755E-01 -1.9023E-08 -1.2387E-08  3.5656E-01
  8.0752E+00  5.3461E-08 -1.7503E-07  3.5759E-01 -1.9312E-08 -1.2570E-08  3.5655E-01
  8.0872E+00 -5.5430E-08 -1.7731E-07  3.5762E-01 -1.9632E-08 -1.2784E-08  3.5654E-01
  8.0991E+00 -5.5240E-09 -1.7460E-07  3.5766E-01 -1.8941E-08 -1.2377E-08  3.5668E-01
  8.1111E+00  5.1782E-08 -1.7667E-07  3.5771E-01 -1.9293E-08 -1.2576E-08  3.5667E-01
  8.1231E+00 -6.3151E-08 -1.7534E-07  3.5775E-01 -1.9314E-08 -1.2615E-08  3.5672E-01
  8.1351E+00  1.4494E-08 -1.7473E-07  3.5783E-01 -1.8904E-08 -1.2389E-08  3.5685E-01
  8.1471E+00  3.0553E-08 -1.7885E-07  3.5804E-01 -1.9319E-08 -1.2616E-08  3.5699E-01
  8.1591E+00 -5.3866E-08 -1.7447E-07  3.5869E-01 -1.8972E-08 -1.2436E-08  3.5770E-01
  8.1711E+00  3.3248E-08 -1.7473E-07  3.6030E-01 -1.8927E-08 -1.2435E-08  3.5932E-01
  8.1831E+00 -6.1496E-09 -1.7993E-07  3.6219E-01 -1.9410E-08 -1.2713E-08  3.6115E-01
  8.1951E+00 -3.6102E-08 -1.7453E-07  3.6180E-01 -1.8729E-08 -1.2325E-08  3.6086E-01
  8.2071E+00  4.8371E-08 -1.7499E-07  3.5979E-01 -1.8948E-08 -1.2470E-08  3.5880E-01
  8.2191E+00 -4.2066E-08 -1.7882E-07  3.5856E-01 -1.9391E-08 -1.2744E-08  3.5752E-01
  8.2311E+00 -1.5966E-08 -1.7487E-07  3.5819E-01 -1.8584E-08 -1.2276E-08  3.5725E-01
  8.2430E+00  5.4424E-08 -1.7607E-07  3.5812E-01 -1.8946E-08 -1.2483E-08  3.5713E-01
  8.2550E+00 -6.0962E-08 -1.7667E-07  3.5813E-01 -1.9144E-08 -1.2627E-08  3.5711E-01
  8.2670E+00  4.1839E-09 -1.7507E-07  3.5816E-01 -1.8513E-08 -1.2267E-08  3.5723E-01
  8.2790E+00  4.4010E-08 -1.7810E-07  3.5820E-01 -1.8949E-08 -1.2499E-08  3.5720E-01
  8.2910E+00 -5.9569E-08 -1.7520E-07  3.5823E-01 -1.8782E-08 -1.2435E-08  3.5727E-01
  8.3033E+00  2.5639E-08 -1.7512E-07  3.5827E-01 -1.8551E-08 -1.2325E-08  3.5733E-01
  8.3153E+00  1.0222E-08 -1.8010E-07  3.5830E-01 -1.9036E-08 -1.2584E-08  3.5730E-01
  8.3273E+00 -4.3270E-08 -1.7485E-07  3.5835E-01 -1.8457E-08 -1.2273E-08  3.5742E-01
  8.3393E+00  4.2674E-08 -1.7521E-07  3.5839E-01 -1.8591E-08 -1.2373E-08  3.5744E-01
  8.3513E+00 -2.8105E-08 -1.7988E-07  3.5843E-01 -1.9096E-08 -1.2667E-08  3.5742E-01
  8.3633E+00 -2.3762E-08 -1.7514E-07  3.5854E-01 -1.8283E-08 -1.2205E-08  3.5763E-01
  8.3752E+00  5.3504E-08 -1.7588E-07  3.5882E-01 -1.8615E-08 -1.2400E-08  3.5787E-01
  8.3872E+00 -5.4694E-08 -1.7792E-07  3.5964E-01 -1.8945E-08 -1.2615E-08  3.5866E-01
  8.3992E+00 -3.5862E-09 -1.7540E-07  3.6149E-01 -1.8224E-08 -1.2208E-08  3.6059E-01
  8.4112E+00  5.0961E-08 -1.7755E-07  3.6305E-01 -1.8619E-08 -1.2410E-08  3.6211E-01
  8.4232E+00 -6.0827E-08 -1.7604E-07  3.6207E-01 -1.8608E-08 -1.2440E-08  3.6113E-01
  8.4352E+00  1.6117E-08 -1.7551E-07  3.6016E-01 -1.8208E-08 -1.2230E-08  3.5926E-01
  8.4472E+00  2.8927E-08 -1.7968E-07  3.5917E-01 -1.8683E-08 -1.2471E-08  3.5821E-01
  8.4592E+00 -5.0989E-08 -1.7526E-07  3.5888E-01 -1.8281E-08 -1.2274E-08  3.5797E-01
  8.4712E+00  3.4481E-08 -1.7549E-07  3.5882E-01 -1.8257E-08 -1.2286E-08  3.5791E-01
  8.4832E+00 -7.5583E-09 -1.8059E-07  3.5883E-01 -1.8789E-08 -1.2577E-08  3.5785E-01
  8.4952E+00 -3.3296E-08 -1.7533E-07  3.5886E-01 -1.8056E-08 -1.2173E-08  3.5797E-01
  8.5072E+00  4.9172E-08 -1.7576E-07  3.5889E-01 -1.8308E-08 -1.2332E-08  3.5797E-01
  8.5191E+00 -4.1900E-08 -1.7937E-07  3.5892E-01 -1.8771E-08 -1.2612E-08  3.5794E-01
  8.5311E+00 -1.3486E-08 -1.7564E-07  3.5895E-01 -1.7949E-08 -1.2144E-08  3.5808E-01
  8.5431E+00  5.4414E-08 -1.7687E-07  3.5899E-01 -1.8341E-08 -1.2359E-08  3.5807E-01
  8.5551E+00 -5.9034E-08 -1.7725E-07  3.5902E-01 -1.8524E-08 -1.2497E-08  3.5808E-01
  8.5671E+00  6.2388E-09 -1.7581E-07  3.5906E-01 -1.7899E-08 -1.2145E-08  3.5818E-01
  8.5791E+00  4.2968E-08 -1.7889E-07  3.5910E-01 -1.8378E-08 -1.2391E-08  3.5816E-01
  8.5911E+00 -5.6652E-08 -1.7586E-07  3.5913E-01 -1.8179E-08 -1.2315E-08  3.5823E-01
  8.6031E+00  2.5163E-08 -1.7581E-07  3.6026E-01 -1.7967E-08 -1.2217E-08  3.5938E-01
  8.6151E+00  1.2947E-08 -1.8065E-07  3.6029E-01 -1.8477E-08 -1.2479E-08  3.5935E-01
  8.6271E+00 -4.2261E-08 -1.7556E-07  3.6033E-01 -1.7906E-08 -1.2180E-08  3.5946E-01
  8.6391E+00  4.2105E-08 -1.7585E-07  3.6037E-01 -1.8036E-08 -1.2277E-08  3.5948E-01
  8.6510E+00 -2.4744E-08 -1.8051E-07  3.6040E-01 -1.8563E-08 -1.2578E-08  3.5944E-01
  8.6630E+00 -2.3374E-08 -1.7579E-07  3.6044E-01 -1.7754E-08 -1.2122E-08  3.5958E-01
  8.6750E+00  5.3217E-08 -1.7645E-07  3.6047E-01 -1.8091E-08 -1.2318E-08  3.5958E-01
  8.6870E+00 -5.1722E-08 -1.7863E-07  3.6051E-01 -1.8446E-08 -1.2548E-08  3.5957E-01
  8.6990E+00 -3.7654E-09 -1.7604E-07  3.6054E-01 -1.7723E-08 -1.2140E-08  3.5968E-01
  8.7110E+00  5.1441E-08 -1.7803E-07  3.6058E-01 -1.8130E-08 -1.2345E-08  3.5968E-01
  8.7233E+00 -5.8528E-08 -1.7658E-07  3.6062E-01 -1.8107E-08 -1.2369E-08  3.5971E-01
  8.7353E+00  1.7620E-08 -1.7611E-07  3.6065E-01 -1.7742E-08 -1.2178E-08  3.5979E-01
  8.7473E+00  2.7207E-08 -1.8032E-07  3.6069E-01 -1.8228E-08 -1.2420E-08  3.5977E-01
  8.7593E+00 -4.8259E-08 -1.7587E-07  3.6072E-01 -1.7807E-08 -1.2213E-08  3.5985E-01
  8.7713E+00  3.5580E-08 -1.7607E-07  3.6075E-01 -1.7814E-08 -1.2242E-08  3.5988E-01
  8.7833E+00 -9.0258E-09 -1.8107E-07  3.6079E-01 -1.8354E-08 -1.2537E-08  3.5985E-01
  8.7952E+00 -3.0761E-08 -1.7596E-07  3.6083E-01 -1.7620E-08 -1.2130E-08  3.5997E-01
  8.8072E+00  4.9714E-08 -1.7636E-07  3.6086E-01 -1.7890E-08 -1.2298E-08  3.5998E-01
  8.8192E+00 -4.1920E-08 -1.7975E-07  3.6089E-01 -1.8346E-08 -1.2576E-08  3.5996E-01
  8.8312E+00 -1.1373E-08 -1.7624E-07  3.6093E-01 -1.7550E-08 -1.2120E-08  3.6008E-01
  8.8432E+00  5.4082E-08 -1.7752E-07  3.6097E-01 -1.7947E-08 -1.2335E-08  3.6008E-01
  8.8552E+00 -5.7401E-08 -1.7767E-07  3.6100E-01 -1.8113E-08 -1.2465E-08  3.6009E-01
  8.8672E+00  7.9413E-09 -1.7638E-07  3.6103E-01 -1.7533E-08 -1.2136E-08  3.6018E-01
  8.8792E+00  4.1624E-08 -1.7953E-07  3.6107E-01 -1.8013E-08 -1.2381E-08  3.6017E-01
  8.8912E+00 -5.4110E-08 -1.7638E-07  3.6111E-01 -1.7800E-08 -1.2297E-08  3.6023E-01
  8.9032E+00  2.6488E-08 -1.7634E-07  3.6114E-01 -1.7627E-08 -1.2219E-08  3.6028E-01
  8.9152E+00  1.1191E-08 -1.8116E-07  3.6117E-01 -1.8143E-08 -1.2488E-08  3.6026E-01
  8.9272E+00 -3.9626E-08 -1.7613E-07  3.6121E-01 -1.7568E-08 -1.2181E-08  3.6036E-01
  8.9391E+00  4.2991E-08 -1.7639E-07  3.6124E-01 -1.7720E-08 -1.2290E-08  3.6038E-01
  8.9511E+00 -2.5640E-08 -1.8087E-07  3.6127E-01 -1.8245E-08 -1.2594E-08  3.6035E-01
  8.9631E+00 -2.1066E-08 -1.7636E-07  3.6132E-01 -1.7455E-08 -1.2143E-08  3.6047E-01
  8.9751E+00  5.3414E-08 -1.7702E-07  3.6135E-01 -1.7795E-08 -1.2340E-08  3.6047E-01
  8.9871E+00 -5.0946E-08 -1.7896E-07  3.6138E-01 -1.8135E-08 -1.2563E-08  3.6047E-01
  8.9991E+00 -1.8675E-09 -1.7656E-07  3.6142E-01 -1.7461E-08 -1.2178E-08  3.6058E-01
  9.0111E+00  5.0643E-08 -1.7863E-07  3.6039E-01 -1.7859E-08 -1.2378E-08  3.5950E-01
  9.0231E+00 -5.6738E-08 -1.7717E-07  3.6042E-01 -1.7856E-08 -1.2415E-08  3.5954E-01
  9.0351E+00  1.7011E-08 -1.7662E-07  3.6046E-01 -1.7494E-08 -1.2221E-08  3.5961E-01
  9.0471E+00  2.9050E-08 -1.8067E-07  3.6049E-01 -1.7966E-08 -1.2457E-08  3.5959E-01
  9.0591E+00 -4.7291E-08 -1.7641E-07  3.6053E-01 -1.7586E-08 -1.2272E-08  3.5967E-01
  9.0711E+00  3.4816E-08 -1.7656E-07  3.6056E-01 -1.7588E-08 -1.2297E-08  3.5970E-01
  9.0830E+00 -6.2175E-09 -1.8149E-07  3.6059E-01 -1.8117E-08 -1.2587E-08  3.5967E-01
  9.0950E+00 -3.0416E-08 -1.7646E-07  3.6063E-01 -1.7428E-08 -1.2201E-08  3.5979E-01
  9.1070E+00  4.9086E-08 -1.7680E-07  3.6067E-01 -1.7686E-08 -1.2364E-08  3.5979E-01
  9.1190E+00 -3.9048E-08 -1.8026E-07  3.6071E-01 -1.8145E-08 -1.2645E-08  3.5978E-01
  9.1310E+00 -1.1485E-08 -1.7672E-07  3.6077E-01 -1.7382E-08 -1.2201E-08  3.5993E-01
  9.1433E+00  5.3744E-08 -1.7807E-07  3.6091E-01 -1.7774E-08 -1.2415E-08  3.6002E-01
  9.1553E+00 -5.5786E-08 -1.7801E-07  3.6130E-01 -1.7927E-08 -1.2539E-08  3.6040E-01
  9.1673E+00  9.5817E-09 -1.7686E-07  3.6239E-01 -1.7414E-08 -1.2246E-08  3.6154E-01
  9.1793E+00  4.0248E-08 -1.8008E-07  3.6415E-01 -1.7873E-08 -1.2480E-08  3.6326E-01
  9.1913E+00 -5.1721E-08 -1.7683E-07  3.6459E-01 -1.7658E-08 -1.2393E-08  3.6373E-01
  9.2033E+00  2.7690E-08 -1.7679E-07  3.6302E-01 -1.7521E-08 -1.2334E-08  3.6216E-01
  9.2152E+00  9.3390E-09 -1.8159E-07  3.6167E-01 -1.8026E-08 -1.2601E-08  3.6076E-01
  9.2272E+00 -3.7260E-08 -1.7662E-07  3.6119E-01 -1.7457E-08 -1.2291E-08  3.6034E-01
  9.2392E+00  4.3708E-08 -1.7685E-07  3.6109E-01 -1.7626E-08 -1.2408E-08  3.6021E-01
  9.2512E+00 -2.6629E-08 -1.8117E-07  3.6108E-01 -1.8135E-08 -1.2709E-08  3.6016E-01
  9.2632E+00 -1.9022E-08 -1.7685E-07  3.6112E-01 -1.7378E-08 -1.2268E-08  3.6027E-01
  9.2752E+00  5.3435E-08 -1.7753E-07  3.6116E-01 -1.7717E-08 -1.2465E-08  3.6027E-01
  9.2872E+00 -5.0294E-08 -1.7925E-07  3.6119E-01 -1.8036E-08 -1.2679E-08  3.6027E-01
  9.2992E+00 -1.8769E-10 -1.7703E-07  3.6123E-01 -1.7414E-08 -1.2318E-08  3.6038E-01
  9.3112E+00  4.9672E-08 -1.7919E-07  3.6127E-01 -1.7800E-08 -1.2514E-08  3.6037E-01
  9.3232E+00 -5.4800E-08 -1.7756E-07  3.6130E-01 -1.7788E-08 -1.2544E-08  3.6041E-01
  9.3352E+00  1.8350E-08 -1.7707E-07  3.6134E-01 -1.7476E-08 -1.2376E-08  3.6048E-01
  9.3472E+00  2.7279E-08 -1.8118E-07  3.6139E-01 -1.7930E-08 -1.2607E-08  3.6048E-01
  9.3591E+00 -4.4883E-08 -1.7689E-07  3.6146E-01 -1.7558E-08 -1.2420E-08  3.6059E-01
  9.3711E+00  3.5835E-08 -1.7701E-07  3.6162E-01 -1.7587E-08 -1.2459E-08  3.6074E-01
  9.3831E+00 -7.7261E-09 -1.8185E-07  3.6211E-01 -1.8094E-08 -1.2744E-08  3.6118E-01
  9.3951E+00 -2.8078E-08 -1.7696E-07  3.6340E-01 -1.7430E-08 -1.2363E-08  3.6255E-01
  9.4071E+00  4.9687E-08 -1.7728E-07  3.6511E-01 -1.7690E-08 -1.2526E-08  3.6424E-01
  9.4191E+00 -3.9062E-08 -1.8053E-07  3.6506E-01 -1.8126E-08 -1.2799E-08  3.6414E-01
  9.4311E+00 -9.4142E-09 -1.7721E-07  3.6342E-01 -1.7416E-08 -1.2379E-08  3.6257E-01
  9.4431E+00  5.3881E-08 -1.7841E-07  3.6228E-01 -1.7789E-08 -1.2586E-08  3.6138E-01
  9.4551E+00 -5.3620E-08 -1.7855E-07  3.6187E-01 -1.7963E-08 -1.2722E-08  3.6096E-01
  9.4671E+00  9.1915E-09 -1.7731E-07  3.6178E-01 -1.7461E-08 -1.2428E-08  3.6092E-01
  9.4791E+00  4.1562E-08 -1.8037E-07  3.6179E-01 -1.7897E-08 -1.2656E-08  3.6087E-01
  9.4911E+00 -5.0320E-08 -1.7733E-07  3.6181E-01 -1.7724E-08 -1.2589E-08  3.6092E-01
  9.5030E+00  2.7167E-08 -1.7723E-07  3.6184E-01 -1.7591E-08 -1.2530E-08  3.6096E-01
  9.5150E+00  1.1922E-08 -1.8192E-07  3.6187E-01 -1.8071E-08 -1.2789E-08  3.6093E-01
  9.5270E+00 -3.6451E-08 -1.7709E-07  3.6191E-01 -1.7561E-08 -1.2507E-08  3.6103E-01
  9.5390E+00  4.3219E-08 -1.7726E-07  3.6194E-01 -1.7719E-08 -1.2620E-08  3.6104E-01
  9.5510E+00 -2.3529E-08 -1.8159E-07  3.6197E-01 -1.8213E-08 -1.2915E-08  3.6102E-01
  9.5630E+00 -1.8706E-08 -1.7728E-07  3.6201E-01 -1.7507E-08 -1.2496E-08  3.6114E-01
  9.5753E+00  5.3777E-08 -1.7799E-07  3.6204E-01 -1.7834E-08 -1.2689E-08  3.6113E-01
  9.5873E+00 -4.9146E-08 -1.7949E-07  3.6207E-01 -1.8131E-08 -1.2893E-08  3.6113E-01
  9.5993E+00  1.8228E-09 -1.7743E-07  3.6211E-01 -1.7558E-08 -1.2553E-08  3.6124E-01
  9.6113E+00  4.8998E-08 -1.7967E-07  3.6317E-01 -1.7931E-08 -1.2747E-08  3.6225E-01
  9.6233E+00 -5.2470E-08 -1.7788E-07  3.6320E-01 -1.7912E-08 -1.2771E-08  3.6229E-01
  9.6352E+00  1.9991E-08 -1.7744E-07  3.6323E-01 -1.7648E-08 -1.2628E-08  3.6235E-01
  9.6472E+00  2.5822E-08 -1.8158E-07  3.6327E-01 -1.8079E-08 -1.2853E-08  3.6233E-01
  9.6592E+00 -4.2201E-08 -1.7728E-07  3.6331E-01 -1.7722E-08 -1.2668E-08  3.6241E-01
  9.6712E+00  3.7082E-08 -1.7737E-07  3.6334E-01 -1.7776E-08 -1.2721E-08  3.6243E-01
  9.6832E+00 -8.9350E-09 -1.8209E-07  3.6337E-01 -1.8264E-08 -1.3003E-08  3.6241E-01
  9.6952E+00 -2.5660E-08 -1.7736E-07  3.6341E-01 -1.7637E-08 -1.2635E-08  3.6252E-01
  9.7072E+00  5.0279E-08 -1.7766E-07  3.6344E-01 -1.7900E-08 -1.2802E-08  3.6252E-01
  9.7192E+00 -3.8998E-08 -1.8070E-07  3.6347E-01 -1.8309E-08 -1.3065E-08  3.6251E-01
  9.7312E+00 -7.4618E-09 -1.7757E-07  3.6351E-01 -1.7650E-08 -1.2666E-08  3.6262E-01
  9.7432E+00  5.3548E-08 -1.7884E-07  3.6355E-01 -1.8000E-08 -1.2862E-08  3.6262E-01
  9.7552E+00 -5.2065E-08 -1.7877E-07  3.6358E-01 -1.8157E-08 -1.2988E-08  3.6263E-01
  9.7672E+00  1.0789E-08 -1.7765E-07  3.6361E-01 -1.7724E-08 -1.2732E-08  3.6271E-01
  9.7791E+00  4.0244E-08 -1.8078E-07  3.6365E-01 -1.8120E-08 -1.2941E-08  3.6270E-01
  9.7911E+00 -4.7973E-08 -1.7764E-07  3.6368E-01 -1.7949E-08 -1.2870E-08  3.6276E-01
  9.8031E+00  2.8447E-08 -1.7754E-07  3.6371E-01 -1.7854E-08 -1.2831E-08  3.6280E-01
  9.8151E+00  1.0260E-08 -1.8220E-07  3.6374E-01 -1.8314E-08 -1.3089E-08  3.6277E-01
  9.8271E+00 -3.4041E-08 -1.7744E-07  3.6378E-01 -1.7823E-08 -1.2807E-08  3.6287E-01
  9.8391E+00  4.4090E-08 -1.7758E-07  3.6381E-01 -1.7992E-08 -1.2927E-08  3.6288E-01
  9.8511E+00 -2.4311E-08 -1.8174E-07  3.6385E-01 -1.8460E-08 -1.3217E-08  3.6286E-01
  9.8631E+00 -1.6586E-08 -1.7762E-07  3.6388E-01 -1.7798E-08 -1.2812E-08  3.6297E-01
  9.8751E+00  5.3500E-08 -1.7823E-07  3.6392E-01 -1.8105E-08 -1.2999E-08  3.6297E-01
  9.8871E+00 -4.6786E-08 -1.7987E-07  3.6395E-01 -1.8408E-08 -1.3208E-08  3.6297E-01
  9.8991E+00  1.5064E-09 -1.7775E-07  3.6399E-01 -1.7870E-08 -1.2880E-08  3.6307E-01
  9.9111E+00  4.9646E-08 -1.7984E-07  3.6402E-01 -1.8210E-08 -1.3063E-08  3.6306E-01
  9.9230E+00 -5.0908E-08 -1.7825E-07  3.6405E-01 -1.8222E-08 -1.3103E-08  3.6309E-01
  9.9350E+00  1.9414E-08 -1.7775E-07  3.6409E-01 -1.7968E-08 -1.2959E-08  3.6315E-01
  9.9470E+00  2.7675E-08 -1.8175E-07  3.6412E-01 -1.8365E-08 -1.3174E-08  3.6314E-01
  9.9590E+00 -4.1380E-08 -1.7761E-07  3.6416E-01 -1.8059E-08 -1.3012E-08  3.6321E-01
  9.9710E+00  3.6384E-08 -1.7765E-07  3.6419E-01 -1.8106E-08 -1.3060E-08  3.6324E-01
  9.9830E+00 -6.2726E-09 -1.8234E-07  3.6422E-01 -1.8563E-08 -1.3332E-08  3.6321E-01
  9.9953E+00 -2.3433E-08 -1.7768E-07  3.6426E-01 -1.7988E-08 -1.2986E-08  3.6332E-01
  1.0007E+01  5.0810E-08 -1.7798E-07  3.6330E-01 -1.8247E-08 -1.3153E-08  3.6233E-01
  1.0019E+01 -3.8884E-08 -1.8081E-07  3.6333E-01 -1.8629E-08 -1.3406E-08  3.6231E-01
  1.0031E+01 -5.5754E-09 -1.7787E-07  3.6336E-01 -1.8026E-08 -1.3030E-08  3.6242E-01
  1.0043E+01  5.3199E-08 -1.7920E-07  3.6340E-01 -1.8353E-08 -1.3219E-08  3.6241E-01
  1.0055E+01 -5.0509E-08 -1.7893E-07  3.6343E-01 -1.8495E-08 -1.3336E-08  3.6243E-01
  1.0067E+01  1.2346E-08 -1.7793E-07  3.6347E-01 -1.8127E-08 -1.3115E-08  3.6251E-01
  1.0079E+01  3.8921E-08 -1.8113E-07  3.6350E-01 -1.8482E-08 -1.3308E-08  3.6250E-01
  1.0091E+01 -4.5693E-08 -1.7790E-07  3.6354E-01 -1.8318E-08 -1.3234E-08  3.6255E-01
  1.0103E+01  2.9711E-08 -1.7780E-07  3.6357E-01 -1.8256E-08 -1.3212E-08  3.6260E-01
  1.0115E+01  8.6452E-09 -1.8243E-07  3.6361E-01 -1.8690E-08 -1.3468E-08  3.6258E-01
  1.0127E+01 -3.1721E-08 -1.7774E-07  3.6366E-01 -1.8225E-08 -1.3189E-08  3.6269E-01
  1.0139E+01  4.4951E-08 -1.7784E-07  3.6375E-01 -1.8401E-08 -1.3315E-08  3.6275E-01
  1.0151E+01 -2.5017E-08 -1.8184E-07  3.6398E-01 -1.8840E-08 -1.3597E-08  3.6293E-01
  1.0163E+01 -1.4552E-08 -1.7792E-07  3.6469E-01 -1.8229E-08 -1.3212E-08  3.6371E-01
  1.0175E+01  5.3650E-08 -1.7855E-07  3.6612E-01 -1.8526E-08 -1.3398E-08  3.6511E-01
  1.0187E+01 -4.6001E-08 -1.7999E-07  3.6713E-01 -1.8807E-08 -1.3597E-08  3.6609E-01
  1.0199E+01  3.1536E-09 -1.7802E-07  3.6619E-01 -1.8314E-08 -1.3287E-08  3.6521E-01
  1.0211E+01  4.8723E-08 -1.8020E-07  3.6479E-01 -1.8633E-08 -1.3468E-08  3.6376E-01
  1.0223E+01 -4.9072E-08 -1.7845E-07  3.6416E-01 -1.8639E-08 -1.3498E-08  3.6313E-01
  1.0235E+01  2.0702E-08 -1.7799E-07  3.6400E-01 -1.8427E-08 -1.3377E-08  3.6300E-01
  1.0247E+01  2.5956E-08 -1.8204E-07  3.6399E-01 -1.8791E-08 -1.3585E-08  3.6294E-01
  1.0259E+01 -3.9189E-08 -1.7789E-07  3.6402E-01 -1.8504E-08 -1.3423E-08  3.6301E-01
  1.0271E+01  3.7352E-08 -1.7790E-07  3.6405E-01 -1.8569E-08 -1.3482E-08  3.6303E-01
  1.0283E+01 -7.7194E-09 -1.8249E-07  3.6408E-01 -1.8997E-08 -1.3750E-08  3.6300E-01
  1.0295E+01 -2.3343E-08 -1.7796E-07  3.6412E-01 -1.8466E-08 -1.3415E-08  3.6311E-01
  1.0307E+01  5.0213E-08 -1.7820E-07  3.6416E-01 -1.8703E-08 -1.3575E-08  3.6312E-01
  1.0319E+01 -3.6492E-08 -1.8113E-07  3.6419E-01 -1.9073E-08 -1.3827E-08  3.6310E-01
  1.0331E+01 -5.8527E-09 -1.7815E-07  3.6423E-01 -1.8514E-08 -1.3466E-08  3.6321E-01
  1.0343E+01  5.3288E-08 -1.7936E-07  3.6427E-01 -1.8811E-08 -1.3648E-08  3.6321E-01
  1.0355E+01 -4.8775E-08 -1.7928E-07  3.6432E-01 -1.8970E-08 -1.3774E-08  3.6325E-01
  1.0367E+01  1.1808E-08 -1.7820E-07  3.6442E-01 -1.8618E-08 -1.3553E-08  3.6339E-01
  1.0379E+01  4.0143E-08 -1.8126E-07  3.6472E-01 -1.8937E-08 -1.3738E-08  3.6364E-01
  1.0391E+01 -4.4662E-08 -1.7822E-07  3.6556E-01 -1.8813E-08 -1.3680E-08  3.6451E-01
  1.0403E+01  2.9067E-08 -1.7807E-07  3.6709E-01 -1.8747E-08 -1.3652E-08  3.6605E-01
  1.0415E+01  7.1031E-09 -1.8264E-07  3.6775E-01 -1.9158E-08 -1.3910E-08  3.6665E-01
  1.0427E+01 -2.9423E-08 -1.7803E-07  3.6656E-01 -1.8726E-08 -1.3637E-08  3.6551E-01
  1.0439E+01  4.5830E-08 -1.7812E-07  3.6532E-01 -1.8906E-08 -1.3769E-08  3.6425E-01
  1.0451E+01 -2.5571E-08 -1.8194E-07  3.6481E-01 -1.9311E-08 -1.4042E-08  3.6368E-01
  1.0463E+01 -1.2516E-08 -1.7821E-07  3.6468E-01 -1.8753E-08 -1.3674E-08  3.6363E-01
  1.0475E+01  5.3834E-08 -1.7887E-07  3.6467E-01 -1.9027E-08 -1.3854E-08  3.6358E-01
  1.0487E+01 -4.5004E-08 -1.8009E-07  3.6469E-01 -1.9282E-08 -1.4041E-08  3.6356E-01
  1.0499E+01  4.9542E-09 -1.7828E-07  3.6472E-01 -1.8838E-08 -1.3749E-08  3.6365E-01
  1.0511E+01  4.7998E-08 -1.8054E-07  3.6475E-01 -1.9139E-08 -1.3935E-08  3.6364E-01
  1.0523E+01 -4.6932E-08 -1.7865E-07  3.6478E-01 -1.9145E-08 -1.3960E-08  3.6367E-01
  1.0535E+01  2.2262E-08 -1.7822E-07  3.6481E-01 -1.8977E-08 -1.3860E-08  3.6373E-01
  1.0547E+01  2.4549E-08 -1.8231E-07  3.6485E-01 -1.9306E-08 -1.4065E-08  3.6371E-01
  1.0559E+01 -3.6716E-08 -1.7814E-07  3.6488E-01 -1.9041E-08 -1.3903E-08  3.6378E-01
  1.0571E+01  3.8594E-08 -1.7813E-07  3.6491E-01 -1.9121E-08 -1.3971E-08  3.6381E-01
  1.0583E+01 -8.7728E-09 -1.8261E-07  3.6494E-01 -1.9516E-08 -1.4236E-08  3.6377E-01
  1.0595E+01 -2.1040E-08 -1.7821E-07  3.6498E-01 -1.9027E-08 -1.3910E-08  3.6389E-01
  1.0607E+01  5.0916E-08 -1.7845E-07  3.6597E-01 -1.9251E-08 -1.4069E-08  3.6485E-01
  1.0619E+01 -3.6209E-08 -1.8118E-07  3.6600E-01 -1.9589E-08 -1.4310E-08  3.6483E-01
  1.0631E+01 -3.8751E-09 -1.7837E-07  3.6604E-01 -1.9090E-08 -1.3971E-08  3.6494E-01
  1.0643E+01  5.3106E-08 -1.7965E-07  3.6608E-01 -1.9356E-08 -1.4147E-08  3.6493E-01
  1.0655E+01 -4.7133E-08 -1.7938E-07  3.6611E-01 -1.9500E-08 -1.4263E-08  3.6494E-01
  1.0667E+01  1.3456E-08 -1.7839E-07  3.6614E-01 -1.9208E-08 -1.4071E-08  3.6502E-01
  1.0679E+01  3.8968E-08 -1.8154E-07  3.6618E-01 -1.9488E-08 -1.4250E-08  3.6501E-01
  1.0691E+01 -4.2392E-08 -1.7840E-07  3.6621E-01 -1.9377E-08 -1.4189E-08  3.6506E-01
  1.0703E+01  3.0363E-08 -1.7824E-07  3.6624E-01 -1.9344E-08 -1.4180E-08  3.6510E-01
  1.0715E+01  9.4441E-09 -1.8275E-07  3.6627E-01 -1.9701E-08 -1.4423E-08  3.6507E-01
  1.0727E+01 -2.8985E-08 -1.7824E-07  3.6631E-01 -1.9327E-08 -1.4170E-08  3.6517E-01
  1.0739E+01  4.5231E-08 -1.7828E-07  3.6634E-01 -1.9485E-08 -1.4292E-08  3.6518E-01
  1.0751E+01 -2.2981E-08 -1.8214E-07  3.6637E-01 -1.9857E-08 -1.4559E-08  3.6515E-01
  1.0763E+01 -1.2508E-08 -1.7839E-07  3.6641E-01 -1.9355E-08 -1.4207E-08  3.6526E-01
  1.0775E+01  5.3665E-08 -1.7897E-07  3.6645E-01 -1.9597E-08 -1.4380E-08  3.6526E-01
  1.0787E+01 -4.2883E-08 -1.8034E-07  3.6648E-01 -1.9848E-08 -1.4570E-08  3.6525E-01
  1.0799E+01  4.6357E-09 -1.7845E-07  3.6652E-01 -1.9446E-08 -1.4289E-08  3.6535E-01
  1.0811E+01  4.8741E-08 -1.8059E-07  3.6655E-01 -1.9701E-08 -1.4465E-08  3.6534E-01
  1.0823E+01 -4.5564E-08 -1.7888E-07  3.6658E-01 -1.9735E-08 -1.4502E-08  3.6537E-01
  1.0835E+01  2.1714E-08 -1.7840E-07  3.6661E-01 -1.9578E-08 -1.4401E-08  3.6543E-01
  1.0847E+01  2.2972E-08 -1.8250E-07  3.6665E-01 -1.9877E-08 -1.4611E-08  3.6540E-01
  1.0859E+01 -3.4492E-08 -1.7832E-07  3.6668E-01 -1.9636E-08 -1.4446E-08  3.6548E-01
  1.0871E+01  3.9639E-08 -1.7828E-07  3.6671E-01 -1.9727E-08 -1.4523E-08  3.6550E-01
  1.0883E+01 -9.9326E-09 -1.8266E-07  3.6674E-01 -2.0083E-08 -1.4786E-08  3.6547E-01
  1.0895E+01 -1.8985E-08 -1.7841E-07  3.6678E-01 -1.9642E-08 -1.4467E-08  3.6558E-01
  1.0907E+01  5.1425E-08 -1.7864E-07  3.6682E-01 -1.9850E-08 -1.4625E-08  3.6558E-01
  1.0919E+01 -3.6025E-08 -1.8117E-07  3.6685E-01 -2.0154E-08 -1.4857E-08  3.6556E-01
  1.0931E+01 -2.1157E-09 -1.7854E-07  3.6688E-01 -1.9716E-08 -1.4539E-08  3.6567E-01
  1.0943E+01  5.2734E-08 -1.7989E-07  3.6692E-01 -1.9947E-08 -1.4711E-08  3.6566E-01
  1.0955E+01 -4.5635E-08 -1.7944E-07  3.6695E-01 -2.0078E-08 -1.4817E-08  3.6567E-01
  1.0967E+01  1.4935E-08 -1.7853E-07  3.6698E-01 -1.9835E-08 -1.4644E-08  3.6575E-01
  1.0979E+01  3.7661E-08 -1.8176E-07  3.6702E-01 -2.0076E-08 -1.4824E-08  3.6573E-01
  1.0991E+01 -4.0270E-08 -1.7854E-07  3.6705E-01 -1.9977E-08 -1.4757E-08  3.6579E-01
  1.1003E+01  3.1587E-08 -1.7838E-07  3.6615E-01 -1.9968E-08 -1.4760E-08  3.6488E-01
  1.1015E+01  7.9248E-09 -1.8285E-07  3.6618E-01 -2.0282E-08 -1.5002E-08  3.6485E-01
  1.1027E+01 -2.6844E-08 -1.7841E-07  3.6622E-01 -1.9947E-08 -1.4751E-08  3.6495E-01
  1.1039E+01  4.6069E-08 -1.7843E-07  3.6625E-01 -2.0100E-08 -1.4875E-08  3.6496E-01
  1.1051E+01 -2.3569E-08 -1.8212E-07  3.6628E-01 -2.0430E-08 -1.5136E-08  3.6493E-01
  1.1063E+01 -1.0615E-08 -1.7856E-07  3.6632E-01 -1.9987E-08 -1.4799E-08  3.6504E-01
  1.1075E+01  5.3808E-08 -1.7917E-07  3.6635E-01 -2.0200E-08 -1.4970E-08  3.6503E-01
  1.1087E+01 -4.2035E-08 -1.8034E-07  3.6638E-01 -2.0426E-08 -1.5150E-08  3.6503E-01
  1.1099E+01  6.2577E-09 -1.7860E-07  3.6642E-01 -2.0072E-08 -1.4881E-08  3.6513E-01
  1.1111E+01  4.7908E-08 -1.8082E-07  3.6646E-01 -2.0299E-08 -1.5066E-08  3.6511E-01
  1.1123E+01 -4.3714E-08 -1.7897E-07  3.6650E-01 -2.0331E-08 -1.5094E-08  3.6516E-01
  1.1135E+01  2.3076E-08 -1.7852E-07  3.6656E-01 -2.0214E-08 -1.5009E-08  3.6525E-01
  1.1147E+01  2.4871E-08 -1.8252E-07  3.6671E-01 -2.0456E-08 -1.5212E-08  3.6533E-01
  1.1159E+01 -3.3869E-08 -1.7849E-07  3.6715E-01 -2.0271E-08 -1.5064E-08  3.6582E-01
  1.1171E+01  3.9016E-08 -1.7841E-07  3.6821E-01 -2.0353E-08 -1.5137E-08  3.6687E-01
  1.1183E+01 -7.4713E-09 -1.8277E-07  3.6943E-01 -2.0665E-08 -1.5399E-08  3.6803E-01
  1.1195E+01 -1.8874E-08 -1.7855E-07  3.6917E-01 -2.0288E-08 -1.5095E-08  3.6784E-01
  1.1207E+01  5.0965E-08 -1.7872E-07  3.6787E-01 -2.0465E-08 -1.5247E-08  3.6650E-01
  1.1219E+01 -3.3824E-08 -1.8135E-07  3.6709E-01 -2.0742E-08 -1.5479E-08  3.6566E-01
  1.1231E+01 -2.3973E-09 -1.7868E-07  3.6686E-01 -2.0353E-08 -1.5166E-08  3.6551E-01
  1.1243E+01  5.2929E-08 -1.7992E-07  3.6684E-01 -2.0546E-08 -1.5338E-08  3.6543E-01
  1.1255E+01 -4.4120E-08 -1.7964E-07  3.6686E-01 -2.0684E-08 -1.5450E-08  3.6543E-01
  1.1267E+01  1.4392E-08 -1.7867E-07  3.6689E-01 -2.0466E-08 -1.5275E-08  3.6551E-01
  1.1279E+01  3.6230E-08 -1.8196E-07  3.6692E-01 -2.0670E-08 -1.5467E-08  3.6549E-01
  1.1291E+01 -3.8307E-08 -1.7867E-07  3.6696E-01 -2.0586E-08 -1.5389E-08  3.6555E-01
  1.1303E+01  3.2687E-08 -1.7849E-07  3.6699E-01 -2.0596E-08 -1.5402E-08  3.6559E-01
  1.1315E+01  6.3486E-09 -1.8293E-07  3.6703E-01 -2.0862E-08 -1.5649E-08  3.6555E-01
  1.1327E+01 -2.4870E-08 -1.7858E-07  3.6706E-01 -2.0571E-08 -1.5396E-08  3.6566E-01
  1.1339E+01  4.6788E-08 -1.7857E-07  3.6710E-01 -2.0713E-08 -1.5524E-08  3.6566E-01
  1.1351E+01 -2.4164E-08 -1.8211E-07  3.6714E-01 -2.1001E-08 -1.5783E-08  3.6564E-01
  1.1363E+01 -8.8642E-09 -1.7872E-07  3.6722E-01 -2.0617E-08 -1.5453E-08  3.6580E-01
  1.1375E+01  5.3841E-08 -1.7937E-07  3.6740E-01 -2.0799E-08 -1.5628E-08  3.6594E-01
  1.1387E+01 -4.1186E-08 -1.8035E-07  3.6794E-01 -2.0996E-08 -1.5797E-08  3.6644E-01
  1.1399E+01  7.8167E-09 -1.7874E-07  3.6915E-01 -2.0692E-08 -1.5537E-08  3.6772E-01
  1.1411E+01  4.7041E-08 -1.8104E-07  3.7021E-01 -2.0881E-08 -1.5734E-08  3.6873E-01
  1.1423E+01 -4.1845E-08 -1.7906E-07  3.6960E-01 -2.0915E-08 -1.5749E-08  3.6812E-01
  1.1435E+01  2.4446E-08 -1.7863E-07  3.6837E-01 -2.0834E-08 -1.5679E-08  3.6690E-01
  1.1447E+01  2.3378E-08 -1.8268E-07  3.6772E-01 -2.1035E-08 -1.5898E-08  3.6618E-01
  1.1459E+01 -3.1721E-08 -1.7864E-07  3.6754E-01 -2.0874E-08 -1.5736E-08  3.6605E-01
  1.1471E+01  4.0106E-08 -1.7853E-07  3.6750E-01 -2.0958E-08 -1.5814E-08  3.6600E-01
  1.1483E+01 -8.5303E-09 -1.8278E-07  3.6752E-01 -2.1223E-08 -1.6083E-08  3.6594E-01
  1.1495E+01 -1.6826E-08 -1.7870E-07  3.6755E-01 -2.0897E-08 -1.5776E-08  3.6605E-01
  1.1507E+01  5.1594E-08 -1.7888E-07  3.6758E-01 -2.1053E-08 -1.5935E-08  3.6604E-01
  1.1519E+01 -3.3520E-08 -1.8132E-07  3.6761E-01 -2.1296E-08 -1.6166E-08  3.6601E-01
  1.1531E+01 -5.6374E-10 -1.7881E-07  3.6764E-01 -2.0971E-08 -1.5863E-08  3.6613E-01
  1.1543E+01  5.2716E-08 -1.8012E-07  3.6768E-01 -2.1126E-08 -1.6045E-08  3.6611E-01
  1.1555E+01 -4.2545E-08 -1.7967E-07  3.6771E-01 -2.1249E-08 -1.6146E-08  3.6612E-01
  1.1567E+01  1.5980E-08 -1.7877E-07  3.6774E-01 -2.1080E-08 -1.5984E-08  3.6620E-01
  1.1579E+01  3.7771E-08 -1.8194E-07  3.6777E-01 -2.1231E-08 -1.6185E-08  3.6617E-01
  1.1591E+01 -3.7287E-08 -1.7882E-07  3.6781E-01 -2.1184E-08 -1.6111E-08  3.6623E-01
  1.1603E+01  3.2236E-08 -1.7860E-07  3.6874E-01 -2.1193E-08 -1.6117E-08  3.6717E-01
  1.1615E+01  8.7376E-09 -1.8296E-07  3.6878E-01 -2.1409E-08 -1.6378E-08  3.6713E-01
  1.1627E+01 -2.4382E-08 -1.7869E-07  3.6881E-01 -2.1176E-08 -1.6127E-08  3.6723E-01
  1.1639E+01  4.6393E-08 -1.7864E-07  3.6884E-01 -2.1297E-08 -1.6253E-08  3.6723E-01
  1.1651E+01 -2.1632E-08 -1.8222E-07  3.6887E-01 -2.1545E-08 -1.6523E-08  3.6719E-01
  1.1663E+01 -8.7727E-09 -1.7882E-07  3.6891E-01 -2.1221E-08 -1.6193E-08  3.6732E-01
  1.1675E+01  5.3873E-08 -1.7938E-07  3.6894E-01 -2.1369E-08 -1.6375E-08  3.6730E-01
  1.1687E+01 -3.9192E-08 -1.8050E-07  3.6897E-01 -2.1555E-08 -1.6554E-08  3.6729E-01
  1.1699E+01  9.4115E-09 -1.7884E-07  3.6900E-01 -2.1297E-08 -1.6292E-08  3.6739E-01
  1.1711E+01  4.6140E-08 -1.8121E-07  3.6904E-01 -2.1445E-08 -1.6511E-08  3.6736E-01
  1.1723E+01 -4.0000E-08 -1.7910E-07  3.6908E-01 -2.1478E-08 -1.6508E-08  3.6740E-01
  1.1735E+01  2.5755E-08 -1.7869E-07  3.6911E-01 -2.1425E-08 -1.6444E-08  3.6745E-01
  1.1747E+01  2.1858E-08 -1.8276E-07  3.6914E-01 -2.1584E-08 -1.6691E-08  3.6741E-01
  1.1759E+01 -2.9660E-08 -1.7873E-07  3.6918E-01 -2.1446E-08 -1.6504E-08  3.6750E-01
  1.1771E+01  4.1125E-08 -1.7859E-07  3.6921E-01 -2.1528E-08 -1.6590E-08  3.6752E-01
  1.1783E+01 -9.5746E-09 -1.8273E-07  3.6924E-01 -2.1751E-08 -1.6878E-08  3.6747E-01
  1.1795E+01 -1.4920E-08 -1.7879E-07  3.6927E-01 -2.1474E-08 -1.6558E-08  3.6759E-01
  1.1807E+01  5.2077E-08 -1.7899E-07  3.6931E-01 -2.1606E-08 -1.6729E-08  3.6758E-01
  1.1819E+01 -3.3269E-08 -1.8124E-07  3.6934E-01 -2.1814E-08 -1.6963E-08  3.6755E-01
  1.1831E+01  1.0884E-09 -1.7888E-07  3.6937E-01 -2.1546E-08 -1.6658E-08  3.6767E-01
  1.1843E+01  5.2317E-08 -1.8027E-07  3.6941E-01 -2.1664E-08 -1.6864E-08  3.6764E-01
  1.1855E+01 -4.1101E-08 -1.7965E-07  3.6944E-01 -2.1773E-08 -1.6951E-08  3.6766E-01
  1.1867E+01  1.7398E-08 -1.7881E-07  3.6947E-01 -2.1646E-08 -1.6794E-08  3.6773E-01
  1.1879E+01  3.6480E-08 -1.8207E-07  3.6951E-01 -2.1759E-08 -1.7030E-08  3.6769E-01
  1.1891E+01 -3.5304E-08 -1.7887E-07  3.6954E-01 -2.1723E-08 -1.6931E-08  3.6776E-01
  1.1903E+01  3.3427E-08 -1.7864E-07  3.6957E-01 -2.1745E-08 -1.6944E-08  3.6779E-01
  1.1915E+01  7.3128E-09 -1.8297E-07  3.6960E-01 -2.1917E-08 -1.7236E-08  3.6774E-01
  1.1927E+01 -2.2395E-08 -1.7877E-07  3.6964E-01 -2.1723E-08 -1.6963E-08  3.6785E-01
  1.1939E+01  4.7207E-08 -1.7870E-07  3.6967E-01 -2.1830E-08 -1.7101E-08  3.6785E-01
  1.1951E+01 -2.2110E-08 -1.8213E-07  3.6970E-01 -2.2039E-08 -1.7389E-08  3.6780E-01
  1.1963E+01 -7.0074E-09 -1.7888E-07  3.6974E-01 -2.1770E-08 -1.7044E-08  3.6793E-01
  1.1975E+01  5.3985E-08 -1.7949E-07  3.6977E-01 -2.1887E-08 -1.7250E-08  3.6791E-01
  1.2000E+01  1.2846E-08 -1.7958E-07  3.6984E-01 -2.1858E-08 -1.7177E-08  3.6801E-01
