  1.1041E-02  5.8393E-02  4.1545E-07  3.9002E-01  5.5777E+00  7.9808E-01  5.5205E+00
  2.3083E-02  9.9626E-02  4.0093E-07  4.6857E-01  8.9474E+00  7.9864E-01  8.9385E+00
  3.5286E-02  1.4134E-01  4.8002E-07  6.0834E-01  1.2169E+01  9.5844E-01  1.2164E+01
  4.7019E-02  1.8141E-01  6.2839E-07  7.0080E-01  2.6876E+00  1.0884E+00  2.6715E+00
  5.9089E-02  2.2246E-01  5.7967E-07  7.0250E-01  3.2875E-01  9.6148E-01 -2.7105E-01
  7.1070E-02  2.6239E-01  4.7850E-07  7.2579E-01  4.6192E+00  1.5418E+00  4.6130E+00
  8.3163E-02  3.0297E-01  4.5408E-07  8.0306E-01  6.7921E+00  8.5374E-01  6.7910E+00
  9.5127E-02  3.4311E-01  4.9855E-07  8.5364E-01  1.0539E+00  1.3206E+00  1.0418E+00
  1.0707E-01  3.8313E-01  4.7475E-07  8.4326E-01  1.5119E+00  8.6108E-01 -1.5094E+00
  1.1907E-01  4.2329E-01  4.0776E-07  8.4110E-01  1.5932E+00  1.3988E+00  1.5885E+00
  1.3123E-01  4.6396E-01  3.7977E-07  8.7986E-01  4.3552E+00  7.8115E-01  4.3547E+00
  1.4305E-01  5.0348E-01  3.8971E-07  9.3563E-01  4.8529E+00  9.2033E-01  4.8524E+00
  1.5521E-01  5.4432E-01  3.9849E-07  9.9372E-01  4.6853E+00  8.6430E-01  4.6849E+00
  1.6717E-01  5.8412E-01  3.9560E-07  1.0488E+00  4.5595E+00  9.3595E-01  4.5590E+00
  1.7901E-01  6.2372E-01  3.9100E-07  1.1025E+00  4.5128E+00  1.1334E+00  4.5122E+00
  1.9127E-01  6.6472E-01  4.1556E-07  1.1575E+00  4.4601E+00  1.2577E+00  4.4594E+00
  2.0323E-01  7.0472E-01  5.0794E-07  1.2102E+00  4.3472E+00  1.1514E+00  4.3467E+00
  2.1519E-01  7.4472E-01  6.8851E-07  1.2612E+00  4.1672E+00  9.8865E-01  4.1668E+00
  2.2715E-01  7.8472E-01  9.4541E-07  1.3096E+00  3.9330E+00  9.0389E-01  3.9327E+00
  2.3911E-01  8.2472E-01  1.2574E-06  1.3551E+00  3.6609E+00  8.7860E-01  3.6606E+00
  2.5107E-01  8.6472E-01  1.6075E-06  1.3971E+00  3.3627E+00  8.7567E-01  3.3624E+00
  2.6303E-01  9.0472E-01  1.9841E-06  1.4354E+00  3.0459E+00  8.7916E-01  3.0456E+00
  2.7529E-01  9.4572E-01  2.3889E-06  1.4707E+00  2.7067E+00  8.8424E-01  2.7064E+00
  2.8725E-01  9.8572E-01  2.7950E-06  1.5010E+00  2.3651E+00  8.8927E-01  2.3647E+00
  2.9921E-01  1.0257E+00  3.2063E-06  1.5272E+00  2.0154E+00  8.9396E-01  2.0150E+00
  3.1117E-01  1.0657E+00  3.6172E-06  1.5491E+00  1.6601E+00  8.9823E-01  1.6596E+00
  3.2313E-01  1.1057E+00  4.0225E-06  1.5668E+00  1.3015E+00  9.0209E-01  1.3008E+00
  3.3509E-01  1.1457E+00  4.4172E-06  1.5802E+00  9.4244E-01  9.0600E-01  9.4153E-01
  3.4705E-01  1.1857E+00  4.7962E-06  1.5894E+00  5.8676E-01  9.1202E-01  5.8530E-01
  3.5901E-01  1.2257E+00  5.1549E-06  1.5943E+00  2.4127E-01  9.2869E-01  2.3761E-01
  3.7127E-01  1.2667E+00  5.4963E-06  1.5951E+00  1.1006E-01  9.8978E-01 -1.0061E-01
  3.8323E-01  1.3067E+00  5.7982E-06  1.5921E+00  4.0116E-01  1.1786E+00 -3.9761E-01
  3.9519E-01  1.3467E+00  6.0620E-06  1.5858E+00  6.4318E-01  1.5737E+00 -6.3920E-01
  4.0715E-01  1.3867E+00  6.2761E-06  1.5771E+00  8.0720E-01  1.9601E+00 -8.0223E-01
  4.1911E-01  1.4267E+00  6.4266E-06  1.5669E+00  8.8919E-01  1.8956E+00 -8.8492E-01
  4.3107E-01  1.4667E+00  6.5107E-06  1.5561E+00  9.1727E-01  1.4445E+00 -9.1484E-01
  4.4303E-01  1.5067E+00  6.5436E-06  1.5452E+00  9.2377E-01  1.0582E+00 -9.2246E-01
  4.5529E-01  1.5477E+00  6.5460E-06  1.5338E+00  9.2418E-01  8.9216E-01 -9.2323E-01
  4.6725E-01  1.5877E+00  6.5332E-06  1.5228E+00  9.2305E-01  8.4709E-01 -9.2218E-01
  4.7921E-01  1.6277E+00  6.5136E-06  1.5118E+00  9.2152E-01  8.3456E-01 -9.2067E-01
  4.9117E-01  1.6677E+00  6.4908E-06  1.5008E+00  9.1987E-01  8.2963E-01 -9.1901E-01
  5.0313E-01  1.7077E+00  6.4667E-06  1.4898E+00  9.1815E-01  8.2649E-01 -9.1729E-01
  5.1509E-01  1.7477E+00  6.4420E-06  1.4789E+00  9.1641E-01  8.2380E-01 -9.1554E-01
  5.2706E-01  1.7877E+00  6.4172E-06  1.4679E+00  9.1465E-01  8.2124E-01 -9.1377E-01
  5.3902E-01  1.8277E+00  6.3925E-06  1.4570E+00  9.1287E-01  8.1870E-01 -9.1198E-01
  5.5128E-01  1.8687E+00  6.3674E-06  1.4458E+00  9.1103E-01  8.1610E-01 -9.1013E-01
  5.6324E-01  1.9087E+00  6.3433E-06  1.4350E+00  9.0922E-01  8.1355E-01 -9.0831E-01
  5.7520E-01  1.9487E+00  6.3195E-06  1.4241E+00  9.0740E-01  8.1098E-01 -9.0648E-01
  5.8716E-01  1.9887E+00  6.2961E-06  1.4133E+00  9.0556E-01  8.0839E-01 -9.0463E-01
  5.9912E-01  2.0287E+00  6.2732E-06  1.4025E+00  9.0371E-01  8.0579E-01 -9.0276E-01
  6.1108E-01  2.0687E+00  6.2506E-06  1.3917E+00  9.0185E-01  8.1011E-01 -9.0088E-01
  6.2304E-01  2.1087E+00  6.2286E-06  1.3809E+00  8.9997E-01  8.0749E-01 -8.9898E-01
  6.3500E-01  2.1487E+00  6.2070E-06  1.3702E+00  8.9807E-01  8.0487E-01 -8.9707E-01
  6.4726E-01  2.1897E+00  6.1855E-06  1.3592E+00  8.9610E-01  8.0215E-01 -8.9510E-01
  6.5922E-01  2.2297E+00  6.1650E-06  1.3485E+00  8.9417E-01  7.9949E-01 -8.9315E-01
  6.7118E-01  2.2697E+00  6.1450E-06  1.3379E+00  8.9222E-01  7.9680E-01 -8.9119E-01
  6.8314E-01  2.3097E+00  6.1256E-06  1.3272E+00  8.9026E-01  7.9410E-01 -8.8922E-01
  6.9510E-01  2.3497E+00  6.1066E-06  1.3166E+00  8.8828E-01  7.9139E-01 -8.8722E-01
  7.0707E-01  2.3897E+00  6.0883E-06  1.3060E+00  8.8628E-01  7.8866E-01 -8.8521E-01
  7.1903E-01  2.4297E+00  6.0705E-06  1.2954E+00  8.8426E-01  7.8592E-01 -8.8319E-01
  7.3129E-01  2.4707E+00  6.0528E-06  1.2846E+00  8.8218E-01  7.8309E-01 -8.8109E-01
  7.4325E-01  2.5107E+00  6.0362E-06  1.2741E+00  8.8013E-01  7.8031E-01 -8.7903E-01
  7.5521E-01  2.5507E+00  6.0201E-06  1.2636E+00  8.7806E-01  7.7751E-01 -8.7695E-01
  7.6717E-01  2.5907E+00  6.0046E-06  1.2531E+00  8.7598E-01  7.7469E-01 -8.7485E-01
  7.7913E-01  2.6307E+00  5.9897E-06  1.2427E+00  8.7387E-01  7.7186E-01 -8.7273E-01
  7.9109E-01  2.6707E+00  5.9754E-06  1.2322E+00  8.7175E-01  7.6900E-01 -8.7059E-01
  8.0305E-01  2.7107E+00  5.9617E-06  1.2218E+00  8.6961E-01  7.6613E-01 -8.6844E-01
  8.1501E-01  2.7507E+00  5.9487E-06  1.2115E+00  8.6745E-01  7.6325E-01 -8.6626E-01
  8.2727E-01  2.7917E+00  5.9359E-06  1.2009E+00  8.6521E-01  7.6027E-01 -8.6401E-01
  8.3923E-01  2.8317E+00  5.9241E-06  1.1905E+00  8.6301E-01  7.5734E-01 -8.6180E-01
  8.5119E-01  2.8717E+00  5.9130E-06  1.1803E+00  8.6079E-01  7.5440E-01 -8.5956E-01
  8.6315E-01  2.9117E+00  5.9025E-06  1.1700E+00  8.5855E-01  7.5145E-01 -8.5731E-01
  8.7511E-01  2.9517E+00  5.8927E-06  1.1598E+00  8.5629E-01  7.4848E-01 -8.5503E-01
  8.8708E-01  2.9917E+00  5.8835E-06  1.1495E+00  8.5401E-01  7.4549E-01 -8.5274E-01
  8.9904E-01  3.0317E+00  5.8750E-06  1.1394E+00  8.5171E-01  7.4248E-01 -8.5042E-01
  9.1130E-01  3.0727E+00  5.8671E-06  1.1290E+00  8.4933E-01  7.3939E-01 -8.4802E-01
  9.2326E-01  3.1127E+00  5.8600E-06  1.1188E+00  8.4698E-01  7.3635E-01 -8.4566E-01
  9.3522E-01  3.1527E+00  5.8536E-06  1.1087E+00  8.4462E-01  7.3330E-01 -8.4328E-01
  9.4718E-01  3.1927E+00  5.8478E-06  1.0987E+00  8.4223E-01  7.3022E-01 -8.4087E-01
  9.5914E-01  3.2327E+00  5.8428E-06  1.0886E+00  8.3981E-01  7.2713E-01 -8.3844E-01
  9.7110E-01  3.2727E+00  5.8385E-06  1.0786E+00  8.3738E-01  7.2402E-01 -8.3599E-01
  9.8306E-01  3.3127E+00  5.8350E-06  1.0686E+00  8.3492E-01  7.2089E-01 -8.3351E-01
  9.9502E-01  3.3527E+00  5.8321E-06  1.0587E+00  8.3244E-01  7.1774E-01 -8.3101E-01
  1.0073E+00  3.3937E+00  5.8300E-06  1.0485E+00  8.2987E-01  7.1450E-01 -8.2842E-01
  1.0192E+00  3.4337E+00  5.8287E-06  1.0386E+00  8.2733E-01  7.1131E-01 -8.2587E-01
  1.0312E+00  3.4737E+00  5.8281E-06  1.0288E+00  8.2478E-01  7.0811E-01 -8.2329E-01
  1.0432E+00  3.5137E+00  5.8283E-06  1.0189E+00  8.2219E-01  7.0489E-01 -8.2069E-01
  1.0551E+00  3.5537E+00  5.8293E-06  1.0091E+00  8.1959E-01  7.0166E-01 -8.1806E-01
  1.0671E+00  3.5937E+00  5.8311E-06  9.9937E-01  8.1695E-01  6.9840E-01 -8.1540E-01
  1.0790E+00  3.6337E+00  5.8337E-06  9.8963E-01  8.1429E-01  6.9513E-01 -8.1272E-01
  1.0910E+00  3.6737E+00  5.8371E-06  9.7993E-01  8.1160E-01  6.9185E-01 -8.1001E-01
  1.1033E+00  3.7147E+00  5.8414E-06  9.7002E-01  8.0882E-01  6.8846E-01 -8.0721E-01
  1.1152E+00  3.7547E+00  5.8465E-06  9.6038E-01  8.0607E-01  6.8515E-01 -8.0444E-01
  1.1272E+00  3.7947E+00  5.8523E-06  9.5078E-01  8.0330E-01  6.8182E-01 -8.0164E-01
  1.1391E+00  3.8347E+00  5.8590E-06  9.4121E-01  8.0050E-01  6.7847E-01 -7.9882E-01
  1.1511E+00  3.8747E+00  5.8666E-06  9.3168E-01  7.9767E-01  6.7510E-01 -7.9597E-01
  1.1631E+00  3.9147E+00  5.8749E-06  9.2218E-01  7.9481E-01  6.7172E-01 -7.9308E-01
  1.1750E+00  3.9547E+00  5.8841E-06  9.1271E-01  7.9192E-01  6.6833E-01 -7.9017E-01
  1.1873E+00  3.9957E+00  5.8944E-06  9.0305E-01  7.8892E-01  6.6483E-01 -7.8715E-01
  1.1993E+00  4.0357E+00  5.9053E-06  8.9365E-01  7.8597E-01  6.6141E-01 -7.8417E-01
  1.2112E+00  4.0757E+00  5.9171E-06  8.8429E-01  7.8299E-01  6.5798E-01 -7.8116E-01
  1.2232E+00  4.1157E+00  5.9298E-06  8.7497E-01  7.7997E-01  6.5455E-01 -7.7811E-01
  1.2351E+00  4.1557E+00  5.9433E-06  8.6569E-01  7.7692E-01  6.5110E-01 -7.7503E-01
  1.2471E+00  4.1957E+00  5.9577E-06  8.5644E-01  7.7383E-01  6.4764E-01 -7.7192E-01
  1.2591E+00  4.2357E+00  5.9730E-06  8.4723E-01  7.7072E-01  6.4418E-01 -7.6877E-01
  1.2710E+00  4.2757E+00  5.9893E-06  8.3805E-01  7.6756E-01  6.4071E-01 -7.6559E-01
  1.2833E+00  4.3167E+00  6.0069E-06  8.2869E-01  7.6430E-01  6.3714E-01 -7.6229E-01
  1.2952E+00  4.3567E+00  6.0250E-06  8.1959E-01  7.6107E-01  6.3365E-01 -7.5904E-01
  1.3072E+00  4.3967E+00  6.0440E-06  8.1054E-01  7.5781E-01  6.3016E-01 -7.5574E-01
  1.3192E+00  4.4367E+00  6.0640E-06  8.0152E-01  7.5451E-01  6.2666E-01 -7.5241E-01
  1.3311E+00  4.4767E+00  6.0849E-06  7.9254E-01  7.5118E-01  6.2315E-01 -7.4904E-01
  1.3431E+00  4.5167E+00  6.1067E-06  7.8361E-01  7.4780E-01  6.1963E-01 -7.4564E-01
  1.3550E+00  4.5567E+00  6.1295E-06  7.7471E-01  7.4439E-01  6.1612E-01 -7.4219E-01
  1.3670E+00  4.5967E+00  6.1532E-06  7.6586E-01  7.4093E-01  6.1260E-01 -7.3870E-01
  1.3793E+00  4.6377E+00  6.1786E-06  7.5683E-01  7.3735E-01  6.0899E-01 -7.3508E-01
  1.3912E+00  4.6777E+00  6.2043E-06  7.4806E-01  7.3381E-01  6.0547E-01 -7.3150E-01
  1.4032E+00  4.7177E+00  6.2309E-06  7.3934E-01  7.3024E-01  6.0194E-01 -7.2788E-01
  1.4151E+00  4.7577E+00  6.2586E-06  7.3065E-01  7.2661E-01  5.9843E-01 -7.2422E-01
  1.4271E+00  4.7977E+00  6.2872E-06  7.2202E-01  7.2295E-01  5.9491E-01 -7.2052E-01
  1.4391E+00  4.8377E+00  6.3168E-06  7.1342E-01  7.1924E-01  5.9141E-01 -7.1676E-01
  1.4510E+00  4.8777E+00  6.3475E-06  7.0488E-01  7.1548E-01  5.8791E-01 -7.1297E-01
  1.4633E+00  4.9187E+00  6.3801E-06  6.9616E-01  7.1159E-01  5.8433E-01 -7.0902E-01
  1.4752E+00  4.9587E+00  6.4129E-06  6.8771E-01  7.0774E-01  5.8085E-01 -7.0513E-01
  1.4872E+00  4.9987E+00  6.4467E-06  6.7930E-01  7.0384E-01  5.7738E-01 -7.0118E-01
  1.4992E+00  5.0387E+00  6.4816E-06  6.7094E-01  6.9990E-01  5.7393E-01 -6.9719E-01
  1.5111E+00  5.0787E+00  6.5176E-06  6.6263E-01  6.9590E-01  5.7049E-01 -6.9314E-01
  1.5231E+00  5.1187E+00  6.5546E-06  6.5436E-01  6.9186E-01  5.6707E-01 -6.8905E-01
  1.5351E+00  5.1587E+00  6.5927E-06  6.4615E-01  6.8776E-01  5.6367E-01 -6.8489E-01
  1.5470E+00  5.1987E+00  6.6318E-06  6.3799E-01  6.8361E-01  5.6030E-01 -6.8069E-01
  1.5593E+00  5.2397E+00  6.6729E-06  6.2967E-01  6.7931E-01  5.5686E-01 -6.7632E-01
  1.5712E+00  5.2797E+00  6.7140E-06  6.2161E-01  6.7505E-01  5.5354E-01 -6.7200E-01
  1.5832E+00  5.3197E+00  6.7561E-06  6.1360E-01  6.7074E-01  5.5025E-01 -6.6763E-01
  1.5952E+00  5.3597E+00  6.7990E-06  6.0564E-01  6.6637E-01  5.4700E-01 -6.6320E-01
  1.6071E+00  5.3997E+00  6.8429E-06  5.9774E-01  6.6194E-01  5.4379E-01 -6.5870E-01
  1.6191E+00  5.4397E+00  6.8877E-06  5.8989E-01  6.5746E-01  5.4061E-01 -6.5415E-01
  1.6310E+00  5.4797E+00  6.9332E-06  5.8210E-01  6.5291E-01  5.3748E-01 -6.4953E-01
  1.6433E+00  5.5207E+00  6.9806E-06  5.7417E-01  6.4819E-01  5.3432E-01 -6.4473E-01
  1.6553E+00  5.5607E+00  7.0274E-06  5.6649E-01  6.4353E-01  5.3128E-01 -6.3998E-01
  1.6672E+00  5.6007E+00  7.0747E-06  5.5886E-01  6.3880E-01  5.2829E-01 -6.3517E-01
  1.6792E+00  5.6407E+00  7.1224E-06  5.5130E-01  6.3400E-01  5.2536E-01 -6.3029E-01
  1.6911E+00  5.6807E+00  7.1702E-06  5.4379E-01  6.2914E-01  5.2249E-01 -6.2534E-01
  1.7031E+00  5.7207E+00  7.2181E-06  5.3635E-01  6.2422E-01  5.1969E-01 -6.2032E-01
  1.7151E+00  5.7607E+00  7.2658E-06  5.2896E-01  6.1923E-01  5.1697E-01 -6.1522E-01
  1.7270E+00  5.8007E+00  7.3133E-06  5.2163E-01  6.1417E-01  5.1433E-01 -6.1006E-01
  1.7393E+00  5.8417E+00  7.3615E-06  5.1419E-01  6.0891E-01  5.1172E-01 -6.0468E-01
  1.7512E+00  5.8817E+00  7.4079E-06  5.0699E-01  6.0370E-01  5.0926E-01 -5.9936E-01
  1.7632E+00  5.9217E+00  7.4536E-06  4.9986E-01  5.9843E-01  5.0691E-01 -5.9397E-01
  1.7752E+00  5.9617E+00  7.4985E-06  4.9279E-01  5.9308E-01  5.0465E-01 -5.8849E-01
  1.7871E+00  6.0017E+00  7.5425E-06  4.8579E-01  5.8766E-01  5.0251E-01 -5.8293E-01
  1.7991E+00  6.0417E+00  7.5854E-06  4.7885E-01  5.8217E-01  5.0049E-01 -5.7729E-01
  1.8110E+00  6.0817E+00  7.6271E-06  4.7198E-01  5.7660E-01  4.9859E-01 -5.7157E-01
  1.8230E+00  6.1217E+00  7.6678E-06  4.6518E-01  5.7095E-01  4.9681E-01 -5.6576E-01
  1.8353E+00  6.1627E+00  7.7083E-06  4.5829E-01  5.6508E-01  4.9512E-01 -5.5971E-01
  1.8472E+00  6.2027E+00  7.7470E-06  4.5163E-01  5.5927E-01  4.9362E-01 -5.5372E-01
  1.8592E+00  6.2427E+00  7.7851E-06  4.4504E-01  5.5338E-01  4.9225E-01 -5.4763E-01
  1.8712E+00  6.2827E+00  7.8228E-06  4.3853E-01  5.4741E-01  4.9103E-01 -5.4145E-01
  1.8831E+00  6.3227E+00  7.8607E-06  4.3210E-01  5.4136E-01  4.8997E-01 -5.3518E-01
  1.8951E+00  6.3627E+00  7.8992E-06  4.2574E-01  5.3522E-01  4.8907E-01 -5.2880E-01
  1.9070E+00  6.4027E+00  7.9389E-06  4.1945E-01  5.2900E-01  4.8833E-01 -5.2233E-01
  1.9193E+00  6.4437E+00  7.9815E-06  4.1309E-01  5.2254E-01  4.8774E-01 -5.1559E-01
  1.9313E+00  6.4837E+00  8.0256E-06  4.0697E-01  5.1615E-01  4.8733E-01 -5.0891E-01
  1.9432E+00  6.5237E+00  8.0728E-06  4.0092E-01  5.0967E-01  4.8709E-01 -5.0212E-01
  1.9552E+00  6.5637E+00  8.1236E-06  3.9496E-01  5.0311E-01  4.8703E-01 -4.9523E-01
  1.9671E+00  6.6037E+00  8.1785E-06  3.8908E-01  4.9645E-01  4.8714E-01 -4.8822E-01
  1.9791E+00  6.6437E+00  8.2380E-06  3.8329E-01  4.8972E-01  4.8743E-01 -4.8110E-01
  1.9911E+00  6.6837E+00  8.3024E-06  3.7758E-01  4.8289E-01  4.8790E-01 -4.7386E-01
  2.0030E+00  6.7237E+00  8.3718E-06  3.7196E-01  4.7598E-01  4.8853E-01 -4.6651E-01
  2.0153E+00  6.7647E+00  8.4484E-06  3.6629E-01  4.6881E-01  4.8936E-01 -4.5885E-01
  2.0272E+00  6.8047E+00  8.5286E-06  3.6085E-01  4.6172E-01  4.9033E-01 -4.5125E-01
  2.0392E+00  6.8447E+00  8.6141E-06  3.5550E-01  4.5454E-01  4.9147E-01 -4.4353E-01
  2.0512E+00  6.8847E+00  8.7041E-06  3.5024E-01  4.4728E-01  4.9275E-01 -4.3568E-01
  2.0631E+00  6.9247E+00  8.7982E-06  3.4508E-01  4.3993E-01  4.9418E-01 -4.2770E-01
  2.0751E+00  6.9647E+00  8.8956E-06  3.4002E-01  4.3249E-01  4.9575E-01 -4.1959E-01
  2.0870E+00  7.0047E+00  8.9952E-06  3.3505E-01  4.2498E-01  4.9744E-01 -4.1134E-01
  2.0990E+00  7.0447E+00  9.0959E-06  3.3018E-01  4.1738E-01  4.9925E-01 -4.0296E-01
  2.1113E+00  7.0857E+00  9.1993E-06  3.2530E-01  4.0951E-01  5.0121E-01 -3.9423E-01
  2.1232E+00  7.1257E+00  9.2990E-06  3.2063E-01  4.0175E-01  5.0320E-01 -3.8556E-01
  2.1352E+00  7.1657E+00  9.3958E-06  3.1608E-01  3.9391E-01  5.0528E-01 -3.7676E-01
  2.1471E+00  7.2057E+00  9.4888E-06  3.1163E-01  3.8601E-01  5.0742E-01 -3.6781E-01
  2.1591E+00  7.2457E+00  9.5777E-06  3.0728E-01  3.7803E-01  5.0960E-01 -3.5872E-01
  2.1711E+00  7.2857E+00  9.6620E-06  3.0305E-01  3.7000E-01  5.1181E-01 -3.4949E-01
  2.1830E+00  7.3257E+00  9.7414E-06  2.9893E-01  3.6190E-01  5.1403E-01 -3.4011E-01
  2.1953E+00  7.3667E+00  9.8171E-06  2.9482E-01  3.5354E-01  5.1629E-01 -3.3034E-01
  2.2072E+00  7.4067E+00  9.8855E-06  2.9093E-01  3.4534E-01  5.1847E-01 -3.2067E-01
  2.2192E+00  7.4467E+00  9.9482E-06  2.8715E-01  3.3709E-01  5.2062E-01 -3.1085E-01
  2.2312E+00  7.4867E+00  1.0006E-05  2.8350E-01  3.2881E-01  5.2271E-01 -3.0088E-01
  2.2431E+00  7.5267E+00  1.0058E-05  2.7996E-01  3.2049E-01  5.2471E-01 -2.9076E-01
  2.2551E+00  7.5667E+00  1.0105E-05  2.7655E-01  3.1216E-01  5.2662E-01 -2.8051E-01
  2.2671E+00  7.6067E+00  1.0146E-05  2.7325E-01  3.0381E-01  5.2842E-01 -2.7010E-01
  2.2790E+00  7.6467E+00  1.0183E-05  2.7009E-01  2.9546E-01  5.3008E-01 -2.5956E-01
  2.2913E+00  7.6877E+00  1.0216E-05  2.6697E-01  2.8692E-01  5.3166E-01 -2.4861E-01
  2.3032E+00  7.7277E+00  1.0244E-05  2.6407E-01  2.7861E-01  5.3304E-01 -2.3779E-01
  2.3152E+00  7.7677E+00  1.0269E-05  2.6129E-01  2.7033E-01  5.3423E-01 -2.2683E-01
  2.3272E+00  7.8077E+00  1.0291E-05  2.5865E-01  2.6211E-01  5.3526E-01 -2.1575E-01
  2.3391E+00  7.8477E+00  1.0310E-05  2.5613E-01  2.5398E-01  5.3613E-01 -2.0455E-01
  2.3511E+00  7.8877E+00  1.0327E-05  2.5376E-01  2.4593E-01  5.3677E-01 -1.9321E-01
  2.3630E+00  7.9277E+00  1.0343E-05  2.5152E-01  2.3797E-01  5.3716E-01 -1.8175E-01
  2.3753E+00  7.9687E+00  1.0360E-05  2.4936E-01  2.2998E-01  5.3733E-01 -1.6990E-01
  2.3873E+00  8.0087E+00  1.0375E-05  2.4740E-01  2.2238E-01  5.3733E-01 -1.5826E-01
  2.3992E+00  8.0487E+00  1.0390E-05  2.4558E-01  2.1500E-01  5.3715E-01 -1.4654E-01
  2.4112E+00  8.0887E+00  1.0404E-05  2.4390E-01  2.0784E-01  5.3668E-01 -1.3470E-01
  2.4231E+00  8.1287E+00  1.0418E-05  2.4236E-01  2.0092E-01  5.3592E-01 -1.2276E-01
  2.4351E+00  8.1687E+00  1.0432E-05  2.4097E-01  1.9430E-01  5.3487E-01 -1.1073E-01
  2.4471E+00  8.2087E+00  1.0445E-05  2.3971E-01  1.8806E-01  5.3358E-01 -9.8644E-02
  2.4590E+00  8.2487E+00  1.0457E-05  2.3861E-01  1.8225E-01  5.3209E-01 -8.6539E-02
  2.4713E+00  8.2897E+00  1.0469E-05  2.3762E-01  1.7685E-01  5.3042E-01 -7.4142E-02
  2.4832E+00  8.3297E+00  1.0480E-05  2.3681E-01  1.7210E-01  5.2856E-01 -6.2015E-02
  2.4952E+00  8.3697E+00  1.0489E-05  2.3614E-01  1.6791E-01  5.2640E-01 -4.9836E-02
  2.5072E+00  8.4097E+00  1.0497E-05  2.3562E-01  1.6431E-01  5.2395E-01 -3.7619E-02
  2.5191E+00  8.4497E+00  1.0504E-05  2.3525E-01  1.6137E-01  5.2120E-01 -2.5385E-02
  2.5311E+00  8.4897E+00  1.0509E-05  2.3502E-01  1.5914E-01  5.1819E-01 -1.3148E-02
  2.5430E+00  8.5297E+00  1.0513E-05  2.3494E-01  1.5765E-01  5.1491E-01 -9.2668E-04
  2.5550E+00  8.5697E+00  1.0514E-05  2.3500E-01  1.5694E-01  5.1141E-01  1.1267E-02
  2.5673E+00  8.6107E+00  1.0513E-05  2.3521E-01  1.5703E-01  5.0761E-01  2.3719E-02
  2.5792E+00  8.6507E+00  1.0510E-05  2.3557E-01  1.5792E-01  5.0372E-01  3.5808E-02
  2.5912E+00  8.6907E+00  1.0503E-05  2.3607E-01  1.5958E-01  4.9967E-01  4.7820E-02
  2.6032E+00  8.7307E+00  1.0494E-05  2.3672E-01  1.6198E-01  4.9547E-01  5.9754E-02
  2.6151E+00  8.7707E+00  1.0482E-05  2.3750E-01  1.6508E-01  4.9109E-01  7.1625E-02
  2.6271E+00  8.8107E+00  1.0467E-05  2.3843E-01  1.6883E-01  4.8654E-01  8.3423E-02
  2.6390E+00  8.8507E+00  1.0449E-05  2.3950E-01  1.7318E-01  4.8183E-01  9.5140E-02
  2.6513E+00  8.8917E+00  1.0426E-05  2.4074E-01  1.7821E-01  4.7684E-01  1.0705E-01
  2.6633E+00  8.9317E+00  1.0401E-05  2.4209E-01  1.8361E-01  4.7184E-01  1.1858E-01
  2.6752E+00  8.9717E+00  1.0371E-05  2.4358E-01  1.8945E-01  4.6671E-01  1.2999E-01
  2.6872E+00  9.0117E+00  1.0339E-05  2.4520E-01  1.9568E-01  4.6150E-01  1.4129E-01
  2.6991E+00  9.0517E+00  1.0302E-05  2.4696E-01  2.0223E-01  4.5621E-01  1.5246E-01
  2.7111E+00  9.0917E+00  1.0261E-05  2.4885E-01  2.0908E-01  4.5084E-01  1.6350E-01
  2.7231E+00  9.1317E+00  1.0217E-05  2.5088E-01  2.1617E-01  4.4544E-01  1.7442E-01
  2.7350E+00  9.1717E+00  1.0168E-05  2.5303E-01  2.2348E-01  4.4001E-01  1.8519E-01
  2.7473E+00  9.2127E+00  1.0113E-05  2.5537E-01  2.3114E-01  4.3444E-01  1.9609E-01
  2.7592E+00  9.2527E+00  1.0056E-05  2.5778E-01  2.3877E-01  4.2903E-01  2.0659E-01
  2.7712E+00  9.2927E+00  9.9943E-06  2.6031E-01  2.4652E-01  4.2365E-01  2.1695E-01
  2.7832E+00  9.3327E+00  9.9279E-06  2.6297E-01  2.5436E-01  4.1832E-01  2.2717E-01
  2.7951E+00  9.3727E+00  9.8571E-06  2.6574E-01  2.6227E-01  4.1305E-01  2.3725E-01
  2.8071E+00  9.4127E+00  9.7819E-06  2.6864E-01  2.7024E-01  4.0788E-01  2.4719E-01
  2.8190E+00  9.4527E+00  9.7022E-06  2.7166E-01  2.7824E-01  4.0282E-01  2.5699E-01
  2.8310E+00  9.4927E+00  9.6180E-06  2.7479E-01  2.8627E-01  3.9789E-01  2.6665E-01
  2.8433E+00  9.5337E+00  9.5271E-06  2.7812E-01  2.9451E-01  3.9299E-01  2.7642E-01
  2.8552E+00  9.5737E+00  9.4340E-06  2.8149E-01  3.0255E-01  3.8839E-01  2.8580E-01
  2.8672E+00  9.6137E+00  9.3365E-06  2.8496E-01  3.1057E-01  3.8398E-01  2.9506E-01
  2.8791E+00  9.6537E+00  9.2348E-06  2.8854E-01  3.1856E-01  3.7978E-01  3.0417E-01
  2.8911E+00  9.6937E+00  9.1288E-06  2.9224E-01  3.2653E-01  3.7582E-01  3.1315E-01
  2.9031E+00  9.7337E+00  9.0186E-06  2.9604E-01  3.3446E-01  3.7211E-01  3.2201E-01
  2.9150E+00  9.7737E+00  8.9042E-06  2.9994E-01  3.4234E-01  3.6866E-01  3.3073E-01
  2.9273E+00  9.8147E+00  8.7825E-06  3.0405E-01  3.5037E-01  3.6544E-01  3.3953E-01
  2.9392E+00  9.8547E+00  8.6596E-06  3.0816E-01  3.5814E-01  3.6261E-01  3.4800E-01
  2.9512E+00  9.8947E+00  8.5324E-06  3.1238E-01  3.6617E-01  3.6004E-01  3.5666E-01
  2.9632E+00  9.9347E+00  8.4024E-06  3.1672E-01  3.7852E-01  3.5774E-01  3.6970E-01
  2.9751E+00  9.9747E+00  8.2699E-06  3.2120E-01  3.8056E-01  3.5612E-01  3.7210E-01
  2.9871E+00  1.0015E+01  8.0977E-06  3.2482E-01  1.9510E-01  3.6447E-01  1.7780E-01
  2.9991E+00  1.0055E+01  7.8450E-06  3.2530E-01  8.7105E-02  3.5419E-01 -4.2540E-02
  3.0113E+00  1.0096E+01  7.6028E-06  3.2548E-01  1.4241E-01  3.5249E-01  1.2194E-01
  3.0232E+00  1.0136E+01  7.3910E-06  3.2736E-01  1.2320E-01  3.6032E-01  9.8814E-02
  3.0352E+00  1.0176E+01  7.1364E-06  3.2751E-01  7.1722E-02  3.5106E-01 -1.6568E-02
  3.0472E+00  1.0216E+01  6.9168E-06  3.2834E-01  1.8539E-01  3.5117E-01  1.7243E-01
  3.0591E+00  1.0256E+01  6.6959E-06  3.3012E-01  9.0252E-02  3.5940E-01  5.9100E-02
  3.0711E+00  1.0296E+01  6.4491E-06  3.3023E-01  6.8467E-02  3.5197E-01  2.1352E-02
  3.0831E+00  1.0336E+01  6.2416E-06  3.3164E-01  2.0299E-01  3.5393E-01  1.9264E-01
  3.0951E+00  1.0376E+01  6.0135E-06  3.3312E-01  7.0300E-02  3.5869E-01  3.0314E-02
  3.1070E+00  1.0416E+01  5.7793E-06  3.3336E-01  9.1827E-02  3.5533E-01  6.8404E-02
  3.1190E+00  1.0456E+01  5.5782E-06  3.3520E-01  1.9159E-01  3.6153E-01  1.8160E-01
  3.1313E+00  1.0497E+01  5.3426E-06  3.3631E-01  6.1318E-02  3.5918E-01  1.5596E-02
  3.1432E+00  1.0537E+01  5.1252E-06  3.3687E-01  1.3661E-01  3.6001E-01  1.2367E-01
  3.1552E+00  1.0577E+01  4.9265E-06  3.3893E-01  1.5466E-01  3.7016E-01  1.4314E-01
  3.1672E+00  1.0617E+01  4.7053E-06  3.3966E-01  5.9299E-02  3.6259E-01  1.9275E-02
  3.1792E+00  1.0657E+01  4.5124E-06  3.4060E-01  1.7419E-01  3.6602E-01  1.6514E-01
  3.1911E+00  1.0697E+01  4.3279E-06  3.4260E-01  1.1474E-01  3.7642E-01  1.0018E-01
  3.2031E+00  1.0737E+01  4.1369E-06  3.4310E-01  6.3163E-02  3.6692E-01  3.3881E-02
  3.2151E+00  1.0777E+01  3.9784E-06  3.4441E-01  1.8938E-01  3.6912E-01  1.8193E-01
  3.2271E+00  1.0817E+01  3.8118E-06  3.4604E-01  7.6316E-02  3.7617E-01  5.5266E-02
  3.2391E+00  1.0857E+01  3.6464E-06  3.4638E-01  7.3034E-02  3.7079E-01  5.2492E-02
  3.2510E+00  1.0897E+01  3.5055E-06  3.4791E-01  1.7474E-01  3.7681E-01  1.6722E-01
  3.2630E+00  1.0937E+01  3.3479E-06  3.4903E-01  5.3297E-02  3.7745E-01  1.8738E-02
  3.2753E+00  1.0978E+01  3.1979E-06  3.4935E-01  9.4285E-02  3.7689E-01  8.0661E-02
  3.2873E+00  1.1018E+01  3.0657E-06  3.5096E-01  1.3529E-01  3.8694E-01  1.2597E-01
  3.2993E+00  1.1058E+01  2.9182E-06  3.5154E-01  4.7608E-02  3.7957E-01 -2.4979E-03
  3.3112E+00  1.1098E+01  2.7894E-06  3.5197E-01  1.1557E-01  3.8224E-01  1.0557E-01
  3.3232E+00  1.1138E+01  2.6626E-06  3.5344E-01  9.0801E-02  3.9275E-01  7.7309E-02
  3.3352E+00  1.1178E+01  2.5279E-06  3.5363E-01  4.6006E-02  3.8315E-01 -5.7589E-03
  3.3472E+00  1.1218E+01  2.4134E-06  3.5426E-01  1.2963E-01  3.8658E-01  1.2144E-01
  3.3592E+00  1.1258E+01  2.2905E-06  3.5544E-01  5.5356E-02  3.9469E-01  3.1341E-02
  3.3711E+00  1.1298E+01  2.1679E-06  3.5539E-01  4.4317E-02  3.8796E-01  4.4865E-03
  3.3831E+00  1.1338E+01  2.0609E-06  3.5624E-01  1.2794E-01  3.9286E-01  1.2012E-01
  3.3951E+00  1.1378E+01  1.9368E-06  3.5703E-01  4.3854E-02  3.9650E-01 -2.0363E-03
  3.4071E+00  1.1418E+01  1.8147E-06  3.5694E-01  5.1369E-02  3.9589E-01  2.8051E-02
  3.4191E+00  1.1458E+01  1.6937E-06  3.5799E-01  1.1184E-01  4.0315E-01  1.0313E-01
  3.4310E+00  1.1498E+01  1.5501E-06  3.5843E-01  4.5196E-02  3.9783E-01 -1.6482E-02
  3.4430E+00  1.1538E+01  1.4130E-06  3.5849E-01  7.4114E-02  3.9951E-01  6.1324E-02
  3.4550E+00  1.1578E+01  1.2725E-06  3.5965E-01  8.6323E-02  4.0812E-01  7.5413E-02
  3.4673E+00  1.1619E+01  1.1184E-06  3.5982E-01  4.3374E-02  3.9919E-01 -1.5599E-02
  3.4793E+00  1.1659E+01  9.8177E-07  3.6019E-01  1.0239E-01  4.0311E-01  9.4126E-02
  3.4913E+00  1.1699E+01  8.3625E-07  3.6128E-01  5.7141E-02  4.1068E-01  4.0239E-02
  3.5033E+00  1.1739E+01  6.9127E-07  3.6128E-01  3.9270E-02  4.0293E-01 -1.9937E-03
  3.5152E+00  1.1779E+01  5.5828E-07  3.6195E-01  1.1636E-01  4.0684E-01  1.0959E-01
  3.5272E+00  1.1819E+01  4.1266E-07  3.6284E-01  4.1499E-02  4.1102E-01  1.4122E-02
  3.5392E+00  1.1859E+01  2.7483E-07  3.6282E-01  4.3604E-02  4.0765E-01  2.1124E-02
  3.5512E+00  1.1899E+01  1.4327E-07  3.6376E-01  1.1289E-01  4.1335E-01  1.0622E-01
  3.5632E+00  1.1939E+01  2.2203E-10  3.6437E-01  3.7669E-02  4.1147E-01 -2.5921E-03
  3.5752E+00  1.1979E+01 -1.3080E-07  3.6445E-01  6.1912E-02  4.1275E-01  4.9506E-02
  3.5871E+00  1.2019E+01 -2.6288E-07  3.6555E-01  9.4125E-02  4.2069E-01  8.6341E-02
  3.5991E+00  1.2059E+01 -4.0104E-07  3.6590E-01  3.7146E-02  4.1289E-01 -7.8241E-03
  3.6111E+00  1.2099E+01 -5.2637E-07  3.6617E-01  8.5971E-02  4.1754E-01  7.7956E-02
  3.6231E+00  1.2139E+01 -6.5947E-07  3.6728E-01  6.8866E-02  4.2521E-01  5.8382E-02
  3.6351E+00  1.2179E+01 -7.9129E-07  3.6743E-01  3.5329E-02  4.1611E-01 -1.8956E-03
  3.6471E+00  1.2219E+01 -9.1285E-07  3.6797E-01  1.0484E-01  4.2011E-01  9.8757E-02
  3.6591E+00  1.2259E+01 -1.0460E-06  3.6895E-01  4.6909E-02  4.2554E-01  3.0926E-02
  3.6710E+00  1.2299E+01 -1.1712E-06  3.6901E-01  3.6799E-02  4.1965E-01  1.3243E-02
  3.6830E+00  1.2339E+01 -1.2912E-06  3.6980E-01  1.1013E-01  4.2397E-01  1.0465E-01
  3.6950E+00  1.2379E+01 -1.4222E-06  3.7056E-01  3.5608E-02  4.2495E-01  1.0536E-02
  3.7070E+00  1.2419E+01 -1.5412E-06  3.7064E-01  4.9057E-02  4.2405E-01  3.5824E-02
  3.7193E+00  1.2460E+01 -1.6648E-06  3.7165E-01  9.7993E-02  4.3098E-01  9.2012E-02
  3.7313E+00  1.2500E+01 -1.7909E-06  3.7213E-01  3.2871E-02  4.2493E-01 -8.0097E-04
  3.7433E+00  1.2540E+01 -1.9048E-06  3.7235E-01  7.2599E-02  4.2836E-01  6.4801E-02
  3.7553E+00  1.2580E+01 -2.0267E-06  3.7343E-01  7.5975E-02  4.3585E-01  6.8441E-02
  3.7672E+00  1.2620E+01 -2.1469E-06  3.7368E-01  3.1898E-02  4.2638E-01 -5.5494E-04
  3.7792E+00  1.2660E+01 -2.2576E-06  3.7412E-01  9.2641E-02  4.3078E-01  8.6988E-02
  3.7912E+00  1.2700E+01 -2.3797E-06  3.7512E-01  5.3067E-02  4.3665E-01  4.2338E-02
  3.8032E+00  1.2740E+01 -2.4938E-06  3.7525E-01  3.2426E-02  4.2897E-01  9.3013E-03
  3.8152E+00  1.2780E+01 -2.6033E-06  3.7592E-01  1.0324E-01  4.3291E-01  9.8470E-02
  3.8272E+00  1.2820E+01 -2.7239E-06  3.7675E-01  3.7114E-02  4.3551E-01  2.0537E-02
  3.8392E+00  1.2860E+01 -2.8324E-06  3.7685E-01  4.0725E-02  4.3264E-01  2.7148E-02
  3.8511E+00  1.2900E+01 -2.9425E-06  3.7772E-01  9.9604E-02  4.3786E-01  9.4840E-02
  3.8631E+00  1.2940E+01 -3.0593E-06  3.7832E-01  3.0569E-02  4.3473E-01  6.2943E-03
  3.8751E+00  1.2980E+01 -3.1633E-06  3.7849E-01  5.7812E-02  4.3674E-01  4.9588E-02
  3.8871E+00  1.3020E+01 -3.2749E-06  3.7949E-01  8.3440E-02  4.4368E-01  7.7888E-02
  3.8991E+00  1.3060E+01 -3.3862E-06  3.7986E-01  2.9076E-02  4.3508E-01  1.4209E-03
  3.9111E+00  1.3100E+01 -3.4873E-06  3.8018E-01  7.7914E-02  4.3969E-01  7.2298E-02
  3.9231E+00  1.3140E+01 -3.5999E-06  3.8118E-01  6.1752E-02  4.4602E-01  5.4408E-02
  3.9351E+00  1.3180E+01 -3.7054E-06  3.8139E-01  2.8883E-02  4.3667E-01  5.7995E-03
  3.9471E+00  1.3220E+01 -3.8054E-06  3.8192E-01  9.3192E-02  4.4095E-01  8.8792E-02
  3.9590E+00  1.3260E+01 -3.9173E-06  3.8281E-01  4.2259E-02  4.4503E-01  3.1373E-02
  3.9710E+00  1.3300E+01 -4.0173E-06  3.8293E-01  3.2969E-02  4.3945E-01  1.7939E-02
  3.9830E+00  1.3340E+01 -4.1179E-06  3.8367E-01  9.6989E-02  4.4357E-01  9.2957E-02
  3.9950E+00  1.3380E+01 -4.2270E-06  3.8436E-01  3.0860E-02  4.4337E-01  1.4172E-02
  4.0073E+00  1.3421E+01 -4.3248E-06  3.8451E-01  4.7329E-02  4.4268E-01  3.8815E-02
  4.0193E+00  1.3461E+01 -4.4276E-06  3.8542E-01  8.6124E-02  4.4873E-01  8.1707E-02
  4.0313E+00  1.3501E+01 -4.5313E-06  3.8588E-01  2.6935E-02  4.4174E-01  4.5230E-03
  4.0433E+00  1.3541E+01 -4.6239E-06  3.8614E-01  6.5944E-02  4.4601E-01  6.0364E-02
  4.0552E+00  1.3581E+01 -4.7281E-06  3.8710E-01  6.7073E-02  4.5243E-01  6.1522E-02
  4.0672E+00  1.3621E+01 -4.8260E-06  3.8736E-01  2.6276E-02  4.4247E-01  4.5547E-03
  4.0792E+00  1.3661E+01 -4.9174E-06  3.8780E-01  8.2763E-02  4.4739E-01  7.8596E-02
  4.0912E+00  1.3701E+01 -5.0214E-06  3.8869E-01  4.7148E-02  4.5208E-01  3.9335E-02
  4.1032E+00  1.3741E+01 -5.1135E-06  3.8885E-01  2.8336E-02  4.4450E-01  1.2742E-02
  4.1152E+00  1.3781E+01 -5.2052E-06  3.8948E-01  9.1295E-02  4.4844E-01  8.7714E-02
  4.1272E+00  1.3821E+01 -5.3060E-06  3.9022E-01  3.2694E-02  4.5000E-01  2.0826E-02
  4.1392E+00  1.3861E+01 -5.3921E-06  3.9035E-01  3.7263E-02  4.4780E-01  2.7775E-02
  4.1512E+00  1.3901E+01 -5.4822E-06  3.9115E-01  8.7620E-02  4.5281E-01  8.4001E-02
  4.1631E+00  1.3941E+01 -5.5721E-06  3.9169E-01  2.6020E-02  4.4934E-01  8.6944E-03
  4.1751E+00  1.3981E+01 -5.6420E-06  3.9189E-01  5.2741E-02  4.5355E-01  4.6691E-02
  4.1871E+00  1.4021E+01 -5.7115E-06  3.9278E-01  7.3152E-02  4.6067E-01  6.8846E-02
  4.1991E+00  1.4061E+01 -5.7632E-06  3.9312E-01  2.4292E-02  4.5048E-01  3.9389E-03
  4.2111E+00  1.4101E+01 -5.7944E-06  3.9344E-01  6.8990E-02  4.5439E-01  6.4693E-02
  4.2231E+00  1.4141E+01 -5.8300E-06  3.9431E-01  5.2551E-02  4.5937E-01  4.6721E-02
  4.2351E+00  1.4181E+01 -5.8505E-06  3.9449E-01  2.3938E-02  4.4940E-01  5.3619E-03
  4.2471E+00  1.4221E+01 -5.8653E-06  3.9495E-01  7.9214E-02  4.5388E-01  7.5686E-02
  4.2591E+00  1.4261E+01 -5.8892E-06  3.9568E-01  3.3529E-02  4.5724E-01  2.4034E-02
  4.2710E+00  1.4301E+01 -5.8984E-06  3.9576E-01  2.6275E-02  4.5178E-01  1.2885E-02
  4.2830E+00  1.4341E+01 -5.9100E-06  3.9636E-01  7.9083E-02  4.5585E-01  7.5683E-02
  4.2950E+00  1.4381E+01 -5.9270E-06  3.9689E-01  2.3590E-02  4.5485E-01  6.3498E-03
  4.3070E+00  1.4421E+01 -5.9301E-06  3.9694E-01  3.4367E-02  4.5528E-01  2.5934E-02
  4.3190E+00  1.4461E+01 -5.9413E-06  3.9764E-01  6.7901E-02  4.6082E-01  6.4004E-02
  4.3313E+00  1.4502E+01 -5.9516E-06  3.9794E-01  2.2615E-02  4.5344E-01 -4.6367E-03
  4.3433E+00  1.4542E+01 -5.9519E-06  3.9807E-01  4.9092E-02  4.5848E-01  4.3783E-02
  4.3553E+00  1.4582E+01 -5.9641E-06  3.9878E-01  4.7620E-02  4.6420E-01  4.2055E-02
  4.3673E+00  1.4622E+01 -5.9697E-06  3.9887E-01  2.2764E-02  4.5390E-01 -6.9613E-03
  4.3793E+00  1.4662E+01 -5.9731E-06  3.9912E-01  6.0945E-02  4.5949E-01  5.6920E-02
  4.3912E+00  1.4702E+01 -5.9926E-06  3.9974E-01  3.0118E-02  4.6401E-01  2.0721E-02
  4.4032E+00  1.4742E+01 -6.0090E-06  3.9973E-01  2.1457E-02  4.5821E-01 -1.3521E-03
  4.4152E+00  1.4782E+01 -6.0391E-06  4.0012E-01  6.6705E-02  4.6262E-01  6.3154E-02
  4.4272E+00  1.4822E+01 -6.0910E-06  4.0060E-01  2.1725E-02  4.6204E-01  4.2235E-03
  4.4392E+00  1.4862E+01 -6.1414E-06  4.0056E-01  2.4083E-02  4.5952E-01  1.1734E-02
  4.4512E+00  1.4902E+01 -6.2052E-06  4.0110E-01  6.3086E-02  4.6320E-01  5.9465E-02
  4.4632E+00  1.4942E+01 -6.2747E-06  4.0141E-01  2.1512E-02  4.5825E-01 -5.8441E-03
  4.4752E+00  1.4982E+01 -6.3353E-06  4.0143E-01  3.5312E-02  4.6224E-01  2.8589E-02
  4.4872E+00  1.5022E+01 -6.4073E-06  4.0205E-01  5.0818E-02  4.6727E-01  4.6352E-02
  4.4991E+00  1.5062E+01 -6.4754E-06  4.0219E-01  2.2142E-02  4.5771E-01 -8.9305E-03
  4.5111E+00  1.5102E+01 -6.5371E-06  4.0233E-01  4.9806E-02  4.6389E-01  4.5441E-02
  4.5231E+00  1.5142E+01 -6.6111E-06  4.0295E-01  3.5330E-02  4.6786E-01  2.8812E-02
  4.5351E+00  1.5182E+01 -6.6753E-06  4.0297E-01  2.0549E-02  4.5872E-01 -5.1156E-03
  4.5471E+00  1.5222E+01 -6.7385E-06  4.0327E-01  6.0667E-02  4.6342E-01  5.7284E-02
  4.5591E+00  1.5262E+01 -6.8118E-06  4.0380E-01  2.3232E-02  4.6543E-01  1.1914E-02
  4.5711E+00  1.5302E+01 -6.8726E-06  4.0377E-01  2.0133E-02  4.6113E-01  4.5287E-03
  4.5831E+00  1.5342E+01 -6.9380E-06  4.0422E-01  6.2767E-02  4.6465E-01  5.9612E-02
  4.5951E+00  1.5382E+01 -7.0086E-06  4.0460E-01  1.9455E-02  4.6279E-01 -4.7244E-04
  4.6071E+00  1.5422E+01 -7.0671E-06  4.0459E-01  2.7109E-02  4.6532E-01  1.8917E-02
  4.6190E+00  1.5462E+01 -7.1350E-06  4.0516E-01  5.5242E-02  4.6974E-01  5.1689E-02
  4.6310E+00  1.5502E+01 -7.2014E-06  4.0538E-01  2.0208E-02  4.6222E-01 -6.7247E-03
  4.6430E+00  1.5542E+01 -7.2592E-06  4.0545E-01  4.0253E-02  4.6806E-01  3.5397E-02
  4.6550E+00  1.5582E+01 -7.3288E-06  4.0606E-01  4.1397E-02  4.7242E-01  3.6654E-02
  4.6670E+00  1.5622E+01 -7.3907E-06  4.0614E-01  1.9899E-02  4.6236E-01 -6.7891E-03
  4.6793E+00  1.5663E+01 -7.4507E-06  4.0636E-01  5.4222E-02  4.6811E-01  5.0852E-02
  4.6913E+00  1.5703E+01 -7.5204E-06  4.0691E-01  2.6141E-02  4.7068E-01  1.8147E-02
  4.7033E+00  1.5743E+01 -7.5781E-06  4.0690E-01  1.8435E-02  4.6415E-01  4.5406E-04
  4.7153E+00  1.5783E+01 -7.6387E-06  4.0728E-01  6.0041E-02  4.6781E-01  5.7131E-02
  4.7273E+00  1.5823E+01 -7.7063E-06  4.0771E-01  1.8911E-02  4.6770E-01  4.5399E-03
  4.7392E+00  1.5863E+01 -7.7614E-06  4.0769E-01  2.2104E-02  4.6722E-01  1.2520E-02
  4.7512E+00  1.5903E+01 -7.8246E-06  4.0819E-01  5.6524E-02  4.7098E-01  5.3492E-02
  4.7632E+00  1.5943E+01 -7.8885E-06  4.0847E-01  1.8411E-02  4.6563E-01 -4.0980E-03
  4.7752E+00  1.5983E+01 -7.9424E-06  4.0850E-01  3.2872E-02  4.7048E-01  2.7494E-02
  4.7872E+00  1.6023E+01 -8.0077E-06  4.0908E-01  4.5320E-02  4.7478E-01  4.1553E-02
  4.7992E+00  1.6063E+01 -8.0672E-06  4.0921E-01  1.8808E-02  4.6504E-01 -6.6082E-03
  4.8112E+00  1.6103E+01 -8.1214E-06  4.0935E-01  4.5878E-02  4.7174E-01  4.2304E-02
  4.8232E+00  1.6143E+01 -8.1877E-06  4.0992E-01  3.1434E-02  4.7484E-01  2.5923E-02
  4.8352E+00  1.6183E+01 -8.2432E-06  4.0995E-01  1.7598E-02  4.6602E-01 -3.0079E-03
  4.8472E+00  1.6223E+01 -8.2991E-06  4.1023E-01  5.5275E-02  4.7076E-01  5.2459E-02
  4.8592E+00  1.6263E+01 -8.3642E-06  4.1071E-01  2.0576E-02  4.7205E-01  1.1025E-02
  4.8711E+00  1.6303E+01 -8.4166E-06  4.1070E-01  1.8073E-02  4.6844E-01  5.7625E-03
  4.8831E+00  1.6343E+01 -8.4750E-06  4.1112E-01  5.6684E-02  4.7168E-01  5.4025E-02
  4.8951E+00  1.6383E+01 -8.5372E-06  4.1147E-01  1.6978E-02  4.6924E-01  2.0828E-04
  4.9071E+00  1.6423E+01 -8.5878E-06  4.1147E-01  2.5260E-02  4.7183E-01  1.8716E-02
  4.9191E+00  1.6463E+01 -8.6487E-06  4.1199E-01  4.9540E-02  4.7570E-01  4.6525E-02
  4.9311E+00  1.6503E+01 -8.7068E-06  4.1219E-01  1.7413E-02  4.6778E-01 -5.1318E-03
  4.9431E+00  1.6543E+01 -8.7571E-06  4.1228E-01  3.7398E-02  4.7435E-01  3.3426E-02
  4.9551E+00  1.6583E+01 -8.8197E-06  4.1283E-01  3.6942E-02  4.7790E-01  3.2892E-02
  4.9671E+00  1.6623E+01 -8.8735E-06  4.1291E-01  1.7102E-02  4.6790E-01 -4.9536E-03
  4.9791E+00  1.6663E+01 -8.9250E-06  4.1311E-01  4.8730E-02  4.7412E-01  4.5854E-02
  4.9910E+00  1.6703E+01 -8.9874E-06  4.1362E-01  2.4382E-02  4.7613E-01  1.7965E-02
  5.0030E+00  1.6743E+01 -9.0377E-06  4.1363E-01  1.6137E-02  4.6831E-01  8.1996E-04
  5.0150E+00  1.6783E+01 -9.0915E-06  4.1396E-01  5.4413E-02  4.7200E-01  5.1958E-02
  5.0270E+00  1.6823E+01 -9.1520E-06  4.1437E-01  1.6996E-02  4.7171E-01  5.5358E-03
  5.0390E+00  1.6863E+01 -9.2000E-06  4.1436E-01  1.9593E-02  4.7134E-01  1.1365E-02
  5.0513E+00  1.6904E+01 -9.2580E-06  4.1483E-01  5.0997E-02  4.7502E-01  4.8420E-02
  5.0633E+00  1.6944E+01 -9.3144E-06  4.1508E-01  1.6036E-02  4.6917E-01 -3.1401E-03
  5.0753E+00  1.6984E+01 -9.3614E-06  4.1513E-01  3.0706E-02  4.7489E-01  2.6313E-02
  5.0873E+00  1.7024E+01 -9.4201E-06  4.1565E-01  4.0620E-02  4.7847E-01  3.7391E-02
  5.0993E+00  1.7064E+01 -9.4719E-06  4.1578E-01  1.6295E-02  4.6857E-01 -5.1532E-03
  5.1113E+00  1.7104E+01 -9.5189E-06  4.1592E-01  4.2501E-02  4.7579E-01  3.9530E-02
  5.1232E+00  1.7144E+01 -9.5771E-06  4.1644E-01  2.8025E-02  4.7813E-01  2.3270E-02
  5.1352E+00  1.7184E+01 -9.6230E-06  4.1647E-01  1.5347E-02  4.6971E-01 -1.6752E-03
  5.1472E+00  1.7224E+01 -9.6681E-06  4.1674E-01  5.0713E-02  4.7476E-01  4.8337E-02
  5.1592E+00  1.7264E+01 -9.7173E-06  4.1718E-01  1.8278E-02  4.7655E-01  9.9570E-03
  5.1712E+00  1.7304E+01 -9.7452E-06  4.1717E-01  1.6528E-02  4.7646E-01  6.3995E-03
  5.1832E+00  1.7344E+01 -9.7653E-06  4.1756E-01  5.1460E-02  4.8276E-01  4.9112E-02
  5.1952E+00  1.7384E+01 -9.7687E-06  4.1787E-01  1.5180E-02  4.7921E-01 -3.7248E-05
  5.2072E+00  1.7424E+01 -9.7424E-06  4.1788E-01  2.2960E-02  4.7875E-01  1.7312E-02
  5.2192E+00  1.7464E+01 -9.7128E-06  4.1834E-01  4.3093E-02  4.8030E-01  4.0374E-02
  5.2312E+00  1.7504E+01 -9.6710E-06  4.1850E-01  1.6179E-02  4.7107E-01 -6.7550E-03
  5.2431E+00  1.7544E+01 -9.6176E-06  4.1855E-01  3.1750E-02  4.7778E-01  2.8072E-02
  5.2551E+00  1.7584E+01 -9.5729E-06  4.1901E-01  2.9146E-02  4.8122E-01  2.5063E-02
  5.2671E+00  1.7624E+01 -9.5173E-06  4.1902E-01  1.7186E-02  4.7089E-01 -9.2525E-03
  5.2791E+00  1.7664E+01 -9.4589E-06  4.1915E-01  3.8989E-02  4.7719E-01  3.6150E-02
  5.2911E+00  1.7704E+01 -9.4094E-06  4.1953E-01  1.6956E-02  4.7909E-01  8.6156E-03
  5.3031E+00  1.7744E+01 -9.3476E-06  4.1944E-01  1.5836E-02  4.7259E-01 -6.7375E-03
  5.3151E+00  1.7784E+01 -9.2890E-06  4.1965E-01  4.0931E-02  4.7625E-01  3.8323E-02
  5.3271E+00  1.7824E+01 -9.2355E-06  4.1990E-01  1.5271E-02  4.7569E-01 -5.3541E-03
  5.3391E+00  1.7864E+01 -9.1710E-06  4.1977E-01  1.4233E-02  4.7576E-01  1.8657E-04
  5.3511E+00  1.7904E+01 -9.1148E-06  4.2006E-01  3.5575E-02  4.7901E-01  3.2587E-02
  5.3631E+00  1.7944E+01 -9.0596E-06  4.2015E-01  2.0632E-02  4.7345E-01 -1.5113E-02
  5.3750E+00  1.7984E+01 -8.9989E-06  4.2003E-01  1.7249E-02  4.7970E-01  9.8468E-03
  5.3870E+00  1.8024E+01 -8.9538E-06  4.2034E-01  2.5002E-02  4.8428E-01  2.0548E-02
  5.3990E+00  1.8064E+01 -8.9133E-06  4.2028E-01  2.3745E-02  4.7775E-01 -1.9187E-02
  5.4110E+00  1.8104E+01 -8.8852E-06  4.2023E-01  2.4934E-02  4.8819E-01  2.0475E-02
  5.4230E+00  1.8144E+01 -8.8869E-06  4.2052E-01  1.5764E-02  4.8784E-01  6.9103E-03
  5.4350E+00  1.8184E+01 -8.8972E-06  4.2038E-01  2.1629E-02  4.7616E-01 -1.6684E-02
  5.4473E+00  1.8225E+01 -8.9208E-06  4.2045E-01  3.2387E-02  4.7910E-01  2.9304E-02
  5.4593E+00  1.8265E+01 -8.9575E-06  4.2066E-01  1.5114E-02  4.7844E-01 -6.3385E-03
  5.4713E+00  1.8305E+01 -8.9868E-06  4.2048E-01  1.5939E-02  4.7646E-01 -8.3127E-03
  5.4833E+00  1.8345E+01 -9.0235E-06  4.2067E-01  3.2817E-02  4.7888E-01  2.9858E-02
  5.4953E+00  1.8385E+01 -9.0632E-06  4.2077E-01  1.9844E-02  4.7542E-01 -1.4577E-02
  5.5072E+00  1.8425E+01 -9.0944E-06  4.2061E-01  1.3811E-02  4.7993E-01  2.7708E-03
  5.5192E+00  1.8465E+01 -9.1349E-06  4.2088E-01  2.6812E-02  4.8233E-01  2.3136E-02
  5.5312E+00  1.8505E+01 -9.1723E-06  4.2086E-01  2.2587E-02  4.7409E-01 -1.8284E-02
  5.5432E+00  1.8545E+01 -9.2043E-06  4.2078E-01  2.0146E-02  4.8203E-01  1.5020E-02
  5.5552E+00  1.8585E+01 -9.2465E-06  4.2106E-01  1.7872E-02  4.8364E-01  1.1799E-02
  5.5672E+00  1.8625E+01 -9.2809E-06  4.2095E-01  2.1841E-02  4.7440E-01 -1.7469E-02
  5.5792E+00  1.8665E+01 -9.3144E-06  4.2097E-01  2.8280E-02  4.8093E-01  2.4991E-02
  5.5912E+00  1.8705E+01 -9.3565E-06  4.2122E-01  1.3201E-02  4.8130E-01 -1.9074E-04
  5.6032E+00  1.8745E+01 -9.3885E-06  4.2105E-01  1.7782E-02  4.7753E-01 -1.2092E-02
  5.6152E+00  1.8785E+01 -9.4243E-06  4.2118E-01  3.2170E-02  4.8070E-01  2.9393E-02
  5.6272E+00  1.8825E+01 -9.4648E-06  4.2134E-01  1.6323E-02  4.7928E-01 -9.8874E-03
  5.6391E+00  1.8865E+01 -9.4954E-06  4.2118E-01  1.3285E-02  4.8078E-01 -2.8717E-03
  5.6511E+00  1.8905E+01 -9.5337E-06  4.2140E-01  2.9459E-02  4.8296E-01  2.6443E-02
  5.6631E+00  1.8945E+01 -9.5713E-06  4.2145E-01  2.0416E-02  4.7713E-01 -1.5923E-02
  5.6751E+00  1.8985E+01 -9.6016E-06  4.2132E-01  1.5431E-02  4.8397E-01  8.4598E-03
  5.6871E+00  1.9025E+01 -9.6417E-06  4.2160E-01  2.1755E-02  4.8584E-01  1.7509E-02
  5.6991E+00  1.9065E+01 -9.6762E-06  4.2154E-01  2.1525E-02  4.7656E-01 -1.7442E-02
  5.7111E+00  1.9105E+01 -9.7072E-06  4.2150E-01  2.3342E-02  4.8454E-01  1.9537E-02
  5.7231E+00  1.9145E+01 -9.7480E-06  4.2177E-01  1.4104E-02  4.8517E-01  6.0376E-03
  5.7351E+00  1.9185E+01 -9.7795E-06  4.2164E-01  1.9089E-02  4.7764E-01 -1.4431E-02
  5.7471E+00  1.9225E+01 -9.8125E-06  4.2171E-01  2.9743E-02  4.8249E-01  2.6954E-02
  5.7591E+00  1.9265E+01 -9.8523E-06  4.2191E-01  1.3397E-02  4.8205E-01 -4.7654E-03
  5.7710E+00  1.9305E+01 -9.8818E-06  4.2175E-01  1.4542E-02  4.8026E-01 -7.5634E-03
  5.7830E+00  1.9345E+01 -9.9172E-06  4.2193E-01  3.0495E-02  4.8250E-01  2.7844E-02
  5.7950E+00  1.9385E+01 -9.9546E-06  4.2203E-01  1.7537E-02  4.7920E-01 -1.2495E-02
  5.8070E+00  1.9425E+01 -9.9833E-06  4.2189E-01  1.2604E-02  4.8377E-01  2.4097E-03
  5.8190E+00  1.9465E+01 -1.0021E-05  4.2213E-01  2.5266E-02  4.8565E-01  2.2026E-02
  5.8310E+00  1.9505E+01 -1.0055E-05  4.2213E-01  2.0194E-02  4.7782E-01 -1.6144E-02
  5.8433E+00  1.9546E+01 -1.0085E-05  4.2206E-01  1.9256E-02  4.8599E-01  1.4825E-02
  5.8553E+00  1.9586E+01 -1.0124E-05  4.2233E-01  1.6188E-02  4.8687E-01  1.0555E-02
  5.8673E+00  1.9626E+01 -1.0156E-05  4.2223E-01  1.9495E-02  4.7815E-01 -1.5361E-02
  5.8793E+00  1.9666E+01 -1.0186E-05  4.2225E-01  2.6643E-02  4.8459E-01  2.3726E-02
  5.8913E+00  1.9706E+01 -1.0225E-05  4.2248E-01  1.2082E-02  4.8439E-01 -3.5540E-04
  5.9032E+00  1.9746E+01 -1.0254E-05  4.2233E-01  1.5718E-02  4.8014E-01 -1.0244E-02
  5.9152E+00  1.9786E+01 -1.0287E-05  4.2246E-01  2.9869E-02  4.8303E-01  2.7373E-02
  5.9272E+00  1.9826E+01 -1.0324E-05  4.2261E-01  1.4936E-02  4.8120E-01 -9.0696E-03
  5.9392E+00  1.9866E+01 -1.0352E-05  4.2246E-01  1.1987E-02  4.8345E-01 -1.6421E-03
  5.9512E+00  1.9906E+01 -1.0387E-05  4.2268E-01  2.7026E-02  4.8522E-01  2.4275E-02
  5.9632E+00  1.9946E+01 -1.0421E-05  4.2272E-01  1.8545E-02  4.7919E-01 -1.4397E-02
  5.9752E+00  1.9986E+01 -1.0449E-05  4.2262E-01  1.4744E-02  4.8655E-01  8.8095E-03
  5.9872E+00  2.0026E+01 -1.0486E-05  4.2287E-01  1.9765E-02  4.8777E-01  1.5844E-02
  5.9992E+00  2.0066E+01 -1.0517E-05  4.2282E-01  1.9396E-02  4.7873E-01 -1.5580E-02
  6.0112E+00  2.0106E+01 -1.0546E-05  4.2280E-01  2.2192E-02  4.8560E-01  1.8872E-02
  6.0232E+00  2.0146E+01 -1.0583E-05  4.2304E-01  1.2782E-02  4.8558E-01  5.2816E-03
  6.0351E+00  2.0186E+01 -1.0612E-05  4.2292E-01  1.7019E-02  4.7867E-01 -1.2610E-02
  6.0471E+00  2.0226E+01 -1.0642E-05  4.2300E-01  2.7870E-02  4.8332E-01  2.5386E-02
  6.0591E+00  2.0266E+01 -1.0679E-05  4.2318E-01  1.2308E-02  4.8243E-01 -4.5306E-03
  6.0711E+00  2.0306E+01 -1.0705E-05  4.2304E-01  1.2915E-02  4.8140E-01 -6.1167E-03
  6.0831E+00  2.0346E+01 -1.0738E-05  4.2321E-01  2.8207E-02  4.8332E-01  2.5808E-02
  6.0951E+00  2.0386E+01 -1.0772E-05  4.2330E-01  1.6063E-02  4.7970E-01 -1.1455E-02
  6.1071E+00  2.0426E+01 -1.0797E-05  4.2318E-01  1.1776E-02  4.8494E-01  3.1776E-03
  6.1191E+00  2.0466E+01 -1.0831E-05  4.2341E-01  2.3104E-02  4.8632E-01  2.0131E-02
  6.1311E+00  2.0506E+01 -1.0860E-05  4.2341E-01  1.8356E-02  4.7851E-01 -1.4608E-02
  6.1431E+00  2.0546E+01 -1.0883E-05  4.2335E-01  1.7573E-02  4.8721E-01  1.3478E-02
  6.1551E+00  2.0586E+01 -1.0913E-05  4.2360E-01  1.5462E-02  4.8828E-01  1.0587E-02
  6.1671E+00  2.0626E+01 -1.0928E-05  4.2351E-01  1.7841E-02  4.8194E-01 -1.3982E-02
  6.1790E+00  2.0666E+01 -1.0932E-05  4.2354E-01  2.4548E-02  4.9223E-01  2.1803E-02
  6.1910E+00  2.0706E+01 -1.0927E-05  4.2375E-01  1.1262E-02  4.9277E-01  3.1772E-04
  6.2030E+00  2.0746E+01 -1.0894E-05  4.2362E-01  1.4821E-02  4.8521E-01 -9.8839E-03
  6.2150E+00  2.0786E+01 -1.0851E-05  4.2373E-01  2.7085E-02  4.8529E-01  2.4747E-02
  6.2270E+00  2.0826E+01 -1.0803E-05  4.2386E-01  1.4100E-02  4.8242E-01 -8.9298E-03
  6.2393E+00  2.0867E+01 -1.0739E-05  4.2371E-01  1.1178E-02  4.8435E-01 -2.4181E-03
  6.2513E+00  2.0907E+01 -1.0681E-05  4.2389E-01  2.2845E-02  4.8603E-01  2.0066E-02
  6.2633E+00  2.0947E+01 -1.0620E-05  4.2389E-01  1.9273E-02  4.7971E-01 -1.6001E-02
  6.2753E+00  2.0987E+01 -1.0551E-05  4.2377E-01  1.2262E-02  4.8726E-01  5.6670E-03
  6.2873E+00  2.1027E+01 -1.0492E-05  4.2397E-01  1.5061E-02  4.8837E-01  1.0426E-02
  6.2993E+00  2.1067E+01 -1.0425E-05  4.2387E-01  2.1359E-02  4.7934E-01 -1.8525E-02
  6.3112E+00  2.1107E+01 -1.0357E-05  4.2380E-01  1.7057E-02  4.8735E-01  1.3223E-02
  6.3232E+00  2.1147E+01 -1.0296E-05  4.2396E-01  1.0785E-02  4.8718E-01 -9.7169E-04
  6.3352E+00  2.1187E+01 -1.0227E-05  4.2378E-01  2.0158E-02  4.8063E-01 -1.7171E-02
  6.3472E+00  2.1227E+01 -1.0161E-05  4.2379E-01  2.0373E-02  4.8510E-01  1.7382E-02
  6.3592E+00  2.1267E+01 -1.0101E-05  4.2387E-01  1.5585E-02  4.8411E-01 -1.1447E-02
  6.3712E+00  2.1307E+01 -1.0034E-05  4.2366E-01  1.6305E-02  4.8384E-01 -1.2446E-02
  6.3832E+00  2.1347E+01 -9.9771E-06  4.2373E-01  1.9200E-02  4.8657E-01  1.6032E-02
  6.3952E+00  2.1387E+01 -9.9288E-06  4.2372E-01  2.1583E-02  4.8527E-01 -1.8853E-02
  6.4072E+00  2.1427E+01 -9.8867E-06  4.2351E-01  1.1650E-02  4.9444E-01 -4.6796E-03
  6.4192E+00  2.1467E+01 -9.8697E-06  4.2363E-01  1.4508E-02  4.9493E-01  9.8484E-03
  6.4312E+00  2.1507E+01 -9.8665E-06  4.2352E-01  2.4220E-02  4.8378E-01 -2.1882E-02
  6.4431E+00  2.1547E+01 -9.8719E-06  4.2336E-01  1.1502E-02  4.9019E-01  4.7275E-03
  6.4551E+00  2.1587E+01 -9.8925E-06  4.2350E-01  1.0472E-02  4.8885E-01  9.2384E-04
  6.4671E+00  2.1627E+01 -9.9101E-06  4.2332E-01  2.3374E-02  4.8080E-01 -2.1018E-02
  6.4791E+00  2.1667E+01 -9.9293E-06  4.2324E-01  1.6108E-02  4.8739E-01  1.2355E-02
  6.4911E+00  2.1707E+01 -9.9560E-06  4.2334E-01  1.3202E-02  4.8610E-01 -8.2800E-03
  6.5031E+00  2.1747E+01 -9.9749E-06  4.2312E-01  1.9460E-02  4.8279E-01 -1.6585E-02
  6.5151E+00  2.1787E+01 -9.9978E-06  4.2314E-01  1.8539E-02  4.8538E-01  1.5477E-02
  6.5271E+00  2.1827E+01 -1.0024E-05  4.2317E-01  1.8618E-02  4.8307E-01 -1.5620E-02
  6.5391E+00  2.1867E+01 -1.0043E-05  4.2295E-01  1.3684E-02  4.8616E-01 -9.1625E-03
  6.5511E+00  2.1907E+01 -1.0068E-05  4.2304E-01  1.6373E-02  4.8702E-01  1.2843E-02
  6.5631E+00  2.1947E+01 -1.0092E-05  4.2298E-01  2.2443E-02  4.8123E-01 -2.0089E-02
  6.5751E+00  2.1987E+01 -1.0111E-05  4.2280E-01  1.0142E-02  4.8924E-01 -1.5266E-04
  6.5870E+00  2.2027E+01 -1.0138E-05  4.2293E-01  1.1604E-02  4.8913E-01  5.6881E-03
  6.5990E+00  2.2067E+01 -1.0160E-05  4.2279E-01  2.3251E-02  4.8090E-01 -2.1031E-02
  6.6110E+00  2.2107E+01 -1.0180E-05  4.2267E-01  1.3195E-02  4.9056E-01  8.5102E-03
  6.6230E+00  2.2147E+01 -1.0207E-05  4.2279E-01  1.0549E-02  4.8928E-01 -3.2580E-03
  6.6350E+00  2.2187E+01 -1.0227E-05  4.2260E-01  2.0907E-02  4.8340E-01 -1.8424E-02
  6.6473E+00  2.2228E+01 -1.0249E-05  4.2258E-01  1.7532E-02  4.8773E-01  1.4440E-02
  6.6593E+00  2.2268E+01 -1.0275E-05  4.2264E-01  1.5836E-02  4.8596E-01 -1.2375E-02
  6.6713E+00  2.2308E+01 -1.0294E-05  4.2242E-01  1.5526E-02  4.8656E-01 -1.1990E-02
  6.6833E+00  2.2348E+01 -1.0317E-05  4.2248E-01  1.7261E-02  4.8772E-01  1.4166E-02
  6.6953E+00  2.2388E+01 -1.0342E-05  4.2246E-01  2.0376E-02  4.8359E-01 -1.7891E-02
  6.7073E+00  2.2428E+01 -1.0360E-05  4.2227E-01  1.0543E-02  4.9005E-01 -3.7541E-03
  6.7192E+00  2.2468E+01 -1.0385E-05  4.2238E-01  1.3213E-02  4.9018E-01  8.8267E-03
  6.7312E+00  2.2508E+01 -1.0407E-05  4.2228E-01  2.2336E-02  4.8268E-01 -2.0142E-02
  6.7432E+00  2.2548E+01 -1.0426E-05  4.2215E-01  1.1054E-02  4.9160E-01  5.1074E-03
  6.7552E+00  2.2588E+01 -1.0452E-05  4.2227E-01  9.7723E-03  4.9050E-01  5.1281E-04
  6.7672E+00  2.2628E+01 -1.0472E-05  4.2210E-01  2.1409E-02  4.8330E-01 -1.9143E-02
  6.7792E+00  2.2668E+01 -1.0492E-05  4.2204E-01  1.5419E-02  4.8969E-01  1.1996E-02
  6.7912E+00  2.2708E+01 -1.0518E-05  4.2213E-01  1.2502E-02  4.8801E-01 -7.9710E-03
  6.8032E+00  2.2748E+01 -1.0536E-05  4.2193E-01  1.7665E-02  4.8546E-01 -1.4860E-02
  6.8152E+00  2.2788E+01 -1.0558E-05  4.2195E-01  1.7435E-02  4.8774E-01  1.4572E-02
  6.8272E+00  2.2828E+01 -1.0583E-05  4.2198E-01  1.7457E-02  4.8516E-01 -1.4646E-02
  6.8392E+00  2.2868E+01 -1.0600E-05  4.2178E-01  1.2348E-02  4.8885E-01 -7.8372E-03
  6.8511E+00  2.2908E+01 -1.0624E-05  4.2187E-01  1.5172E-02  4.8933E-01  1.1806E-02
  6.8631E+00  2.2948E+01 -1.0647E-05  4.2181E-01  2.0860E-02  4.8350E-01 -1.8627E-02
  6.8751E+00  2.2988E+01 -1.0664E-05  4.2165E-01  9.5414E-03  4.9180E-01  5.8173E-04
  6.8871E+00  2.3028E+01 -1.0690E-05  4.2177E-01  1.0713E-02  4.9111E-01  4.9727E-03
  6.8991E+00  2.3068E+01 -1.0710E-05  4.2164E-01  2.1451E-02  4.8332E-01 -1.9325E-02
  6.9111E+00  2.3108E+01 -1.0728E-05  4.2154E-01  1.2734E-02  4.9163E-01  8.5394E-03
  6.9231E+00  2.3148E+01 -1.0754E-05  4.2165E-01  9.9755E-03  4.8986E-01 -3.3637E-03
  6.9351E+00  2.3188E+01 -1.0772E-05  4.2147E-01  1.9121E-02  4.8468E-01 -1.6727E-02
  6.9471E+00  2.3228E+01 -1.0792E-05  4.2145E-01  1.6395E-02  4.8896E-01  1.3487E-02
  6.9591E+00  2.3268E+01 -1.0817E-05  4.2151E-01  1.4372E-02  4.8697E-01 -1.0988E-02
  6.9711E+00  2.3308E+01 -1.0834E-05  4.2132E-01  1.4626E-02  4.8753E-01 -1.1332E-02
  6.9831E+00  2.3348E+01 -1.0856E-05  4.2137E-01  1.6357E-02  4.8856E-01  1.3494E-02
  6.9950E+00  2.3388E+01 -1.0879E-05  4.2136E-01  1.8669E-02  4.8464E-01 -1.6274E-02
  7.0070E+00  2.3428E+01 -1.0896E-05  4.2118E-01  9.6550E-03  4.9103E-01 -2.7945E-03
  7.0190E+00  2.3468E+01 -1.0922E-05  4.2142E-01  3.9219E-02  4.8895E-01  3.8128E-02
  7.0310E+00  2.3508E+01 -1.0957E-05  4.2193E-01  4.5034E-02  4.8674E-01  4.4099E-02
  7.0430E+00  2.3548E+01 -1.0993E-05  4.2246E-01  4.4250E-02  4.8702E-01  4.3299E-02
  7.0550E+00  2.3588E+01 -1.1028E-05  4.2297E-01  4.4048E-02  4.8714E-01  4.3093E-02
  7.0673E+00  2.3629E+01 -1.1064E-05  4.2350E-01  4.4056E-02  4.8718E-01  4.3104E-02
  7.0793E+00  2.3669E+01 -1.1100E-05  4.2402E-01  4.4063E-02  4.8722E-01  4.3114E-02
  7.0913E+00  2.3709E+01 -1.1135E-05  4.2454E-01  4.4071E-02  4.8726E-01  4.3124E-02
  7.1033E+00  2.3749E+01 -1.1170E-05  4.2505E-01  4.4079E-02  4.8730E-01  4.3135E-02
  7.1153E+00  2.3789E+01 -1.1206E-05  4.2557E-01  4.4087E-02  4.8734E-01  4.3145E-02
  7.1272E+00  2.3829E+01 -1.1241E-05  4.2609E-01  4.4095E-02  4.8737E-01  4.3155E-02
  7.1392E+00  2.3869E+01 -1.1276E-05  4.2660E-01  4.4103E-02  4.8741E-01  4.3165E-02
  7.1512E+00  2.3909E+01 -1.1312E-05  4.2712E-01  4.4111E-02  4.8745E-01  4.3175E-02
  7.1632E+00  2.3949E+01 -1.1347E-05  4.2764E-01  4.4118E-02  4.8749E-01  4.3186E-02
  7.1752E+00  2.3989E+01 -1.1382E-05  4.2816E-01  4.4126E-02  4.8753E-01  4.3196E-02
  7.1872E+00  2.4029E+01 -1.1418E-05  4.2868E-01  4.4134E-02  4.8756E-01  4.3206E-02
  7.1992E+00  2.4069E+01 -1.1453E-05  4.2919E-01  4.4142E-02  4.8760E-01  4.3216E-02
  7.2112E+00  2.4109E+01 -1.1488E-05  4.2971E-01  4.4150E-02  4.8764E-01  4.3226E-02
  7.2232E+00  2.4149E+01 -1.1524E-05  4.3023E-01  4.4157E-02  4.8768E-01  4.3236E-02
  7.2352E+00  2.4189E+01 -1.1559E-05  4.3075E-01  4.4165E-02  4.8772E-01  4.3246E-02
  7.2472E+00  2.4229E+01 -1.1595E-05  4.3127E-01  4.4173E-02  4.8775E-01  4.3256E-02
  7.2592E+00  2.4269E+01 -1.1630E-05  4.3179E-01  4.4181E-02  4.8779E-01  4.3266E-02
  7.2711E+00  2.4309E+01 -1.1665E-05  4.3230E-01  4.4188E-02  4.8783E-01  4.3276E-02
  7.2831E+00  2.4349E+01 -1.1701E-05  4.3282E-01  4.4196E-02  4.8786E-01  4.3286E-02
  7.2951E+00  2.4389E+01 -1.1736E-05  4.3334E-01  4.4204E-02  4.8790E-01  4.3296E-02
  7.3071E+00  2.4429E+01 -1.1771E-05  4.3386E-01  4.4212E-02  4.8794E-01  4.3306E-02
  7.3191E+00  2.4469E+01 -1.1807E-05  4.3438E-01  4.4219E-02  4.8797E-01  4.3316E-02
  7.3311E+00  2.4509E+01 -1.1842E-05  4.3490E-01  4.4227E-02  4.8801E-01  4.3326E-02
  7.3431E+00  2.4549E+01 -1.1877E-05  4.3542E-01  4.4235E-02  4.8805E-01  4.3336E-02
  7.3551E+00  2.4589E+01 -1.1913E-05  4.3594E-01  4.4242E-02  4.8808E-01  4.3345E-02
  7.3671E+00  2.4629E+01 -1.1948E-05  4.3646E-01  4.4250E-02  4.8812E-01  4.3355E-02
  7.3791E+00  2.4669E+01 -1.1984E-05  4.3698E-01  4.4258E-02  4.8816E-01  4.3365E-02
  7.3911E+00  2.4709E+01 -1.2019E-05  4.3750E-01  4.4265E-02  4.8819E-01  4.3375E-02
  7.4030E+00  2.4749E+01 -1.2054E-05  4.3802E-01  4.4273E-02  4.8823E-01  4.3385E-02
  7.4150E+00  2.4789E+01 -1.2090E-05  4.3854E-01  4.4281E-02  4.8827E-01  4.3395E-02
  7.4270E+00  2.4829E+01 -1.2125E-05  4.3906E-01  4.4288E-02  4.8830E-01  4.3404E-02
  7.4390E+00  2.4869E+01 -1.2160E-05  4.3958E-01  4.4296E-02  4.8834E-01  4.3414E-02
  7.4510E+00  2.4909E+01 -1.2196E-05  4.4010E-01  4.4304E-02  4.8837E-01  4.3424E-02
  7.4630E+00  2.4949E+01 -1.2231E-05  4.4062E-01  4.4311E-02  4.8841E-01  4.3434E-02
  7.4753E+00  2.4990E+01 -1.2267E-05  4.4115E-01  4.4319E-02  4.8845E-01  4.3443E-02
  7.4873E+00  2.5030E+01 -1.2303E-05  4.4168E-01  4.4327E-02  4.8848E-01  4.3453E-02
  7.4993E+00  2.5070E+01 -1.2338E-05  4.4220E-01  4.4334E-02  4.8852E-01  4.3463E-02
  7.5113E+00  2.5110E+01 -1.2374E-05  4.4272E-01  4.4342E-02  4.8855E-01  4.3473E-02
  7.5233E+00  2.5150E+01 -1.2409E-05  4.4324E-01  4.4349E-02  4.8859E-01  4.3482E-02
  7.5353E+00  2.5190E+01 -1.2444E-05  4.4376E-01  4.4357E-02  4.8862E-01  4.3492E-02
  7.5472E+00  2.5230E+01 -1.2480E-05  4.4428E-01  4.4364E-02  4.8866E-01  4.3501E-02
  7.5592E+00  2.5270E+01 -1.2515E-05  4.4480E-01  4.4372E-02  4.8870E-01  4.3511E-02
  7.5712E+00  2.5310E+01 -1.2551E-05  4.4532E-01  4.4379E-02  4.8873E-01  4.3521E-02
  7.5832E+00  2.5350E+01 -1.2586E-05  4.4585E-01  4.4387E-02  4.8877E-01  4.3530E-02
  7.5952E+00  2.5390E+01 -1.2622E-05  4.4637E-01  4.4394E-02  4.8880E-01  4.3540E-02
  7.6072E+00  2.5430E+01 -1.2657E-05  4.4689E-01  4.4402E-02  4.8883E-01  4.3549E-02
  7.6192E+00  2.5470E+01 -1.2692E-05  4.4741E-01  4.4409E-02  4.8887E-01  4.3559E-02
  7.6312E+00  2.5510E+01 -1.2728E-05  4.4793E-01  4.4417E-02  4.8890E-01  4.3568E-02
  7.6432E+00  2.5550E+01 -1.2763E-05  4.4846E-01  4.4424E-02  4.8894E-01  4.3578E-02
  7.6552E+00  2.5590E+01 -1.2799E-05  4.4898E-01  4.4432E-02  4.8897E-01  4.3587E-02
  7.6672E+00  2.5630E+01 -1.2834E-05  4.4950E-01  4.4439E-02  4.8901E-01  4.3597E-02
  7.6791E+00  2.5670E+01 -1.2870E-05  4.5003E-01  4.4447E-02  4.8904E-01  4.3606E-02
  7.6911E+00  2.5710E+01 -1.2905E-05  4.5055E-01  4.4454E-02  4.8908E-01  4.3616E-02
  7.7031E+00  2.5750E+01 -1.2940E-05  4.5107E-01  4.4462E-02  4.8911E-01  4.3625E-02
  7.7151E+00  2.5790E+01 -1.2976E-05  4.5159E-01  4.4469E-02  4.8915E-01  4.3634E-02
  7.7271E+00  2.5830E+01 -1.3011E-05  4.5212E-01  4.4477E-02  4.8918E-01  4.3644E-02
  7.7391E+00  2.5870E+01 -1.3047E-05  4.5264E-01  4.4484E-02  4.8921E-01  4.3653E-02
  7.7511E+00  2.5910E+01 -1.3082E-05  4.5316E-01  4.4491E-02  4.8925E-01  4.3663E-02
  7.7631E+00  2.5950E+01 -1.3118E-05  4.5369E-01  4.4499E-02  4.8928E-01  4.3672E-02
  7.7751E+00  2.5990E+01 -1.3153E-05  4.5421E-01  4.4506E-02  4.8932E-01  4.3681E-02
  7.7871E+00  2.6030E+01 -1.3189E-05  4.5473E-01  4.4513E-02  4.8935E-01  4.3691E-02
  7.7991E+00  2.6070E+01 -1.3224E-05  4.5526E-01  4.4521E-02  4.8938E-01  4.3700E-02
  7.8111E+00  2.6110E+01 -1.3259E-05  4.5578E-01  4.4528E-02  4.8942E-01  4.3709E-02
  7.8230E+00  2.6150E+01 -1.3295E-05  4.5631E-01  4.4536E-02  4.8945E-01  4.3719E-02
  7.8350E+00  2.6190E+01 -1.3330E-05  4.5683E-01  4.4543E-02  4.8948E-01  4.3728E-02
  7.8470E+00  2.6230E+01 -1.3366E-05  4.5735E-01  4.4550E-02  4.8952E-01  4.3737E-02
  7.8590E+00  2.6270E+01 -1.3401E-05  4.5788E-01  4.4558E-02  4.8955E-01  4.3746E-02
  7.8710E+00  2.6310E+01 -1.3437E-05  4.5840E-01  4.4565E-02  4.8958E-01  4.3756E-02
  7.8830E+00  2.6350E+01 -1.3472E-05  4.5893E-01  4.4572E-02  4.8962E-01  4.3765E-02
  7.8953E+00  2.6391E+01 -1.3509E-05  4.5947E-01  4.4580E-02  4.8965E-01  4.3774E-02
  7.9073E+00  2.6431E+01 -1.3544E-05  4.5999E-01  4.4587E-02  4.8968E-01  4.3783E-02
  7.9193E+00  2.6471E+01 -1.3580E-05  4.6052E-01  4.4594E-02  4.8972E-01  4.3792E-02
  7.9313E+00  2.6511E+01 -1.3615E-05  4.6104E-01  4.4602E-02  4.8975E-01  4.3802E-02
  7.9433E+00  2.6551E+01 -1.3651E-05  4.6157E-01  4.4609E-02  4.8978E-01  4.3811E-02
  7.9553E+00  2.6591E+01 -1.3686E-05  4.6209E-01  4.4878E-02  4.8973E-01  4.4087E-02
  7.9672E+00  2.6631E+01 -1.3722E-05  4.6263E-01  4.5803E-02  4.8952E-01  4.5031E-02
  7.9792E+00  2.6671E+01 -1.3757E-05  4.6314E-01  3.7812E-02  4.9341E-01  3.6860E-02
  7.9912E+00  2.6711E+01 -1.3783E-05  4.6330E-01  1.7753E-02  4.9898E-01 -1.5578E-02
  8.0032E+00  2.6751E+01 -1.3793E-05  4.6294E-01  3.1998E-02  4.8663E-01 -3.0909E-02
  8.0152E+00  2.6791E+01 -1.3807E-05  4.6280E-01  1.0460E-02  4.9128E-01  6.3194E-03
  8.0272E+00  2.6831E+01 -1.3826E-05  4.6274E-01  2.6783E-02  4.9239E-01 -2.5454E-02
  8.0392E+00  2.6871E+01 -1.3835E-05  4.6237E-01  2.4963E-02  4.9115E-01 -2.3547E-02
  8.0512E+00  2.6911E+01 -1.3852E-05  4.6232E-01  1.0077E-02  4.9357E-01  5.7016E-03
  8.0632E+00  2.6951E+01 -1.3868E-05  4.6216E-01  3.2601E-02  4.8708E-01 -3.1558E-02
  8.0752E+00  2.6991E+01 -1.3876E-05  4.6182E-01  1.6245E-02  4.9607E-01 -1.3962E-02
  8.0872E+00  2.7031E+01 -1.3895E-05  4.6183E-01  8.3911E-03  5.0021E-01 -7.6697E-04
  8.0991E+00  2.7071E+01 -1.3908E-05  4.6158E-01  3.4714E-02  4.8482E-01 -3.3762E-02
  8.1111E+00  2.7111E+01 -1.3917E-05  4.6130E-01  9.1338E-03  4.9741E-01 -3.8920E-03
  8.1231E+00  2.7151E+01 -1.3937E-05  4.6132E-01  1.3319E-02  5.0126E-01 -1.0410E-02
  8.1351E+00  2.7191E+01 -1.3946E-05  4.6100E-01  3.2966E-02  4.8561E-01 -3.1974E-02
  8.1471E+00  2.7231E+01 -1.3955E-05  4.6081E-01  9.0156E-03  4.9368E-01  3.8778E-03
  8.1591E+00  2.7271E+01 -1.3970E-05  4.6079E-01  2.1796E-02  4.9658E-01 -2.0208E-02
  8.1711E+00  2.7311E+01 -1.3969E-05  4.6043E-01  2.7909E-02  4.9076E-01 -2.6723E-02
  8.1831E+00  2.7351E+01 -1.3966E-05  4.6034E-01  1.0378E-02  4.9474E-01  6.4932E-03
  8.1951E+00  2.7391E+01 -1.3955E-05  4.6024E-01  2.8880E-02  4.9262E-01 -2.7738E-02
  8.2071E+00  2.7431E+01 -1.3925E-05  4.5989E-01  2.0286E-02  4.9527E-01 -1.8616E-02
  8.2191E+00  2.7471E+01 -1.3897E-05  4.5987E-01  8.5756E-03  4.9733E-01  2.8804E-03
  8.2311E+00  2.7511E+01 -1.3861E-05  4.5968E-01  3.2959E-02  4.8607E-01 -3.2004E-02
  8.2430E+00  2.7551E+01 -1.3818E-05  4.5937E-01  1.2153E-02  4.9759E-01 -9.1148E-03
  8.2550E+00  2.7591E+01 -1.3783E-05  4.5938E-01  9.8016E-03  5.0167E-01 -5.5371E-03
  8.2670E+00  2.7631E+01 -1.3741E-05  4.5910E-01  3.3669E-02  4.8517E-01 -3.2753E-02
  8.2790E+00  2.7671E+01 -1.3697E-05  4.5886E-01  7.9749E-03  4.9619E-01 -5.3044E-04
  8.2910E+00  2.7711E+01 -1.3661E-05  4.5886E-01  1.7469E-02  4.9916E-01 -1.5536E-02
  8.3033E+00  2.7752E+01 -1.3614E-05  4.5851E-01  3.0228E-02  4.8759E-01 -2.9210E-02
  8.3153E+00  2.7792E+01 -1.3573E-05  4.5837E-01  9.1736E-03  4.9180E-01  4.7801E-03
  8.3273E+00  2.7832E+01 -1.3536E-05  4.5829E-01  2.6362E-02  4.9223E-01 -2.5176E-02
  8.3393E+00  2.7872E+01 -1.3490E-05  4.5793E-01  2.3915E-02  4.9209E-01 -2.2609E-02
  8.3513E+00  2.7912E+01 -1.3452E-05  4.5788E-01  8.5619E-03  4.9430E-01  3.5004E-03
  8.3633E+00  2.7952E+01 -1.3415E-05  4.5771E-01  3.1870E-02  4.8746E-01 -3.0929E-02
  8.3752E+00  2.7992E+01 -1.3372E-05  4.5737E-01  1.6029E-02  4.9703E-01 -1.3993E-02
  8.3872E+00  2.8032E+01 -1.3342E-05  4.5736E-01  8.4224E-03  5.0105E-01 -3.0136E-03
  8.3992E+00  2.8072E+01 -1.3312E-05  4.5711E-01  3.3868E-02  4.8760E-01 -3.2997E-02
  8.4112E+00  2.8112E+01 -1.3287E-05  4.5683E-01  9.2512E-03  5.0100E-01 -4.9365E-03
  8.4232E+00  2.8152E+01 -1.3283E-05  4.5683E-01  1.4418E-02  5.0304E-01 -1.2100E-02
  8.4352E+00  2.8192E+01 -1.3279E-05  4.5650E-01  3.2112E-02  4.8753E-01 -3.1204E-02
  8.4472E+00  2.8232E+01 -1.3282E-05  4.5632E-01  7.9190E-03  4.9418E-01  1.9920E-03
  8.4592E+00  2.8272E+01 -1.3296E-05  4.5627E-01  2.2408E-02  4.9550E-01 -2.1055E-02
  8.4712E+00  2.8312E+01 -1.3301E-05  4.5592E-01  2.7239E-02  4.8995E-01 -2.6168E-02
  8.4832E+00  2.8352E+01 -1.3313E-05  4.5581E-01  8.6100E-03  4.9217E-01  4.0820E-03
  8.4952E+00  2.8392E+01 -1.3327E-05  4.5569E-01  2.8782E-02  4.8969E-01 -2.7781E-02
  8.5072E+00  2.8432E+01 -1.3333E-05  4.5535E-01  1.9941E-02  4.9487E-01 -1.8442E-02
  8.5191E+00  2.8472E+01 -1.3348E-05  4.5531E-01  7.6292E-03  4.9721E-01  5.8819E-04
  8.5311E+00  2.8512E+01 -1.3360E-05  4.5511E-01  3.2157E-02  4.8638E-01 -3.1289E-02
  8.5431E+00  2.8552E+01 -1.3367E-05  4.5481E-01  1.2041E-02  4.9824E-01 -9.3510E-03
  8.5551E+00  2.8592E+01 -1.3384E-05  4.5480E-01  1.0382E-02  5.0114E-01 -7.0576E-03
  8.5671E+00  2.8632E+01 -1.3393E-05  4.5452E-01  3.2312E-02  4.8592E-01 -3.1461E-02
  8.5791E+00  2.8672E+01 -1.3402E-05  4.5430E-01  7.6051E-03  4.9654E-01 -1.2098E-03
  8.5911E+00  2.8712E+01 -1.3419E-05  4.5427E-01  1.7647E-02  4.9836E-01 -1.5963E-02
  8.6031E+00  2.8752E+01 -1.3426E-05  4.5394E-01  2.9135E-02  4.8892E-01 -2.8190E-02
  8.6151E+00  2.8792E+01 -1.3437E-05  4.5380E-01  8.1890E-03  4.9326E-01  3.4879E-03
  8.6271E+00  2.8832E+01 -1.3453E-05  4.5373E-01  2.4785E-02  4.9329E-01 -2.3656E-02
  8.6391E+00  2.8872E+01 -1.3459E-05  4.5339E-01  2.3114E-02  4.9324E-01 -2.1906E-02
  8.6510E+00  2.8912E+01 -1.3473E-05  4.5332E-01  7.9324E-03  4.9491E-01  2.8955E-03
  8.6630E+00  2.8952E+01 -1.3486E-05  4.5317E-01  2.9741E-02  4.8873E-01 -2.8837E-02
  8.6750E+00  2.8992E+01 -1.3492E-05  4.5285E-01  1.5578E-02  4.9791E-01 -1.3710E-02
  8.6870E+00  2.9032E+01 -1.3508E-05  4.5284E-01  7.8810E-03  5.0042E-01 -2.6606E-03
  8.6990E+00  2.9072E+01 -1.3519E-05  4.5260E-01  3.1542E-02  4.8689E-01 -3.0709E-02
  8.7110E+00  2.9112E+01 -1.3526E-05  4.5234E-01  8.9601E-03  4.9913E-01 -5.1040E-03
  8.7233E+00  2.9153E+01 -1.3543E-05  4.5233E-01  1.3981E-02  5.0072E-01 -1.1878E-02
  8.7353E+00  2.9193E+01 -1.3551E-05  4.5203E-01  2.9713E-02  4.8800E-01 -2.8835E-02
  8.7473E+00  2.9233E+01 -1.3561E-05  4.5186E-01  7.5286E-03  4.9485E-01  2.0161E-03
  8.7593E+00  2.9273E+01 -1.3577E-05  4.5181E-01  2.1361E-02  4.9566E-01 -2.0092E-02
  8.7713E+00  2.9313E+01 -1.3583E-05  4.5148E-01  2.5051E-02  4.9151E-01 -2.4002E-02
  8.7833E+00  2.9353E+01 -1.3595E-05  4.5139E-01  8.0474E-03  4.9342E-01  3.6218E-03
  8.7952E+00  2.9393E+01 -1.3609E-05  4.5127E-01  2.7129E-02  4.9041E-01 -2.6176E-02
  8.8072E+00  2.9433E+01 -1.3615E-05  4.5095E-01  1.8204E-02  4.9635E-01 -1.6721E-02
  8.8192E+00  2.9473E+01 -1.3630E-05  4.5092E-01  7.2104E-03  4.9820E-01  7.5062E-05
  8.8312E+00  2.9513E+01 -1.3641E-05  4.5072E-01  3.0087E-02  4.8753E-01 -2.9252E-02
  8.8432E+00  2.9553E+01 -1.3648E-05  4.5045E-01  1.0955E-02  4.9942E-01 -8.2615E-03
  8.8552E+00  2.9593E+01 -1.3664E-05  4.5044E-01  1.0175E-02  5.0144E-01 -7.1790E-03
  8.8672E+00  2.9633E+01 -1.3672E-05  4.5017E-01  3.0057E-02  4.8735E-01 -2.9233E-02
  8.8792E+00  2.9673E+01 -1.3681E-05  4.4997E-01  7.1687E-03  4.9744E-01 -8.2687E-04
  8.8912E+00  2.9713E+01 -1.3696E-05  4.4994E-01  1.7004E-02  4.9846E-01 -1.5440E-02
  8.9032E+00  2.9753E+01 -1.3703E-05  4.4964E-01  2.6946E-02  4.8964E-01 -2.6026E-02
  8.9152E+00  2.9793E+01 -1.3714E-05  4.4951E-01  7.7414E-03  4.9352E-01  3.2617E-03
  8.9272E+00  2.9833E+01 -1.3728E-05  4.4943E-01  2.3535E-02  4.9294E-01 -2.2470E-02
  8.9391E+00  2.9873E+01 -1.3734E-05  4.4911E-01  2.1231E-02  4.9396E-01 -2.0045E-02
  8.9511E+00  2.9913E+01 -1.3747E-05  4.4906E-01  7.3963E-03  4.9530E-01  2.3810E-03
  8.9631E+00  2.9953E+01 -1.3760E-05  4.4890E-01  2.7986E-02  4.8884E-01 -2.7123E-02
  8.9751E+00  2.9993E+01 -1.3766E-05  4.4861E-01  1.4200E-02  4.9844E-01 -1.2346E-02
  8.9871E+00  3.0033E+01 -1.3781E-05  4.4860E-01  7.6516E-03  5.0027E-01 -3.0222E-03
  8.9991E+00  3.0073E+01 -1.3790E-05  4.4837E-01  2.9492E-02  4.8731E-01 -2.8690E-02
  9.0111E+00  3.0113E+01 -1.3797E-05  4.4814E-01  8.2347E-03  4.9855E-01 -4.3784E-03
  9.0231E+00  3.0153E+01 -1.3813E-05  4.4813E-01  1.2815E-02  4.9963E-01 -1.0749E-02
  9.0351E+00  3.0193E+01 -1.3820E-05  4.4785E-01  2.7932E-02  4.8759E-01 -2.7093E-02
  9.0471E+00  3.0233E+01 -1.3830E-05  4.4768E-01  7.0575E-03  4.9467E-01  1.5818E-03
  9.0591E+00  3.0273E+01 -1.3844E-05  4.4764E-01  1.9687E-02  4.9497E-01 -1.8449E-02
  9.0711E+00  3.0313E+01 -1.3850E-05  4.4733E-01  2.3737E-02  4.9093E-01 -2.2743E-02
  9.0830E+00  3.0353E+01 -1.3862E-05  4.4724E-01  7.5746E-03  4.9278E-01  3.3153E-03
  9.0950E+00  3.0393E+01 -1.3875E-05  4.4713E-01  2.5168E-02  4.8998E-01 -2.4243E-02
  9.1070E+00  3.0433E+01 -1.3880E-05  4.4683E-01  1.7445E-02  4.9567E-01 -1.6056E-02
  9.1190E+00  3.0473E+01 -1.3893E-05  4.4680E-01  6.8311E-03  4.9696E-01  2.2975E-04
  9.1310E+00  3.0513E+01 -1.3903E-05  4.4662E-01  2.8079E-02  4.8721E-01 -2.7273E-02
  9.1433E+00  3.0554E+01 -1.3907E-05  4.4636E-01  1.0002E-02  4.9906E-01 -7.3107E-03
  9.1553E+00  3.0594E+01 -1.3919E-05  4.4635E-01  9.9870E-03  5.0052E-01 -7.2817E-03
  9.1673E+00  3.0634E+01 -1.3920E-05  4.4610E-01  2.8071E-02  4.8827E-01 -2.7272E-02
  9.1793E+00  3.0674E+01 -1.3916E-05  4.4591E-01  6.8061E-03  4.9914E-01 -5.1131E-04
  9.1913E+00  3.0714E+01 -1.3910E-05  4.4588E-01  1.6456E-02  4.9977E-01 -1.4993E-02
  9.2033E+00  3.0754E+01 -1.3887E-05  4.4559E-01  2.5074E-02  4.9105E-01 -2.4176E-02
  9.2152E+00  3.0794E+01 -1.3861E-05  4.4548E-01  7.2901E-03  4.9347E-01  2.9411E-03
  9.2272E+00  3.0834E+01 -1.3833E-05  4.4540E-01  2.2578E-02  4.9201E-01 -2.1580E-02
  9.2392E+00  3.0874E+01 -1.3795E-05  4.4510E-01  1.9788E-02  4.9381E-01 -1.8638E-02
  9.2512E+00  3.0914E+01 -1.3763E-05  4.4504E-01  6.8434E-03  4.9487E-01  1.6124E-03
  9.2632E+00  3.0954E+01 -1.3729E-05  4.4489E-01  2.6792E-02  4.8817E-01 -2.5980E-02
  9.2752E+00  3.0994E+01 -1.3689E-05  4.4462E-01  1.3375E-02  4.9807E-01 -1.1596E-02
  9.2872E+00  3.1034E+01 -1.3658E-05  4.4460E-01  7.7114E-03  4.9937E-01 -3.8655E-03
  9.2992E+00  3.1074E+01 -1.3621E-05  4.4437E-01  2.8254E-02  4.8691E-01 -2.7498E-02
  9.3112E+00  3.1114E+01 -1.3582E-05  4.4415E-01  7.9709E-03  4.9864E-01 -4.4170E-03
  9.3232E+00  3.1154E+01 -1.3551E-05  4.4413E-01  1.3152E-02  4.9905E-01 -1.1359E-02
  9.3352E+00  3.1194E+01 -1.3512E-05  4.4385E-01  2.6851E-02  4.8815E-01 -2.6059E-02
  9.3472E+00  3.1234E+01 -1.3476E-05  4.4369E-01  6.5884E-03  4.9472E-01  7.4677E-04
  9.3591E+00  3.1274E+01 -1.3445E-05  4.4364E-01  1.9803E-02  4.9452E-01 -1.8694E-02
  9.3711E+00  3.1314E+01 -1.3407E-05  4.4334E-01  2.2977E-02  4.9168E-01 -2.2044E-02
  9.3831E+00  3.1354E+01 -1.3377E-05  4.4324E-01  6.7631E-03  4.9355E-01  1.8886E-03
  9.3951E+00  3.1394E+01 -1.3352E-05  4.4312E-01  2.4987E-02  4.9123E-01 -2.4140E-02
  9.4071E+00  3.1434E+01 -1.3327E-05  4.4283E-01  1.7113E-02  4.9881E-01 -1.5815E-02
  9.4191E+00  3.1474E+01 -1.3317E-05  4.4279E-01  6.6752E-03  4.9955E-01 -1.3535E-03
  9.4311E+00  3.1514E+01 -1.3313E-05  4.4260E-01  2.7609E-02  4.8874E-01 -2.6861E-02
  9.4431E+00  3.1554E+01 -1.3312E-05  4.4234E-01  1.0665E-02  4.9963E-01 -8.4462E-03
  9.4551E+00  3.1594E+01 -1.3321E-05  4.4232E-01  1.0083E-02  4.9980E-01 -7.7054E-03
  9.4671E+00  3.1634E+01 -1.3326E-05  4.4207E-01  2.7574E-02  4.8749E-01 -2.6837E-02
  9.4791E+00  3.1674E+01 -1.3332E-05  4.4188E-01  6.7392E-03  4.9726E-01 -1.9697E-03
  9.4911E+00  3.1714E+01 -1.3345E-05  4.4184E-01  1.6227E-02  4.9690E-01 -1.4899E-02
  9.5030E+00  3.1754E+01 -1.3350E-05  4.4156E-01  2.4843E-02  4.8975E-01 -2.4025E-02
  9.5150E+00  3.1794E+01 -1.3359E-05  4.4143E-01  6.5460E-03  4.9335E-01  1.5517E-03
  9.5270E+00  3.1834E+01 -1.3371E-05  4.4134E-01  2.1947E-02  4.9203E-01 -2.1013E-02
  9.5390E+00  3.1874E+01 -1.3375E-05  4.4105E-01  1.9820E-02  4.9393E-01 -1.8778E-02
  9.5510E+00  3.1914E+01 -1.3386E-05  4.4099E-01  6.3817E-03  4.9460E-01  7.1743E-04
  9.5630E+00  3.1954E+01 -1.3396E-05  4.4084E-01  2.5829E-02  4.8850E-01 -2.5061E-02
  9.5753E+00  3.1995E+01 -1.3401E-05  4.4056E-01  1.2895E-02  4.9857E-01 -1.1214E-02
  9.5873E+00  3.2035E+01 -1.3414E-05  4.4054E-01  7.9462E-03  4.9902E-01 -4.7593E-03
  9.5993E+00  3.2075E+01 -1.3421E-05  4.4032E-01  2.7140E-02  4.8728E-01 -2.6422E-02
  9.6113E+00  3.2115E+01 -1.3427E-05  4.4010E-01  7.6784E-03  4.9952E-01 -4.3242E-03
  9.6233E+00  3.2155E+01 -1.3440E-05  4.4008E-01  1.3226E-02  4.9905E-01 -1.1614E-02
  9.6352E+00  3.2195E+01 -1.3446E-05  4.3981E-01  2.5476E-02  4.8945E-01 -2.4711E-02
  9.6472E+00  3.2235E+01 -1.3454E-05  4.3966E-01  6.2831E-03  4.9551E-01  5.3118E-04
  9.6592E+00  3.2275E+01 -1.3466E-05  4.3960E-01  1.9259E-02  4.9466E-01 -1.8220E-02
  9.6712E+00  3.2315E+01 -1.3471E-05  4.3931E-01  2.1530E-02  4.9293E-01 -2.0616E-02
  9.6832E+00  3.2355E+01 -1.3481E-05  4.3923E-01  6.3895E-03  4.9409E-01  1.5048E-03
  9.6952E+00  3.2395E+01 -1.3491E-05  4.3911E-01  2.3845E-02  4.9048E-01 -2.3037E-02
  9.7072E+00  3.2435E+01 -1.3496E-05  4.3883E-01  1.5825E-02  4.9750E-01 -1.4547E-02
  9.7192E+00  3.2475E+01 -1.3507E-05  4.3879E-01  6.4498E-03  4.9782E-01 -1.6920E-03
  9.7312E+00  3.2515E+01 -1.3516E-05  4.3861E-01  2.6111E-02  4.8839E-01 -2.5390E-02
  9.7432E+00  3.2555E+01 -1.3521E-05  4.3837E-01  9.8229E-03  5.0013E-01 -7.5951E-03
  9.7552E+00  3.2595E+01 -1.3533E-05  4.3835E-01  9.9463E-03  4.9989E-01 -7.7637E-03
  9.7672E+00  3.2635E+01 -1.3540E-05  4.3811E-01  2.5933E-02  4.8863E-01 -2.5213E-02
  9.7791E+00  3.2675E+01 -1.3546E-05  4.3793E-01  6.3806E-03  4.9793E-01 -1.6277E-03
  9.7911E+00  3.2715E+01 -1.3559E-05  4.3790E-01  1.5750E-02  4.9699E-01 -1.4501E-02
  9.8031E+00  3.2755E+01 -1.3563E-05  4.3763E-01  2.3235E-02  4.9101E-01 -2.2430E-02
  9.8151E+00  3.2795E+01 -1.3572E-05  4.3751E-01  6.2600E-03  4.9417E-01  1.4429E-03
  9.8271E+00  3.2835E+01 -1.3583E-05  4.3742E-01  2.1034E-02  4.9243E-01 -2.0142E-02
  9.8391E+00  3.2875E+01 -1.3588E-05  4.3715E-01  1.8415E-02  4.9519E-01 -1.7382E-02
  9.8511E+00  3.2915E+01 -1.3598E-05  4.3709E-01  6.0893E-03  4.9552E-01  3.8723E-04
  9.8631E+00  3.2955E+01 -1.3607E-05  4.3694E-01  2.4550E-02  4.8927E-01 -2.3808E-02
  9.8751E+00  3.2995E+01 -1.3612E-05  4.3669E-01  1.2551E-02  4.9931E-01 -1.0969E-02
  9.8871E+00  3.3035E+01 -1.3624E-05  4.3667E-01  7.4423E-03  4.9921E-01 -4.2764E-03
  9.8991E+00  3.3075E+01 -1.3631E-05  4.3646E-01  2.5637E-02  4.8831E-01 -2.4937E-02
  9.9111E+00  3.3115E+01 -1.3636E-05  4.3625E-01  7.5286E-03  4.9979E-01 -4.4459E-03
  9.9230E+00  3.3155E+01 -1.3649E-05  4.3623E-01  1.2279E-02  4.9874E-01 -1.0682E-02
  9.9350E+00  3.3195E+01 -1.3654E-05  4.3598E-01  2.4206E-02  4.8963E-01 -2.3468E-02
  9.9470E+00  3.3235E+01 -1.3662E-05  4.3583E-01  6.0040E-03  4.9592E-01  2.6260E-04
  9.9590E+00  3.3275E+01 -1.3673E-05  4.3578E-01  1.7967E-02  4.9467E-01 -1.6944E-02
  9.9710E+00  3.3315E+01 -1.3678E-05  4.3551E-01  2.0608E-02  4.9296E-01 -1.9733E-02
  9.9830E+00  3.3355E+01 -1.3687E-05  4.3542E-01  6.1031E-03  4.9409E-01  1.3749E-03
  9.9953E+00  3.3396E+01 -1.3697E-05  4.3531E-01  2.2763E-02  4.9035E-01 -2.1988E-02
  1.0007E+01  3.3436E+01 -1.3701E-05  4.3505E-01  1.4655E-02  4.9720E-01 -1.3387E-02
  1.0019E+01  3.3476E+01 -1.3713E-05  4.3501E-01  6.2758E-03  4.9704E-01 -1.9901E-03
  1.0031E+01  3.3516E+01 -1.3720E-05  4.3484E-01  2.4756E-02  4.8782E-01 -2.4060E-02
  1.0043E+01  3.3556E+01 -1.3725E-05  4.3461E-01  9.0691E-03  4.9954E-01 -6.8354E-03
  1.0055E+01  3.3596E+01 -1.3737E-05  4.3459E-01  9.8125E-03  4.9862E-01 -7.8094E-03
  1.0067E+01  3.3636E+01 -1.3743E-05  4.3436E-01  2.4450E-02  4.8825E-01 -2.3750E-02
  1.0079E+01  3.3676E+01 -1.3749E-05  4.3420E-01  6.0501E-03  4.9709E-01 -1.3308E-03
  1.0091E+01  3.3716E+01 -1.3761E-05  4.3416E-01  1.5305E-02  4.9564E-01 -1.4132E-02
  1.0103E+01  3.3756E+01 -1.3765E-05  4.3390E-01  2.1782E-02  4.9075E-01 -2.0993E-02
  1.0115E+01  3.3796E+01 -1.3773E-05  4.3379E-01  5.9809E-03  4.9349E-01  1.3327E-03
  1.0127E+01  3.3836E+01 -1.3783E-05  4.3371E-01  2.0198E-02  4.9139E-01 -1.9348E-02
  1.0139E+01  3.3876E+01 -1.3786E-05  4.3345E-01  1.7146E-02  4.9500E-01 -1.6125E-02
  1.0151E+01  3.3916E+01 -1.3794E-05  4.3340E-01  5.8223E-03  4.9514E-01  8.2689E-05
  1.0163E+01  3.3956E+01 -1.3798E-05  4.3325E-01  2.3389E-02  4.8928E-01 -2.2673E-02
  1.0175E+01  3.3996E+01 -1.3794E-05  4.3302E-01  1.1618E-02  5.0062E-01 -1.0028E-02
  1.0187E+01  3.4036E+01 -1.3790E-05  4.3299E-01  7.3825E-03  5.0068E-01 -4.4923E-03
  1.0199E+01  3.4076E+01 -1.3773E-05  4.3279E-01  2.4309E-02  4.8962E-01 -2.3627E-02
  1.0211E+01  3.4116E+01 -1.3749E-05  4.3260E-01  7.0554E-03  4.9970E-01 -3.9788E-03
  1.0223E+01  3.4156E+01 -1.3727E-05  4.3257E-01  1.2130E-02  4.9763E-01 -1.0657E-02
  1.0235E+01  3.4196E+01 -1.3695E-05  4.3233E-01  2.2932E-02  4.8933E-01 -2.2216E-02
  1.0247E+01  3.4236E+01 -1.3664E-05  4.3220E-01  5.7475E-03  4.9510E-01  1.5902E-04
  1.0259E+01  3.4276E+01 -1.3636E-05  4.3214E-01  1.7598E-02  4.9349E-01 -1.6643E-02
  1.0271E+01  3.4316E+01 -1.3601E-05  4.3188E-01  1.9564E-02  4.9267E-01 -1.8715E-02
  1.0283E+01  3.4356E+01 -1.3570E-05  4.3180E-01  5.7570E-03  4.9350E-01  8.0999E-04
  1.0295E+01  3.4396E+01 -1.3540E-05  4.3168E-01  2.1799E-02  4.8983E-01 -2.1054E-02
  1.0307E+01  3.4436E+01 -1.3505E-05  4.3143E-01  1.4624E-02  4.9710E-01 -1.3458E-02
  1.0319E+01  3.4476E+01 -1.3476E-05  4.3139E-01  6.1302E-03  4.9662E-01 -2.2334E-03
  1.0331E+01  3.4516E+01 -1.3444E-05  4.3122E-01  2.3947E-02  4.8808E-01 -2.3283E-02
  1.0343E+01  3.4556E+01 -1.3409E-05  4.3100E-01  9.3682E-03  4.9962E-01 -7.4161E-03
  1.0355E+01  3.4596E+01 -1.3382E-05  4.3097E-01  9.6557E-03  4.9827E-01 -7.7929E-03
  1.0367E+01  3.4636E+01 -1.3350E-05  4.3075E-01  2.3918E-02  4.8851E-01 -2.3258E-02
  1.0379E+01  3.4676E+01 -1.3320E-05  4.3058E-01  6.1087E-03  4.9770E-01 -2.2593E-03
  1.0391E+01  3.4716E+01 -1.3297E-05  4.3053E-01  1.5000E-02  4.9638E-01 -1.3894E-02
  1.0403E+01  3.4756E+01 -1.3273E-05  4.3028E-01  2.1609E-02  4.9276E-01 -2.0870E-02
  1.0415E+01  3.4797E+01 -1.3259E-05  4.3017E-01  5.6455E-03  4.9593E-01  4.2741E-04
  1.0427E+01  3.4837E+01 -1.3255E-05  4.3008E-01  2.0202E-02  4.9259E-01 -1.9415E-02
  1.0439E+01  3.4877E+01 -1.3251E-05  4.2982E-01  1.6751E-02  4.9598E-01 -1.5783E-02
  1.0451E+01  3.4917E+01 -1.3256E-05  4.2976E-01  5.6835E-03  4.9519E-01 -9.9693E-04
  1.0463E+01  3.4957E+01 -1.3262E-05  4.2961E-01  2.3095E-02  4.8865E-01 -2.2427E-02
  1.0475E+01  3.4997E+01 -1.3265E-05  4.2938E-01  1.1442E-02  4.9920E-01 -9.9651E-03
  1.0487E+01  3.5037E+01 -1.3274E-05  4.2935E-01  7.8188E-03  4.9788E-01 -5.4563E-03
  1.0499E+01  3.5077E+01 -1.3280E-05  4.2915E-01  2.3803E-02  4.8812E-01 -2.3163E-02
  1.0511E+01  3.5117E+01 -1.3284E-05  4.2896E-01  7.0207E-03  4.9902E-01 -4.2414E-03
  1.0523E+01  3.5157E+01 -1.3295E-05  4.2892E-01  1.2528E-02  4.9679E-01 -1.1225E-02
  1.0535E+01  3.5197E+01 -1.3299E-05  4.2868E-01  2.2270E-02  4.8971E-01 -2.1587E-02
  1.0547E+01  3.5237E+01 -1.3306E-05  4.2855E-01  5.5376E-03  4.9504E-01 -3.7183E-04
  1.0559E+01  3.5277E+01 -1.3316E-05  4.2848E-01  1.7564E-02  4.9300E-01 -1.6683E-02
  1.0571E+01  3.5317E+01 -1.3319E-05  4.2823E-01  1.8833E-02  4.9318E-01 -1.8016E-02
  1.0583E+01  3.5357E+01 -1.3327E-05  4.2815E-01  5.4867E-03  4.9361E-01  1.5212E-04
  1.0595E+01  3.5397E+01 -1.3336E-05  4.2803E-01  2.1301E-02  4.8967E-01 -2.0596E-02
  1.0607E+01  3.5437E+01 -1.3339E-05  4.2779E-01  1.3952E-02  4.9823E-01 -1.2814E-02
  1.0619E+01  3.5477E+01 -1.3349E-05  4.2775E-01  6.1630E-03  4.9719E-01 -2.7809E-03
  1.0631E+01  3.5517E+01 -1.3356E-05  4.2758E-01  2.3072E-02  4.8892E-01 -2.2432E-02
  1.0643E+01  3.5557E+01 -1.3360E-05  4.2737E-01  8.8739E-03  5.0046E-01 -6.9494E-03
  1.0655E+01  3.5597E+01 -1.3370E-05  4.2734E-01  9.6943E-03  4.9839E-01 -7.9908E-03
  1.0667E+01  3.5637E+01 -1.3375E-05  4.2712E-01  2.2787E-02  4.8948E-01 -2.2142E-02
  1.0679E+01  3.5677E+01 -1.3381E-05  4.2696E-01  5.8376E-03  4.9804E-01 -2.0458E-03
  1.0691E+01  3.5717E+01 -1.3391E-05  4.2692E-01  1.4670E-02  4.9565E-01 -1.3627E-02
  1.0703E+01  3.5757E+01 -1.3395E-05  4.2668E-01  2.0385E-02  4.9195E-01 -1.9661E-02
  1.0715E+01  3.5797E+01 -1.3402E-05  4.2657E-01  5.4117E-03  4.9442E-01  2.8760E-04
  1.0727E+01  3.5837E+01 -1.3411E-05  4.2648E-01  1.9041E-02  4.9190E-01 -1.8269E-02
  1.0739E+01  3.5877E+01 -1.3414E-05  4.2624E-01  1.6212E-02  4.9603E-01 -1.5284E-02
  1.0751E+01  3.5917E+01 -1.3423E-05  4.2618E-01  5.4637E-03  4.9541E-01 -8.8615E-04
  1.0763E+01  3.5957E+01 -1.3431E-05  4.2604E-01  2.1881E-02  4.8949E-01 -2.1224E-02
  1.0775E+01  3.5997E+01 -1.3434E-05  4.2582E-01  1.1203E-02  4.9982E-01 -9.8032E-03
  1.0787E+01  3.6037E+01 -1.3444E-05  4.2579E-01  7.3576E-03  4.9808E-01 -5.0006E-03
  1.0799E+01  3.6077E+01 -1.3450E-05  4.2560E-01  2.2665E-02  4.8898E-01 -2.2039E-02
  1.0811E+01  3.6117E+01 -1.3455E-05  4.2542E-01  6.9245E-03  4.9992E-01 -4.3347E-03
  1.0823E+01  3.6157E+01 -1.3465E-05  4.2538E-01  1.1738E-02  4.9722E-01 -1.0441E-02
  1.0835E+01  3.6197E+01 -1.3469E-05  4.2516E-01  2.1325E-02  4.9049E-01 -2.0660E-02
  1.0847E+01  3.6238E+01 -1.3476E-05  4.2503E-01  5.3385E-03  4.9562E-01 -2.9289E-04
  1.0859E+01  3.6278E+01 -1.3485E-05  4.2496E-01  1.7026E-02  4.9328E-01 -1.6181E-02
  1.0871E+01  3.6318E+01 -1.3488E-05  4.2472E-01  1.7707E-02  4.9430E-01 -1.6895E-02
  1.0883E+01  3.6358E+01 -1.3497E-05  4.2464E-01  5.2946E-03  4.9438E-01 -2.2430E-05
  1.0895E+01  3.6398E+01 -1.3505E-05  4.2453E-01  2.0467E-02  4.9026E-01 -1.9784E-02
  1.0907E+01  3.6438E+01 -1.3508E-05  4.2430E-01  1.3026E-02  4.9855E-01 -1.1889E-02
  1.0919E+01  3.6478E+01 -1.3517E-05  4.2426E-01  6.0849E-03  4.9706E-01 -2.9881E-03
  1.0931E+01  3.6518E+01 -1.3524E-05  4.2410E-01  2.2027E-02  4.8904E-01 -2.1403E-02
  1.0943E+01  3.6558E+01 -1.3528E-05  4.2390E-01  8.2671E-03  5.0050E-01 -6.3271E-03
  1.0955E+01  3.6598E+01 -1.3538E-05  4.2387E-01  9.5952E-03  4.9787E-01 -8.0073E-03
  1.0967E+01  3.6638E+01 -1.3543E-05  4.2366E-01  2.1637E-02  4.8975E-01 -2.1004E-02
  1.0979E+01  3.6678E+01 -1.3548E-05  4.2351E-01  5.5640E-03  4.9786E-01 -1.7829E-03
  1.0991E+01  3.6718E+01 -1.3558E-05  4.2347E-01  1.4320E-02  4.9511E-01 -1.3329E-02
  1.1003E+01  3.6758E+01 -1.3562E-05  4.2323E-01  1.9246E-02  4.9163E-01 -1.8534E-02
  1.1015E+01  3.6798E+01 -1.3569E-05  4.2314E-01  5.2098E-03  4.9369E-01  2.2980E-04
  1.1027E+01  3.6838E+01 -1.3577E-05  4.2305E-01  1.8388E-02  4.9091E-01 -1.7647E-02
  1.1039E+01  3.6878E+01 -1.3581E-05  4.2282E-01  1.5205E-02  4.9571E-01 -1.4285E-02
  1.1051E+01  3.6918E+01 -1.3589E-05  4.2277E-01  5.3092E-03  4.9474E-01 -1.0988E-03
  1.1063E+01  3.6958E+01 -1.3596E-05  4.2263E-01  2.0975E-02  4.8878E-01 -2.0339E-02
  1.1075E+01  3.6998E+01 -1.3600E-05  4.2242E-01  1.0440E-02  4.9934E-01 -9.0372E-03
  1.1087E+01  3.7038E+01 -1.3609E-05  4.2239E-01  7.3085E-03  4.9707E-01 -5.1385E-03
  1.1099E+01  3.7078E+01 -1.3614E-05  4.2220E-01  2.1603E-02  4.8849E-01 -2.0992E-02
  1.1111E+01  3.7118E+01 -1.3619E-05  4.2203E-01  6.4975E-03  4.9913E-01 -3.8917E-03
  1.1123E+01  3.7158E+01 -1.3628E-05  4.2200E-01  1.1547E-02  4.9598E-01 -1.0328E-02
  1.1135E+01  3.7198E+01 -1.3631E-05  4.2178E-01  2.0216E-02  4.9015E-01 -1.9564E-02
  1.1147E+01  3.7238E+01 -1.3636E-05  4.2166E-01  5.1616E-03  4.9534E-01 -4.4527E-04
  1.1159E+01  3.7278E+01 -1.3642E-05  4.2160E-01  1.6061E-02  4.9301E-01 -1.5226E-02
  1.1171E+01  3.7318E+01 -1.3639E-05  4.2137E-01  1.7118E-02  4.9472E-01 -1.6334E-02
  1.1183E+01  3.7358E+01 -1.3635E-05  4.2130E-01  5.1254E-03  4.9570E-01 -3.5894E-05
  1.1195E+01  3.7398E+01 -1.3625E-05  4.2119E-01  1.9425E-02  4.9159E-01 -1.8750E-02
  1.1207E+01  3.7438E+01 -1.3604E-05  4.2097E-01  1.2744E-02  4.9858E-01 -1.1662E-02
  1.1219E+01  3.7478E+01 -1.3584E-05  4.2093E-01  5.8164E-03  4.9622E-01 -2.7785E-03
  1.1231E+01  3.7518E+01 -1.3559E-05  4.2077E-01  2.1076E-02  4.8854E-01 -2.0469E-02
  1.1243E+01  3.7558E+01 -1.3529E-05  4.2058E-01  8.2477E-03  4.9984E-01 -6.4566E-03
  1.1255E+01  3.7598E+01 -1.3505E-05  4.2055E-01  9.1413E-03  4.9686E-01 -7.5892E-03
  1.1267E+01  3.7638E+01 -1.3475E-05  4.2035E-01  2.0912E-02  4.8912E-01 -2.0304E-02
  1.1279E+01  3.7679E+01 -1.3445E-05  4.2020E-01  5.3863E-03  4.9695E-01 -1.7854E-03
  1.1291E+01  3.7719E+01 -1.3419E-05  4.2015E-01  1.4240E-02  4.9395E-01 -1.3317E-02
  1.1303E+01  3.7759E+01 -1.3388E-05  4.1993E-01  1.8497E-02  4.9197E-01 -1.7804E-02
  1.1315E+01  3.7799E+01 -1.3360E-05  4.1983E-01  5.0311E-03  4.9365E-01 -1.7628E-04
  1.1327E+01  3.7839E+01 -1.3334E-05  4.1974E-01  1.8146E-02  4.9069E-01 -1.7446E-02
  1.1339E+01  3.7879E+01 -1.3302E-05  4.1952E-01  1.4673E-02  4.9605E-01 -1.3780E-02
  1.1351E+01  3.7919E+01 -1.3277E-05  4.1946E-01  5.3150E-03  4.9477E-01 -1.7471E-03
  1.1363E+01  3.7959E+01 -1.3250E-05  4.1932E-01  2.0604E-02  4.8884E-01 -2.0000E-02
  1.1375E+01  3.7999E+01 -1.3221E-05  4.1912E-01  1.0190E-02  4.9963E-01 -8.8483E-03
  1.1387E+01  3.8039E+01 -1.3200E-05  4.1908E-01  7.6746E-03  4.9726E-01 -5.8006E-03
  1.1399E+01  3.8079E+01 -1.3178E-05  4.1890E-01  2.1169E-02  4.9009E-01 -2.0583E-02
  1.1411E+01  3.8119E+01 -1.3161E-05  4.1873E-01  6.4817E-03  5.0113E-01 -4.0634E-03
  1.1423E+01  3.8159E+01 -1.3156E-05  4.1869E-01  1.1896E-02  4.9708E-01 -1.0792E-02
  1.1435E+01  3.8199E+01 -1.3152E-05  4.1847E-01  1.9755E-02  4.9117E-01 -1.9128E-02
  1.1447E+01  3.8239E+01 -1.3153E-05  4.1835E-01  5.0608E-03  4.9530E-01 -9.4474E-04
  1.1459E+01  3.8279E+01 -1.3159E-05  4.1828E-01  1.6166E-02  4.9226E-01 -1.5394E-02
  1.1471E+01  3.8319E+01 -1.3161E-05  4.1806E-01  1.6698E-02  4.9393E-01 -1.5949E-02
  1.1483E+01  3.8359E+01 -1.3168E-05  4.1798E-01  4.9932E-03  4.9364E-01 -7.5300E-04
  1.1495E+01  3.8399E+01 -1.3174E-05  4.1787E-01  1.9265E-02  4.8957E-01 -1.8635E-02
  1.1507E+01  3.8439E+01 -1.3177E-05  4.1765E-01  1.2434E-02  4.9805E-01 -1.1399E-02
  1.1519E+01  3.8479E+01 -1.3185E-05  4.1761E-01  6.0389E-03  4.9580E-01 -3.4753E-03
  1.1531E+01  3.8519E+01 -1.3191E-05  4.1745E-01  2.0665E-02  4.8859E-01 -2.0085E-02
  1.1543E+01  3.8559E+01 -1.3194E-05  4.1726E-01  8.0650E-03  4.9991E-01 -6.3549E-03
  1.1555E+01  3.8599E+01 -1.3203E-05  4.1723E-01  9.4174E-03  4.9634E-01 -8.0268E-03
  1.1567E+01  3.8639E+01 -1.3207E-05  4.1703E-01  2.0299E-02  4.8939E-01 -1.9712E-02
  1.1579E+01  3.8679E+01 -1.3212E-05  4.1689E-01  5.4142E-03  4.9727E-01 -2.2581E-03
  1.1591E+01  3.8719E+01 -1.3221E-05  4.1684E-01  1.3728E-02  4.9381E-01 -1.2831E-02
  1.1603E+01  3.8759E+01 -1.3224E-05  4.1662E-01  1.8122E-02  4.9263E-01 -1.7457E-02
  1.1615E+01  3.8799E+01 -1.3230E-05  4.1652E-01  4.8980E-03  4.9444E-01 -4.8078E-04
  1.1627E+01  3.8839E+01 -1.3238E-05  4.1644E-01  1.7409E-02  4.9140E-01 -1.6723E-02
  1.1639E+01  3.8879E+01 -1.3241E-05  4.1622E-01  1.4437E-02  4.9662E-01 -1.3586E-02
  1.1651E+01  3.8919E+01 -1.3248E-05  4.1616E-01  5.1626E-03  4.9511E-01 -1.7340E-03
  1.1663E+01  3.8959E+01 -1.3255E-05  4.1603E-01  1.9740E-02  4.8959E-01 -1.9147E-02
  1.1675E+01  3.8999E+01 -1.3258E-05  4.1583E-01  1.0081E-02  5.0012E-01 -8.8114E-03
  1.1687E+01  3.9039E+01 -1.3266E-05  4.1579E-01  7.2820E-03  4.9698E-01 -5.4205E-03
  1.1699E+01  3.9080E+01 -1.3271E-05  4.1561E-01  2.0258E-02  4.8957E-01 -1.9685E-02
  1.1711E+01  3.9120E+01 -1.3275E-05  4.1545E-01  6.1144E-03  4.9952E-01 -3.6917E-03
  1.1723E+01  3.9160E+01 -1.3284E-05  4.1541E-01  1.1706E-02  4.9558E-01 -1.0663E-02
  1.1735E+01  3.9200E+01 -1.3287E-05  4.1521E-01  1.8789E-02  4.9141E-01 -1.8170E-02
  1.1747E+01  3.9240E+01 -1.3293E-05  4.1509E-01  4.8944E-03  4.9556E-01 -8.6372E-04
  1.1759E+01  3.9280E+01 -1.3301E-05  4.1502E-01  1.5732E-02  4.9250E-01 -1.4988E-02
  1.1771E+01  3.9320E+01 -1.3304E-05  4.1481E-01  1.5788E-02  4.9492E-01 -1.5041E-02
  1.1783E+01  3.9360E+01 -1.3311E-05  4.1474E-01  4.8673E-03  4.9430E-01 -8.7703E-04
  1.1795E+01  3.9400E+01 -1.3317E-05  4.1463E-01  1.8599E-02  4.9013E-01 -1.7984E-02
  1.1807E+01  3.9440E+01 -1.3320E-05  4.1442E-01  1.1681E-02  4.9897E-01 -1.0640E-02
  1.1819E+01  3.9480E+01 -1.3328E-05  4.1438E-01  6.0071E-03  4.9628E-01 -3.6262E-03
  1.1831E+01  3.9520E+01 -1.3334E-05  4.1422E-01  1.9830E-02  4.8936E-01 -1.9261E-02
  1.1843E+01  3.9560E+01 -1.3337E-05  4.1405E-01  7.5664E-03  5.0054E-01 -5.8346E-03
  1.1855E+01  3.9600E+01 -1.3346E-05  4.1401E-01  9.3392E-03  4.9654E-01 -8.0268E-03
  1.1867E+01  3.9640E+01 -1.3350E-05  4.1382E-01  1.9377E-02  4.9029E-01 -1.8797E-02
  1.1879E+01  3.9680E+01 -1.3354E-05  4.1369E-01  5.1855E-03  4.9771E-01 -2.0278E-03
  1.1891E+01  3.9720E+01 -1.3363E-05  4.1364E-01  1.3444E-02  4.9402E-01 -1.2583E-02
  1.1903E+01  3.9760E+01 -1.3366E-05  4.1343E-01  1.7202E-02  4.9294E-01 -1.6544E-02
  1.1915E+01  3.9800E+01 -1.3372E-05  4.1334E-01  4.7508E-03  4.9435E-01 -5.1126E-04
  1.1927E+01  3.9840E+01 -1.3379E-05  4.1325E-01  1.6884E-02  4.9115E-01 -1.6220E-02
  1.1939E+01  3.9880E+01 -1.3382E-05  4.1304E-01  1.3617E-02  4.9693E-01 -1.2767E-02
  1.1951E+01  3.9920E+01 -1.3389E-05  4.1299E-01  5.0779E-03  4.9506E-01 -1.8902E-03
  1.1963E+01  3.9960E+01 -1.3395E-05  4.1286E-01  1.9013E-02  4.8958E-01 -1.8435E-02
  1.1975E+01  4.0000E+01 -1.3398E-05  4.1267E-01  9.4545E-03  5.0024E-01 -8.1747E-03
  1.2000E+01  4.0084E+01 -1.3411E-05  4.1245E-01  1.9251E-02  4.9072E-01 -1.8681E-02
