  0.0000E+00  0.0000E+00  0.0000E+00  0.0000E+00  0.0000E+00  0.0000E+00  0.0000E+00
  1.1041E-02 -6.7657E-08 -4.0735E-07  3.6103E-01 -2.8045E-11 -3.2829E-09  3.6099E-01
  2.3083E-02  1.4392E-07 -4.0933E-07  3.6216E-01 -6.4118E-10 -3.7536E-09  3.6210E-01
  3.5286E-02 -2.8162E-07 -4.1790E-07  3.6415E-01 -1.3071E-09 -5.7545E-09  3.6401E-01
  4.7019E-02 -4.1448E-07 -4.0069E-07  3.6762E-01 -9.9386E-10 -2.7008E-09  3.6759E-01
  5.9089E-02  3.5153E-07 -3.9407E-07  3.6939E-01 -1.0635E-09 -1.1258E-09  3.6938E-01
  7.1070E-02  7.5675E-07 -4.0710E-07  3.6956E-01 -3.4648E-09 -3.2230E-09  3.6951E-01
  8.3163E-02 -1.7464E-07 -4.2116E-07  3.6990E-01 -6.1136E-08 -4.1027E-08  3.6243E-01
  9.5127E-02 -5.8766E-07 -3.9546E-07  3.7181E-01 -6.3748E-09 -6.1734E-09  3.7164E-01
  1.0707E-01  2.6479E-07 -3.8897E-07  3.7317E-01 -3.8609E-09 -2.7399E-09  3.7312E-01
  1.1907E-01  6.6384E-07 -4.1379E-07  3.7393E-01 -5.5103E-08 -4.4202E-08  3.6252E-01
  1.3123E-01 -3.2320E-08 -4.1931E-07  3.7628E-01 -3.2614E-08 -4.7088E-08  3.6713E-01
  1.4305E-01 -2.6218E-07 -4.1162E-07  3.8874E-01 -3.7622E-08 -6.8727E-08  3.7013E-01
  1.5521E-01 -1.5468E-07 -4.1608E-07  4.4724E-01 -3.9147E-08 -9.9489E-08  4.1671E-01
  1.6717E-01 -7.4492E-08 -4.1969E-07  6.2456E-01 -4.0925E-08 -8.2918E-08  6.0654E-01
  1.7901E-01 -4.5792E-08 -4.2210E-07  8.9899E-01 -4.1807E-08 -7.5879E-08  8.8771E-01
  1.9127E-01 -7.1736E-08 -4.2326E-07  1.0445E+00 -4.1816E-08 -7.4296E-08  1.0350E+00
  2.0323E-01 -1.0719E-07 -4.2442E-07  8.9939E-01 -4.1925E-08 -7.2970E-08  8.8853E-01
  2.1519E-01 -1.3956E-07 -4.2570E-07  6.5520E-01 -4.2111E-08 -7.1831E-08  6.4039E-01
  2.2715E-01 -1.6228E-07 -4.2751E-07  4.9110E-01 -4.2316E-08 -7.0828E-08  4.7136E-01
  2.3911E-01 -1.7661E-07 -4.2987E-07  4.1768E-01 -4.2522E-08 -6.9943E-08  3.9446E-01
  2.5107E-01 -1.8551E-07 -4.3263E-07  3.9062E-01 -4.2740E-08 -6.9171E-08  3.6584E-01
  2.6303E-01 -1.9114E-07 -4.3563E-07  3.8113E-01 -4.2982E-08 -6.8505E-08  3.5579E-01
  2.7529E-01 -1.9482E-07 -4.3886E-07  3.7774E-01 -4.3260E-08 -6.7923E-08  3.5220E-01
  2.8725E-01 -1.9706E-07 -4.4209E-07  3.7665E-01 -4.3568E-08 -6.7448E-08  3.5103E-01
  2.9921E-01 -1.9825E-07 -4.4537E-07  3.7650E-01 -4.3913E-08 -6.7057E-08  3.5082E-01
  3.1117E-01 -1.9848E-07 -4.4866E-07  3.7704E-01 -4.4299E-08 -6.6742E-08  3.5132E-01
  3.2313E-01 -1.9757E-07 -4.5191E-07  3.7874E-01 -4.4728E-08 -6.6499E-08  3.5302E-01
  3.3509E-01 -1.9509E-07 -4.5507E-07  3.8356E-01 -4.5205E-08 -6.6322E-08  3.5803E-01
  3.4705E-01 -1.9008E-07 -4.5807E-07  3.9790E-01 -4.5740E-08 -6.6205E-08  3.7316E-01
  3.5901E-01 -1.8071E-07 -4.6072E-07  4.4196E-01 -4.6348E-08 -6.6142E-08  4.1963E-01
  3.7127E-01 -1.6298E-07 -4.6281E-07  5.7382E-01 -4.7081E-08 -6.6123E-08  5.5664E-01
  3.8323E-01 -1.3212E-07 -4.6385E-07  8.7676E-01 -4.7941E-08 -6.6129E-08  8.6551E-01
  3.9519E-01 -8.2878E-08 -4.6379E-07  1.3765E+00 -4.8955E-08 -6.6108E-08  1.3693E+00
  4.0715E-01 -2.1684E-08 -4.6349E-07  1.8129E+00 -5.0012E-08 -6.5991E-08  1.8074E+00
  4.1911E-01  2.8406E-08 -4.6371E-07  1.7436E+00 -5.0987E-08 -6.5788E-08  1.7379E+00
  4.3107E-01  5.3519E-08 -4.6358E-07  1.2368E+00 -5.1964E-08 -6.5570E-08  1.2287E+00
  4.4303E-01  6.1772E-08 -4.6258E-07  7.5051E-01 -5.3022E-08 -6.5357E-08  7.3712E-01
  4.5529E-01  6.3745E-08 -4.6104E-07  4.9266E-01 -5.4164E-08 -6.5140E-08  4.7202E-01
  4.6725E-01  6.3952E-08 -4.5937E-07  4.1052E-01 -5.5308E-08 -6.4941E-08  3.8551E-01
  4.7921E-01  6.3743E-08 -4.5764E-07  3.8980E-01 -5.6474E-08 -6.4761E-08  3.6337E-01
  4.9117E-01  6.3426E-08 -4.5587E-07  3.8511E-01 -5.7662E-08 -6.4607E-08  3.5833E-01
  5.0313E-01  6.3078E-08 -4.5408E-07  3.8436E-01 -5.8873E-08 -6.4478E-08  3.5751E-01
  5.1509E-01  6.2723E-08 -4.5227E-07  3.8466E-01 -6.0108E-08 -6.4377E-08  3.5781E-01
  5.2706E-01  6.2365E-08 -4.5043E-07  3.8528E-01 -6.1367E-08 -6.4305E-08  3.5844E-01
  5.3902E-01  6.2007E-08 -4.4858E-07  3.8601E-01 -6.2652E-08 -6.4262E-08  3.5918E-01
  5.5128E-01  6.1640E-08 -4.4665E-07  3.8681E-01 -6.3995E-08 -6.4246E-08  3.5999E-01
  5.6324E-01  6.1283E-08 -4.4475E-07  3.8762E-01 -6.5329E-08 -6.4258E-08  3.6079E-01
  5.7520E-01  6.0928E-08 -4.4282E-07  3.8845E-01 -6.6689E-08 -6.4297E-08  3.6161E-01
  5.8716E-01  6.0575E-08 -4.4088E-07  3.8929E-01 -6.8074E-08 -6.4364E-08  3.6243E-01
  5.9912E-01  6.0222E-08 -4.3891E-07  3.9015E-01 -6.9484E-08 -6.4458E-08  3.6326E-01
  6.1108E-01  5.9871E-08 -4.3692E-07  4.0507E-01 -7.0918E-08 -6.4576E-08  3.7914E-01
  6.2304E-01  5.9521E-08 -4.3490E-07  4.0594E-01 -7.2383E-08 -6.4725E-08  3.7995E-01
  6.3500E-01  5.9172E-08 -4.3287E-07  4.0682E-01 -7.3876E-08 -6.4901E-08  3.8077E-01
  6.4726E-01  5.8815E-08 -4.3075E-07  4.0774E-01 -7.5435E-08 -6.5108E-08  3.8162E-01
  6.5922E-01  5.8468E-08 -4.2867E-07  4.0864E-01 -7.6981E-08 -6.5335E-08  3.8245E-01
  6.7118E-01  5.8122E-08 -4.2656E-07  4.0956E-01 -7.8553E-08 -6.5586E-08  3.8328E-01
  6.8314E-01  5.7779E-08 -4.2442E-07  4.1049E-01 -8.0152E-08 -6.5864E-08  3.8412E-01
  6.9510E-01  5.7437E-08 -4.2227E-07  4.1143E-01 -8.1778E-08 -6.6167E-08  3.8497E-01
  7.0707E-01  5.7098E-08 -4.2009E-07  4.1239E-01 -8.3430E-08 -6.6495E-08  3.8582E-01
  7.1903E-01  5.6762E-08 -4.1788E-07  4.1336E-01 -8.5110E-08 -6.6849E-08  3.8667E-01
  7.3129E-01  5.6418E-08 -4.1560E-07  4.1437E-01 -8.6859E-08 -6.7236E-08  3.8756E-01
  7.4325E-01  5.6083E-08 -4.1335E-07  4.1537E-01 -8.8592E-08 -6.7636E-08  3.8843E-01
  7.5521E-01  5.5751E-08 -4.1107E-07  4.1638E-01 -9.0350E-08 -6.8059E-08  3.8930E-01
  7.6717E-01  5.5421E-08 -4.0876E-07  4.1740E-01 -9.2132E-08 -6.8505E-08  3.9018E-01
  7.7913E-01  5.5091E-08 -4.0642E-07  4.1842E-01 -9.3938E-08 -6.8972E-08  3.9106E-01
  7.9109E-01  5.4763E-08 -4.0406E-07  4.1946E-01 -9.5768E-08 -6.9462E-08  3.9195E-01
  8.0305E-01  5.4437E-08 -4.0167E-07  4.2051E-01 -9.7623E-08 -6.9975E-08  3.9285E-01
  8.1501E-01  5.4112E-08 -3.9925E-07  4.2158E-01 -9.9501E-08 -7.0508E-08  3.9375E-01
  8.2727E-01  5.3779E-08 -3.9674E-07  4.2267E-01 -1.0145E-07 -7.1074E-08  3.9468E-01
  8.3923E-01  5.3457E-08 -3.9427E-07  4.2376E-01 -1.0337E-07 -7.1647E-08  3.9559E-01
  8.5119E-01  5.3136E-08 -3.9177E-07  4.2485E-01 -1.0530E-07 -7.2237E-08  3.9651E-01
  8.6315E-01  5.2815E-08 -3.8924E-07  4.2595E-01 -1.0726E-07 -7.2843E-08  3.9743E-01
  8.7511E-01  5.2496E-08 -3.8668E-07  4.2705E-01 -1.0923E-07 -7.3466E-08  3.9836E-01
  8.8708E-01  5.2180E-08 -3.8410E-07  4.2817E-01 -1.1122E-07 -7.4104E-08  3.9930E-01
  8.9904E-01  5.1867E-08 -3.8148E-07  4.2929E-01 -1.1321E-07 -7.4758E-08  4.0024E-01
  9.1130E-01  5.1548E-08 -3.7877E-07  4.3045E-01 -1.1528E-07 -7.5443E-08  4.0122E-01
  9.2326E-01  5.1240E-08 -3.7609E-07  4.3159E-01 -1.1730E-07 -7.6125E-08  4.0218E-01
  9.3522E-01  5.0933E-08 -3.7338E-07  4.3274E-01 -1.1932E-07 -7.6817E-08  4.0314E-01
  9.4718E-01  5.0627E-08 -3.7064E-07  4.3388E-01 -1.2135E-07 -7.7517E-08  4.0412E-01
  9.5914E-01  5.0321E-08 -3.6787E-07  4.3504E-01 -1.2338E-07 -7.8225E-08  4.0510E-01
  9.7110E-01  5.0016E-08 -3.6506E-07  4.3619E-01 -1.2541E-07 -7.8940E-08  4.0608E-01
  9.8306E-01  4.9712E-08 -3.6223E-07  4.3736E-01 -1.2743E-07 -7.9659E-08  4.0708E-01
  9.9502E-01  4.9409E-08 -3.5936E-07  4.3852E-01 -1.2945E-07 -8.0383E-08  4.0808E-01
  1.0073E+00  4.9098E-08 -3.5638E-07  4.3971E-01 -1.3151E-07 -8.1128E-08  4.0912E-01
  1.0192E+00  4.8796E-08 -3.5344E-07  4.4088E-01 -1.3351E-07 -8.1856E-08  4.1014E-01
  1.0312E+00  4.8495E-08 -3.5046E-07  4.4205E-01 -1.3549E-07 -8.2583E-08  4.1116E-01
  1.0432E+00  4.8195E-08 -3.4745E-07  4.4322E-01 -1.3745E-07 -8.3308E-08  4.1220E-01
  1.0551E+00  4.7896E-08 -3.4440E-07  4.4439E-01 -1.3939E-07 -8.4029E-08  4.1325E-01
  1.0671E+00  4.7598E-08 -3.4132E-07  4.4557E-01 -1.4130E-07 -8.4744E-08  4.1430E-01
  1.0790E+00  4.7303E-08 -3.3819E-07  4.4674E-01 -1.4319E-07 -8.5451E-08  4.1537E-01
  1.0910E+00  4.7010E-08 -3.3503E-07  4.4791E-01 -1.4504E-07 -8.6147E-08  4.1644E-01
  1.1033E+00  4.6711E-08 -3.3176E-07  4.4910E-01 -1.4689E-07 -8.6849E-08  4.1756E-01
  1.1152E+00  4.6421E-08 -3.2853E-07  4.5027E-01 -1.4866E-07 -8.7522E-08  4.1866E-01
  1.1272E+00  4.6133E-08 -3.2525E-07  4.5144E-01 -1.5039E-07 -8.8182E-08  4.1977E-01
  1.1391E+00  4.5848E-08 -3.2194E-07  4.5261E-01 -1.5207E-07 -8.8825E-08  4.2089E-01
  1.1511E+00  4.5565E-08 -3.1858E-07  4.5377E-01 -1.5370E-07 -8.9448E-08  4.2202E-01
  1.1631E+00  4.5283E-08 -3.1519E-07  4.5492E-01 -1.5527E-07 -9.0049E-08  4.2317E-01
  1.1750E+00  4.5003E-08 -3.1175E-07  4.5607E-01 -1.5677E-07 -9.0625E-08  4.2432E-01
  1.1873E+00  4.4718E-08 -3.0818E-07  4.5724E-01 -1.5825E-07 -9.1187E-08  4.2552E-01
  1.1993E+00  4.4442E-08 -3.0466E-07  4.5837E-01 -1.5961E-07 -9.1706E-08  4.2670E-01
  1.2112E+00  4.4167E-08 -3.0110E-07  4.5950E-01 -1.6090E-07 -9.2196E-08  4.2789E-01
  1.2232E+00  4.3892E-08 -2.9750E-07  4.6063E-01 -1.6213E-07 -9.2657E-08  4.2910E-01
  1.2351E+00  4.3618E-08 -2.9385E-07  4.6175E-01 -1.6327E-07 -9.3084E-08  4.3032E-01
  1.2471E+00  4.3345E-08 -2.9016E-07  4.6286E-01 -1.6432E-07 -9.3473E-08  4.3155E-01
  1.2591E+00  4.3074E-08 -2.8643E-07  4.6396E-01 -1.6528E-07 -9.3824E-08  4.3280E-01
  1.2710E+00  4.2805E-08 -2.8266E-07  4.6505E-01 -1.6615E-07 -9.4133E-08  4.3406E-01
  1.2833E+00  4.2530E-08 -2.7874E-07  4.6616E-01 -1.6694E-07 -9.4406E-08  4.3536E-01
  1.2952E+00  4.2263E-08 -2.7487E-07  4.6723E-01 -1.6761E-07 -9.4628E-08  4.3665E-01
  1.3072E+00  4.1997E-08 -2.7095E-07  4.6829E-01 -1.6818E-07 -9.4804E-08  4.3794E-01
  1.3192E+00  4.1732E-08 -2.6698E-07  4.6934E-01 -1.6864E-07 -9.4931E-08  4.3925E-01
  1.3311E+00  4.1467E-08 -2.6296E-07  4.7037E-01 -1.6899E-07 -9.5007E-08  4.4056E-01
  1.3431E+00  4.1202E-08 -2.5889E-07  4.7139E-01 -1.6922E-07 -9.5027E-08  4.4189E-01
  1.3550E+00  4.0937E-08 -2.5478E-07  4.7239E-01 -1.6933E-07 -9.4991E-08  4.4323E-01
  1.3670E+00  4.0672E-08 -2.5061E-07  4.7338E-01 -1.6933E-07 -9.4899E-08  4.4457E-01
  1.3793E+00  4.0401E-08 -2.4628E-07  4.7437E-01 -1.6920E-07 -9.4744E-08  4.4596E-01
  1.3912E+00  4.0138E-08 -2.4200E-07  4.7532E-01 -1.6894E-07 -9.4534E-08  4.4731E-01
  1.4032E+00  3.9876E-08 -2.3767E-07  4.7625E-01 -1.6856E-07 -9.4263E-08  4.4867E-01
  1.4151E+00  3.9615E-08 -2.3329E-07  4.7716E-01 -1.6805E-07 -9.3930E-08  4.5003E-01
  1.4271E+00  3.9356E-08 -2.2886E-07  4.7804E-01 -1.6741E-07 -9.3533E-08  4.5139E-01
  1.4391E+00  3.9100E-08 -2.2437E-07  4.7890E-01 -1.6664E-07 -9.3070E-08  4.5275E-01
  1.4510E+00  3.8844E-08 -2.1982E-07  4.7974E-01 -1.6573E-07 -9.2541E-08  4.5412E-01
  1.4633E+00  3.8585E-08 -2.1511E-07  4.8057E-01 -1.6466E-07 -9.1926E-08  4.5551E-01
  1.4752E+00  3.8334E-08 -2.1045E-07  4.8136E-01 -1.6347E-07 -9.1260E-08  4.5687E-01
  1.4872E+00  3.8083E-08 -2.0573E-07  4.8212E-01 -1.6215E-07 -9.0524E-08  4.5822E-01
  1.4992E+00  3.7832E-08 -2.0096E-07  4.8286E-01 -1.6070E-07 -8.9716E-08  4.5956E-01
  1.5111E+00  3.7583E-08 -1.9612E-07  4.8357E-01 -1.5910E-07 -8.8834E-08  4.6090E-01
  1.5231E+00  3.7334E-08 -1.9122E-07  4.8425E-01 -1.5736E-07 -8.7879E-08  4.6222E-01
  1.5351E+00  3.7087E-08 -1.8627E-07  4.8489E-01 -1.5549E-07 -8.6851E-08  4.6353E-01
  1.5470E+00  3.6839E-08 -1.8126E-07  4.8551E-01 -1.5347E-07 -8.5745E-08  4.6483E-01
  1.5593E+00  3.6586E-08 -1.7605E-07  4.8610E-01 -1.5125E-07 -8.4527E-08  4.6614E-01
  1.5712E+00  3.6338E-08 -1.7091E-07  4.8665E-01 -1.4895E-07 -8.3262E-08  4.6740E-01
  1.5832E+00  3.6089E-08 -1.6571E-07  4.8716E-01 -1.4651E-07 -8.1920E-08  4.6865E-01
  1.5952E+00  3.5838E-08 -1.6044E-07  4.8765E-01 -1.4393E-07 -8.0500E-08  4.6987E-01
  1.6071E+00  3.5589E-08 -1.5511E-07  4.8809E-01 -1.4121E-07 -7.8999E-08  4.7106E-01
  1.6191E+00  3.5338E-08 -1.4972E-07  4.8850E-01 -1.3835E-07 -7.7417E-08  4.7223E-01
  1.6310E+00  3.5085E-08 -1.4426E-07  4.8887E-01 -1.3536E-07 -7.5753E-08  4.7336E-01
  1.6433E+00  3.4826E-08 -1.3860E-07  4.8920E-01 -1.3214E-07 -7.3959E-08  4.7449E-01
  1.6553E+00  3.4573E-08 -1.3301E-07  4.8948E-01 -1.2885E-07 -7.2120E-08  4.7555E-01
  1.6672E+00  3.4317E-08 -1.2735E-07  4.8972E-01 -1.2542E-07 -7.0194E-08  4.7657E-01
  1.6792E+00  3.4058E-08 -1.2162E-07  4.8992E-01 -1.2185E-07 -6.8185E-08  4.7756E-01
  1.6911E+00  3.3796E-08 -1.1582E-07  4.9008E-01 -1.1815E-07 -6.6089E-08  4.7850E-01
  1.7031E+00  3.3530E-08 -1.0995E-07  4.9020E-01 -1.1432E-07 -6.3903E-08  4.7940E-01
  1.7151E+00  3.3260E-08 -1.0402E-07  4.9027E-01 -1.1035E-07 -6.1634E-08  4.8025E-01
  1.7270E+00  3.2987E-08 -9.8025E-08  4.9031E-01 -1.0626E-07 -5.9284E-08  4.8105E-01
  1.7393E+00  3.2706E-08 -9.1810E-08  4.9031E-01 -1.0193E-07 -5.6785E-08  4.8182E-01
  1.7512E+00  3.2427E-08 -8.5680E-08  4.9027E-01 -9.7584E-08 -5.4259E-08  4.8252E-01
  1.7632E+00  3.2143E-08 -7.9485E-08  4.9018E-01 -9.3109E-08 -5.1647E-08  4.8316E-01
  1.7752E+00  3.1853E-08 -7.3225E-08  4.9006E-01 -8.8515E-08 -4.8950E-08  4.8374E-01
  1.7871E+00  3.1557E-08 -6.6903E-08  4.8990E-01 -8.3807E-08 -4.6171E-08  4.8426E-01
  1.7991E+00  3.1254E-08 -6.0518E-08  4.8970E-01 -7.8987E-08 -4.3309E-08  4.8473E-01
  1.8110E+00  3.0944E-08 -5.4077E-08  4.8946E-01 -7.4058E-08 -4.0366E-08  4.8512E-01
  1.8230E+00  3.0627E-08 -4.7577E-08  4.8918E-01 -6.9020E-08 -3.7340E-08  4.8543E-01
  1.8353E+00  3.0293E-08 -4.0852E-08  4.8884E-01 -6.3752E-08 -3.4156E-08  4.8568E-01
  1.8472E+00  2.9959E-08 -3.4233E-08  4.8848E-01 -5.8510E-08 -3.0968E-08  4.8584E-01
  1.8592E+00  2.9617E-08 -2.7557E-08  4.8807E-01 -5.3171E-08 -2.7703E-08  4.8592E-01
  1.8712E+00  2.9268E-08 -2.0827E-08  4.8762E-01 -4.7745E-08 -2.4367E-08  4.8591E-01
  1.8831E+00  2.8909E-08 -1.4049E-08  4.8712E-01 -4.2242E-08 -2.0966E-08  4.8581E-01
  1.8951E+00  2.8543E-08 -7.2247E-09  4.8659E-01 -3.6666E-08 -1.7501E-08  4.8562E-01
  1.9070E+00  2.8166E-08 -3.6323E-10  4.8601E-01 -3.1032E-08 -1.3984E-08  4.8533E-01
  1.9193E+00  2.7772E-08  6.7130E-09  4.8536E-01 -2.5196E-08 -1.0323E-08  4.8492E-01
  1.9313E+00  2.7378E-08  1.3652E-08  4.8469E-01 -1.9461E-08 -6.7108E-09  4.8441E-01
  1.9432E+00  2.6973E-08  2.0625E-08  4.8397E-01 -1.3703E-08 -3.0681E-09  4.8379E-01
  1.9552E+00  2.6557E-08  2.7624E-08  4.8320E-01 -7.9276E-09  6.0028E-10  4.8306E-01
  1.9671E+00  2.6135E-08  3.4645E-08  4.8238E-01 -2.1517E-09  4.2814E-09  4.8221E-01
  1.9791E+00  2.5703E-08  4.1674E-08  4.8151E-01  3.6065E-09  7.9617E-09  4.8124E-01
  1.9911E+00  2.5258E-08  4.8711E-08  4.8059E-01  9.3401E-09  1.1636E-08  4.8014E-01
  2.0030E+00  2.4802E-08  5.5749E-08  4.7961E-01  1.5027E-08  1.5287E-08  4.7892E-01
  2.0153E+00  2.4324E-08  6.2953E-08  4.7855E-01  2.0790E-08  1.8993E-08  4.7753E-01
  2.0272E+00  2.3848E-08  6.9971E-08  4.7745E-01  2.6334E-08  2.2561E-08  4.7604E-01
  2.0392E+00  2.3359E-08  7.6968E-08  4.7628E-01  3.1778E-08  2.6068E-08  4.7440E-01
  2.0512E+00  2.2855E-08  8.3932E-08  4.7504E-01  3.7097E-08  2.9497E-08  4.7262E-01
  2.0631E+00  2.2336E-08  9.0855E-08  4.7371E-01  4.2269E-08  3.2831E-08  4.7071E-01
  2.0751E+00  2.1805E-08  9.7722E-08  4.7231E-01  4.7275E-08  3.6052E-08  4.6864E-01
  2.0870E+00  2.1260E-08  1.0453E-07  4.7082E-01  5.2088E-08  3.9144E-08  4.6643E-01
  2.0990E+00  2.0703E-08  1.1125E-07  4.6923E-01  5.6690E-08  4.2090E-08  4.6408E-01
  2.1113E+00  2.0120E-08  1.1806E-07  4.6750E-01  6.1165E-08  4.4942E-08  4.6152E-01
  2.1232E+00  1.9537E-08  1.2459E-07  4.6571E-01  6.5267E-08  4.7543E-08  4.5887E-01
  2.1352E+00  1.8940E-08  1.3100E-07  4.6380E-01  6.9087E-08  4.9947E-08  4.5609E-01
  2.1471E+00  1.8333E-08  1.3729E-07  4.6178E-01  7.2608E-08  5.2139E-08  4.5317E-01
  2.1591E+00  1.7713E-08  1.4342E-07  4.5964E-01  7.5805E-08  5.4103E-08  4.5014E-01
  2.1711E+00  1.7081E-08  1.4939E-07  4.5738E-01  7.8670E-08  5.5835E-08  4.4697E-01
  2.1830E+00  1.6439E-08  1.5518E-07  4.5498E-01  8.1188E-08  5.7326E-08  4.4370E-01
  2.1953E+00  1.5766E-08  1.6091E-07  4.5239E-01  8.3391E-08  5.8590E-08  4.4023E-01
  2.2072E+00  1.5101E-08  1.6629E-07  4.4973E-01  8.5174E-08  5.9569E-08  4.3675E-01
  2.2192E+00  1.4426E-08  1.7145E-07  4.4694E-01  8.6588E-08  6.0293E-08  4.3319E-01
  2.2312E+00  1.3736E-08  1.7636E-07  4.4401E-01  8.7631E-08  6.0760E-08  4.2955E-01
  2.2431E+00  1.3029E-08  1.8102E-07  4.4096E-01  8.8309E-08  6.0976E-08  4.2585E-01
  2.2551E+00  1.2318E-08  1.8541E-07  4.3778E-01  8.8630E-08  6.0948E-08  4.2211E-01
  2.2671E+00  1.1607E-08  1.8951E-07  4.3449E-01  8.8607E-08  6.0688E-08  4.1833E-01
  2.2790E+00  1.0888E-08  1.9331E-07  4.3108E-01  8.8251E-08  6.0206E-08  4.1452E-01
  2.2913E+00  1.0143E-08  1.9691E-07  4.2749E-01  8.7548E-08  5.9488E-08  4.1062E-01
  2.3032E+00  9.4149E-09  2.0010E-07  4.2390E-01  8.6556E-08  5.8588E-08  4.0682E-01
  2.3152E+00  8.6778E-09  2.0295E-07  4.2024E-01  8.5295E-08  5.7515E-08  4.0304E-01
  2.3272E+00  7.9360E-09  2.0548E-07  4.1651E-01  8.3778E-08  5.6280E-08  3.9930E-01
  2.3391E+00  7.1942E-09  2.0772E-07  4.1275E-01  8.2026E-08  5.4893E-08  3.9562E-01
  2.3511E+00  6.4583E-09  2.0959E-07  4.0897E-01  8.0083E-08  5.3391E-08  3.9200E-01
  2.3630E+00  5.7284E-09  2.1109E-07  4.0517E-01  7.7982E-08  5.1802E-08  3.8845E-01
  2.3753E+00  4.9812E-09  2.1229E-07  4.0129E-01  7.5686E-08  5.0090E-08  3.8489E-01
  2.3873E+00  4.2501E-09  2.1317E-07  3.9754E-01  7.3318E-08  4.8341E-08  3.8153E-01
  2.3992E+00  3.5181E-09  2.1377E-07  3.9383E-01  7.0846E-08  4.6527E-08  3.7829E-01
  2.4112E+00  2.8073E-09  2.1401E-07  3.9019E-01  6.8322E-08  4.4694E-08  3.7517E-01
  2.4231E+00  2.1116E-09  2.1389E-07  3.8663E-01  6.5782E-08  4.2863E-08  3.7215E-01
  2.4351E+00  1.4455E-09  2.1344E-07  3.8316E-01  6.3231E-08  4.1042E-08  3.6925E-01
  2.4471E+00  8.0827E-10  2.1270E-07  3.7980E-01  6.0692E-08  3.9243E-08  3.6649E-01
  2.4590E+00  1.8289E-10  2.1171E-07  3.7656E-01  5.8159E-08  3.7460E-08  3.6388E-01
  2.4713E+00 -4.6834E-10  2.1049E-07  3.7341E-01  5.5587E-08  3.5643E-08  3.6139E-01
  2.4832E+00 -1.0857E-09  2.0905E-07  3.7050E-01  5.3123E-08  3.3907E-08  3.5913E-01
  2.4952E+00 -1.6849E-09  2.0730E-07  3.6777E-01  5.0735E-08  3.2232E-08  3.5704E-01
  2.5072E+00 -2.2582E-09  2.0527E-07  3.6521E-01  4.8437E-08  3.0624E-08  3.5511E-01
  2.5191E+00 -2.8073E-09  2.0298E-07  3.6280E-01  4.6227E-08  2.9080E-08  3.5331E-01
  2.5311E+00 -3.3359E-09  2.0046E-07  3.6056E-01  4.4113E-08  2.7606E-08  3.5166E-01
  2.5430E+00 -3.8393E-09  1.9771E-07  3.5849E-01  4.2092E-08  2.6199E-08  3.5016E-01
  2.5550E+00 -4.3280E-09  1.9477E-07  3.5659E-01  4.0167E-08  2.4859E-08  3.4879E-01
  2.5673E+00 -4.8149E-09  1.9158E-07  3.5482E-01  3.8292E-08  2.3551E-08  3.4756E-01
  2.5792E+00 -5.2741E-09  1.8830E-07  3.5328E-01  3.6552E-08  2.2338E-08  3.4651E-01
  2.5912E+00 -5.7207E-09  1.8488E-07  3.5192E-01  3.4900E-08  2.1182E-08  3.4562E-01
  2.6032E+00 -6.1590E-09  1.8133E-07  3.5074E-01  3.3337E-08  2.0086E-08  3.4488E-01
  2.6151E+00 -6.5684E-09  1.7763E-07  3.4972E-01  3.1862E-08  1.9053E-08  3.4427E-01
  2.6271E+00 -6.9496E-09  1.7378E-07  3.4886E-01  3.0472E-08  1.8082E-08  3.4380E-01
  2.6390E+00 -7.3032E-09  1.6979E-07  3.4814E-01  2.9165E-08  1.7172E-08  3.4343E-01
  2.6513E+00 -7.6418E-09  1.6557E-07  3.4753E-01  2.7911E-08  1.6299E-08  3.4316E-01
  2.6633E+00 -7.9510E-09  1.6134E-07  3.4706E-01  2.6767E-08  1.5504E-08  3.4299E-01
  2.6752E+00 -8.2431E-09  1.5699E-07  3.4669E-01  2.5700E-08  1.4762E-08  3.4290E-01
  2.6872E+00 -8.5188E-09  1.5254E-07  3.4641E-01  2.4704E-08  1.4070E-08  3.4288E-01
  2.6991E+00 -8.7769E-09  1.4800E-07  3.4622E-01  2.3776E-08  1.3427E-08  3.4292E-01
  2.7111E+00 -9.0172E-09  1.4337E-07  3.4611E-01  2.2912E-08  1.2828E-08  3.4302E-01
  2.7231E+00 -9.2431E-09  1.3866E-07  3.4606E-01  2.2110E-08  1.2273E-08  3.4316E-01
  2.7350E+00 -9.4540E-09  1.3387E-07  3.4607E-01  2.1363E-08  1.1757E-08  3.4335E-01
  2.7473E+00 -9.6554E-09  1.2890E-07  3.4614E-01  2.0649E-08  1.1266E-08  3.4358E-01
  2.7592E+00 -9.8406E-09  1.2398E-07  3.4625E-01  2.0001E-08  1.0821E-08  3.4384E-01
  2.7712E+00 -1.0014E-08  1.1900E-07  3.4639E-01  1.9398E-08  1.0408E-08  3.4412E-01
  2.7832E+00 -1.0178E-08  1.1396E-07  3.4657E-01  1.8836E-08  1.0024E-08  3.4442E-01
  2.7951E+00 -1.0333E-08  1.0886E-07  3.4678E-01  1.8312E-08  9.6681E-09  3.4474E-01
  2.8071E+00 -1.0477E-08  1.0371E-07  3.4700E-01  1.7823E-08  9.3377E-09  3.4506E-01
  2.8190E+00 -1.0611E-08  9.8509E-08  3.4724E-01  1.7366E-08  9.0306E-09  3.4540E-01
  2.8310E+00 -1.0737E-08  9.3263E-08  3.4750E-01  1.6940E-08  8.7460E-09  3.4573E-01
  2.8433E+00 -1.0857E-08  8.7841E-08  3.4776E-01  1.6530E-08  8.4753E-09  3.4608E-01
  2.8552E+00 -1.0966E-08  8.2508E-08  3.4803E-01  1.6155E-08  8.2299E-09  3.4642E-01
  2.8672E+00 -1.1066E-08  7.7140E-08  3.4830E-01  1.5804E-08  8.0022E-09  3.4675E-01
  2.8791E+00 -1.1161E-08  7.1740E-08  3.4856E-01  1.5474E-08  7.7908E-09  3.4708E-01
  2.8911E+00 -1.1250E-08  6.6308E-08  3.4883E-01  1.5162E-08  7.5941E-09  3.4740E-01
  2.9031E+00 -1.1332E-08  6.0846E-08  3.4909E-01  1.4866E-08  7.4104E-09  3.4771E-01
  2.9150E+00 -1.1409E-08  5.5355E-08  3.4935E-01  1.4585E-08  7.2392E-09  3.4802E-01
  2.9273E+00 -1.1483E-08  4.9706E-08  3.4960E-01  1.4311E-08  7.0746E-09  3.4832E-01
  2.9392E+00 -1.1550E-08  4.4169E-08  3.4985E-01  1.4057E-08  6.9247E-09  3.4861E-01
  2.9512E+00 -1.1168E-08  3.8632E-08  3.5009E-01  1.3828E-08  6.7919E-09  3.4889E-01
  2.9632E+00 -1.0032E-08  3.3150E-08  3.5032E-01  1.3752E-08  6.6971E-09  3.4914E-01
  2.9751E+00 -1.1998E-08  2.7414E-08  3.5055E-01  1.3870E-08  6.6648E-09  3.4937E-01
  2.9871E+00 -4.0061E-08  2.2422E-08  3.5078E-01  1.1657E-08  6.0049E-09  3.4986E-01
  2.9991E+00 -1.3876E-08  1.7600E-08  3.5100E-01  9.8634E-09  5.4394E-09  3.5029E-01
  3.0113E+00  1.2465E-08  1.1864E-08  3.5049E-01  1.1419E-08  5.8229E-09  3.4966E-01
  3.0232E+00 -3.7123E-08  7.3105E-09  3.5068E-01  1.0939E-08  5.6375E-09  3.4990E-01
  3.0352E+00 -5.0248E-09  2.9051E-09  3.5084E-01  9.8782E-09  5.2735E-09  3.5019E-01
  3.0472E+00  4.3747E-09 -3.3564E-09  3.5097E-01  1.1902E-08  5.8233E-09  3.5016E-01
  3.0591E+00 -3.4286E-08 -5.9910E-09  3.5111E-01  1.0381E-08  5.3456E-09  3.5045E-01
  3.0711E+00  3.5719E-09 -1.0204E-08  3.5123E-01  1.0059E-08  5.1980E-09  3.5062E-01
  3.0831E+00 -1.1004E-08 -1.6557E-08  3.5133E-01  1.2046E-08  5.7596E-09  3.5056E-01
  3.0951E+00 -2.7320E-08 -1.8122E-08  3.5143E-01  9.9612E-09  5.1167E-09  3.5085E-01
  3.1070E+00  1.1236E-08 -2.1959E-08  3.5151E-01  1.0404E-08  5.2072E-09  3.5092E-01
  3.1190E+00 -2.7394E-08 -2.7442E-08  3.5159E-01  1.1734E-08  5.5850E-09  3.5089E-01
  3.1313E+00 -1.7612E-08 -2.9155E-08  3.5166E-01  9.6816E-09  4.9437E-09  3.5114E-01
  3.1432E+00  1.5470E-08 -3.2970E-08  3.5176E-01  1.0938E-08  5.3007E-09  3.5117E-01
  3.1552E+00 -3.7990E-08 -3.6525E-08  3.5203E-01  1.1013E-08  5.3037E-09  3.5143E-01
  3.1672E+00 -8.3606E-09 -3.8881E-08  3.5271E-01  9.5630E-09  4.8321E-09  3.5224E-01
  3.1792E+00  1.1294E-08 -4.3265E-08  3.5379E-01  1.1388E-08  5.3817E-09  3.5321E-01
  3.1911E+00 -3.8508E-08 -4.4862E-08  3.5411E-01  1.0301E-08  5.0243E-09  3.5360E-01
  3.2031E+00  5.2898E-10 -4.7548E-08  3.5307E-01  9.5779E-09  4.7594E-09  3.5263E-01
  3.2151E+00 -2.8242E-09 -5.2568E-08  3.5214E-01  1.1577E-08  5.3725E-09  3.5158E-01
  3.2271E+00 -3.3021E-08 -5.2751E-08  3.5178E-01  9.6926E-09  4.7600E-09  3.5134E-01
  3.2391E+00  9.2746E-09 -5.5357E-08  3.5165E-01  9.7177E-09  4.7244E-09  3.5123E-01
  3.2510E+00 -2.1541E-08 -6.0220E-08  3.5159E-01  1.1304E-08  5.2072E-09  3.5108E-01
  3.2630E+00 -2.4023E-08 -6.0171E-08  3.5154E-01  9.2240E-09  4.5277E-09  3.5116E-01
  3.2753E+00  1.6514E-08 -6.2822E-08  3.5149E-01  1.0014E-08  4.7430E-09  3.5108E-01
  3.2873E+00 -3.7265E-08 -6.6174E-08  3.5145E-01  1.0556E-08  4.8906E-09  3.5101E-01
  3.2993E+00 -1.2777E-08 -6.7006E-08  3.5139E-01  8.8912E-09  4.3297E-09  3.5106E-01
  3.3112E+00  1.6417E-08 -7.0097E-08  3.5133E-01  1.0282E-08  4.7567E-09  3.5094E-01
  3.3232E+00 -4.1175E-08 -7.1483E-08  3.5129E-01  9.7177E-09  4.5477E-09  3.5092E-01
  3.3352E+00 -2.3855E-09 -7.3099E-08  3.5123E-01  8.6994E-09  4.1797E-09  3.5093E-01
  3.3472E+00  6.3546E-09 -7.7091E-08  3.5117E-01  1.0393E-08  4.7147E-09  3.5079E-01
  3.3592E+00 -3.6675E-08 -7.6755E-08  3.5113E-01  8.9489E-09  4.2199E-09  3.5083E-01
  3.3711E+00  7.8563E-09 -7.8602E-08  3.5117E-01  8.6108E-09  4.0625E-09  3.5089E-01
  3.3831E+00 -1.1674E-08 -8.3019E-08  3.5143E-01  1.0144E-08  4.5450E-09  3.5109E-01
  3.3951E+00 -2.7351E-08 -8.1964E-08  3.5231E-01  8.3285E-09  3.9316E-09  3.5206E-01
  3.4071E+00  1.6957E-08 -8.3761E-08  3.5353E-01  8.6209E-09  3.9838E-09  3.5327E-01
  3.4191E+00 -2.9342E-08 -8.7385E-08  3.5346E-01  9.5182E-09  4.2546E-09  3.5317E-01
  3.4310E+00 -1.6413E-08 -8.6903E-08  3.5213E-01  7.8641E-09  3.6963E-09  3.5191E-01
  3.4430E+00  2.1136E-08 -8.8988E-08  3.5117E-01  8.7042E-09  3.9447E-09  3.5093E-01
  3.4550E+00 -3.9339E-08 -9.0841E-08  3.5079E-01  8.7068E-09  3.9208E-09  3.5055E-01
  3.4673E+00 -4.5585E-09 -9.1447E-08  3.5064E-01  7.5344E-09  3.5110E-09  3.5044E-01
  3.4793E+00  1.5034E-08 -9.4526E-08  3.5055E-01  8.7841E-09  3.9075E-09  3.5032E-01
  3.4913E+00 -3.8580E-08 -9.4231E-08  3.5049E-01  7.8747E-09  3.5835E-09  3.5029E-01
  3.5033E+00  5.9128E-09 -9.5506E-08  3.5044E-01  7.3190E-09  3.3595E-09  3.5026E-01
  3.5152E+00 -1.1689E-09 -9.9458E-08  3.5037E-01  8.6019E-09  3.7723E-09  3.5016E-01
  3.5272E+00 -3.0953E-08 -9.7950E-08  3.5032E-01  7.2303E-09  3.3012E-09  3.5016E-01
  3.5392E+00  1.5531E-08 -9.9305E-08  3.5027E-01  7.2001E-09  3.2465E-09  3.5011E-01
  3.5512E+00 -2.1735E-08 -1.0307E-07  3.5021E-01  8.1121E-09  3.5273E-09  3.5003E-01
  3.5632E+00 -2.0698E-08 -1.0166E-07  3.5015E-01  6.7163E-09  3.0553E-09  3.5001E-01
  3.5752E+00  2.2072E-08 -1.0314E-07  3.5010E-01  7.1390E-09  3.1576E-09  3.4995E-01
  3.5871E+00 -3.6693E-08 -1.0546E-07  3.5005E-01  7.4127E-09  3.2201E-09  3.4990E-01
  3.5991E+00 -9.7644E-09 -1.0512E-07  3.4999E-01  6.3158E-09  2.8407E-09  3.4987E-01
  3.6111E+00  2.1441E-08 -1.0730E-07  3.5079E-01  7.0840E-09  3.0742E-09  3.5065E-01
  3.6231E+00 -4.0884E-08 -1.0761E-07  3.5074E-01  6.6911E-09  2.9164E-09  3.5062E-01
  3.6351E+00  1.2548E-09 -1.0826E-07  3.5069E-01  6.0084E-09  2.6593E-09  3.5058E-01
  3.6471E+00  9.9940E-09 -1.1153E-07  3.5063E-01  6.9197E-09  2.9451E-09  3.5051E-01
  3.6591E+00 -3.6073E-08 -1.1009E-07  3.5058E-01  6.0452E-09  2.6348E-09  3.5048E-01
  3.6710E+00  1.1926E-08 -1.1111E-07  3.5053E-01  5.7637E-09  2.4958E-09  3.5044E-01
  3.6830E+00 -1.0104E-08 -1.1492E-07  3.5048E-01  6.5389E-09  2.7284E-09  3.5037E-01
  3.6950E+00 -2.6504E-08 -1.1286E-07  3.5043E-01  5.5058E-09  2.3797E-09  3.5035E-01
  3.7070E+00  2.0874E-08 -1.1393E-07  3.5039E-01  5.5728E-09  2.3528E-09  3.5030E-01
  3.7193E+00 -3.1719E-08 -1.1683E-07  3.5034E-01  5.9440E-09  2.4401E-09  3.5025E-01
  3.7313E+00 -1.4061E-08 -1.1563E-07  3.5029E-01  5.0534E-09  2.1447E-09  3.5022E-01
  3.7433E+00  2.4648E-08 -1.1718E-07  3.5025E-01  5.4315E-09  2.2314E-09  3.5017E-01
  3.7553E+00 -4.1103E-08 -1.1810E-07  3.5021E-01  5.3098E-09  2.1573E-09  3.5014E-01
  3.7672E+00 -2.6060E-09 -1.1812E-07  3.5016E-01  4.6935E-09  1.9415E-09  3.5010E-01
  3.7792E+00  1.7777E-08 -1.2075E-07  3.5012E-01  5.2213E-09  2.0843E-09  3.5005E-01
  3.7912E+00 -3.9545E-08 -1.1966E-07  3.5009E-01  4.7276E-09  1.8986E-09  3.5003E-01
  3.8032E+00  8.6658E-09 -1.2036E-07  3.5005E-01  4.3763E-09  1.7440E-09  3.5000E-01
  3.8152E+00 -4.8908E-11 -1.2398E-07  3.5001E-01  4.8867E-09  1.8815E-09  3.4995E-01
  3.8272E+00 -3.1164E-08 -1.2168E-07  3.4998E-01  4.2246E-09  1.6600E-09  3.4993E-01
  3.8392E+00  1.8962E-08 -1.2252E-07  3.4994E-01  4.1078E-09  1.5685E-09  3.4990E-01
  3.8511E+00 -2.2281E-08 -1.2595E-07  3.4991E-01  4.4114E-09  1.6252E-09  3.4986E-01
  3.8631E+00 -2.0052E-08 -1.2387E-07  3.4988E-01  3.7906E-09  1.4357E-09  3.4984E-01
  3.8751E+00  2.5800E-08 -1.2491E-07  3.4985E-01  3.8639E-09  1.4070E-09  3.4981E-01
  3.8871E+00 -3.8106E-08 -1.2679E-07  3.4982E-01  3.8877E-09  1.3708E-09  3.4978E-01
  3.8991E+00 -8.2636E-09 -1.2593E-07  3.4979E-01  3.4088E-09  1.2205E-09  3.4976E-01
  3.9111E+00  2.4703E-08 -1.2781E-07  3.4976E-01  3.6170E-09  1.2486E-09  3.4973E-01
  3.9231E+00 -4.2214E-08 -1.2755E-07  3.4974E-01  3.4012E-09  1.1488E-09  3.4971E-01
  3.9351E+00  3.5896E-09 -1.2780E-07  3.4971E-01  3.0761E-09  1.0247E-09  3.4969E-01
  3.9471E+00  1.1851E-08 -1.3089E-07  3.4968E-01  3.3117E-09  1.0622E-09  3.4966E-01
  3.9590E+00 -3.6753E-08 -1.2883E-07  3.4966E-01  2.9659E-09  9.4434E-10  3.4964E-01
  3.9710E+00  1.5027E-08 -1.2949E-07  3.4964E-01  2.7633E-09  8.3222E-10  3.4962E-01
  3.9830E+00 -1.0072E-08 -1.3316E-07  3.4962E-01  2.9111E-09  8.2965E-10  3.4959E-01
  3.9950E+00 -2.6338E-08 -1.3052E-07  3.4960E-01  2.5738E-09  7.4394E-10  3.4958E-01
  4.0073E+00  2.5270E-08 -1.3132E-07  3.4863E-01  2.4710E-09  6.4884E-10  3.4861E-01
  4.0193E+00 -3.3068E-08 -1.3391E-07  3.4861E-01  2.4624E-09  5.8927E-10  3.4859E-01
  4.0313E+00 -1.2934E-08 -1.3229E-07  3.4859E-01  2.2061E-09  5.3975E-10  3.4858E-01
  4.0433E+00  2.8142E-08 -1.3362E-07  3.4857E-01  2.1805E-09  4.7338E-10  3.4856E-01
  4.0552E+00 -4.2640E-08 -1.3415E-07  3.4856E-01  2.0634E-09  3.9534E-10  3.4855E-01
  4.0672E+00 -6.2962E-10 -1.3385E-07  3.4854E-01  1.8749E-09  3.4712E-10  3.4853E-01
  4.0792E+00  2.0170E-08 -1.3638E-07  3.4853E-01  1.8647E-09  2.8714E-10  3.4851E-01
  4.0912E+00 -4.0540E-08 -1.3480E-07  3.4852E-01  1.7117E-09  2.2800E-10  3.4851E-01
  4.1032E+00  1.1448E-08 -1.3523E-07  3.4851E-01  1.5357E-09  1.4051E-10  3.4850E-01
  4.1152E+00  5.4860E-10 -1.3882E-07  3.4850E-01  1.4906E-09  6.5557E-11  3.4849E-01
  4.1272E+00 -3.1335E-08 -1.3601E-07  3.4852E-01  1.3806E-09  5.8288E-11  3.4850E-01
  4.1392E+00  2.2392E-08 -1.3660E-07  3.4857E-01  1.2084E-09 -5.6913E-11  3.4856E-01
  4.1512E+00 -2.3281E-08 -1.3994E-07  3.4881E-01  1.0899E-09 -1.6652E-10  3.4880E-01
  4.1631E+00 -1.9381E-08 -1.3746E-07  3.4960E-01  1.0567E-09 -1.2128E-10  3.4959E-01
  4.1751E+00  2.9367E-08 -1.3833E-07  3.5126E-01  8.8351E-10 -2.4631E-10  3.5125E-01
  4.1871E+00 -3.9890E-08 -1.3998E-07  3.5246E-01  7.4614E-10 -3.5077E-10  3.5245E-01
  4.1991E+00 -7.0507E-09 -1.3884E-07  3.5131E-01  7.2126E-10 -3.2012E-10  3.5130E-01
  4.2111E+00  2.7237E-08 -1.4064E-07  3.4958E-01  5.3923E-10 -4.4401E-10  3.4957E-01
  4.2231E+00 -4.4062E-08 -1.4001E-07  3.4876E-01  4.5523E-10 -4.9926E-10  3.4875E-01
  4.2351E+00  5.3596E-09 -1.4005E-07  3.4850E-01  3.8264E-10 -5.2501E-10  3.4849E-01
  4.2471E+00  1.2687E-08 -1.4319E-07  3.4843E-01  1.5656E-10 -6.6805E-10  3.4842E-01
  4.2591E+00 -3.7876E-08 -1.4069E-07  3.4841E-01  1.8106E-10 -6.4411E-10  3.4840E-01
  4.2710E+00  1.7535E-08 -1.4116E-07  3.4841E-01  2.4264E-11 -7.4216E-10  3.4839E-01
  4.2830E+00 -1.0983E-08 -1.4487E-07  3.4840E-01 -2.5012E-10 -9.1364E-10  3.4839E-01
  4.2950E+00 -2.6541E-08 -1.4185E-07  3.4840E-01 -1.0596E-10 -8.0777E-10  3.4839E-01
  4.3070E+00  2.7489E-08 -1.4244E-07  3.4840E-01 -3.4444E-10 -9.5897E-10  3.4839E-01
  4.3190E+00 -3.3069E-08 -1.4512E-07  3.4840E-01 -6.0113E-10 -1.1243E-09  3.4838E-01
  4.3313E+00 -1.2146E-08 -1.4312E-07  3.4840E-01 -4.1810E-10 -9.9535E-10  3.4838E-01
  4.3433E+00  3.0881E-08 -1.4439E-07  3.4840E-01 -7.2819E-10 -1.1751E-09  3.4838E-01
  4.3553E+00 -4.4283E-08 -1.4465E-07  3.4843E-01 -8.3690E-10 -1.2563E-09  3.4841E-01
  4.3673E+00  1.0507E-09 -1.4422E-07  3.4851E-01 -7.4230E-10 -1.1922E-09  3.4849E-01
  4.3793E+00  2.1833E-08 -1.4679E-07  3.4884E-01 -1.1175E-09 -1.3948E-09  3.4882E-01
  4.3912E+00 -4.1182E-08 -1.4483E-07  3.4989E-01 -1.0373E-09 -1.3658E-09  3.4987E-01
  4.4032E+00  1.4160E-08 -1.4512E-07  3.5179E-01 -1.1064E-09 -1.4133E-09  3.5177E-01
  4.4152E+00  9.5887E-10 -1.4877E-07  3.5256E-01 -1.5234E-09 -1.6367E-09  3.5253E-01
  4.4272E+00 -3.0758E-08 -1.4563E-07  3.5101E-01 -1.2514E-09 -1.4886E-09  3.5098E-01
  4.4392E+00  2.5791E-08 -1.4608E-07  3.4939E-01 -1.4710E-09 -1.6238E-09  3.4937E-01
  4.4512E+00 -2.3901E-08 -1.4938E-07  3.4872E-01 -1.8618E-09 -1.8444E-09  3.4869E-01
  4.4632E+00 -1.8027E-08 -1.4668E-07  3.4853E-01 -1.4929E-09 -1.6324E-09  3.4850E-01
  4.4752E+00  3.2767E-08 -1.4744E-07  3.4848E-01 -1.8428E-09 -1.8282E-09  3.4845E-01
  4.4872E+00 -4.0441E-08 -1.4890E-07  3.4847E-01 -2.0727E-09 -1.9729E-09  3.4844E-01
  4.4991E+00 -4.7727E-09 -1.4763E-07  3.4848E-01 -1.7853E-09 -1.8109E-09  3.4845E-01
  4.5111E+00  3.0198E-08 -1.4945E-07  3.4848E-01 -2.2232E-09 -2.0327E-09  3.4845E-01
  4.5231E+00 -4.3656E-08 -1.4853E-07  3.4850E-01 -2.1981E-09 -2.0445E-09  3.4846E-01
  4.5351E+00  8.4292E-09 -1.4846E-07  3.4851E-01 -2.0988E-09 -1.9980E-09  3.4847E-01
  4.5471E+00  1.4340E-08 -1.5166E-07  3.4852E-01 -2.6151E-09 -2.2527E-09  3.4847E-01
  4.5591E+00 -3.6715E-08 -1.4885E-07  3.4853E-01 -2.3284E-09 -2.1207E-09  3.4849E-01
  4.5711E+00  2.1017E-08 -1.4919E-07  3.4854E-01 -2.4544E-09 -2.2052E-09  3.4850E-01
  4.5831E+00 -1.0647E-08 -1.5290E-07  3.4855E-01 -2.9854E-09 -2.4786E-09  3.4850E-01
  4.5951E+00 -2.4834E-08 -1.4965E-07  3.4857E-01 -2.5116E-09 -2.2331E-09  3.4853E-01
  4.6071E+00  3.1049E-08 -1.5013E-07  3.4964E-01 -2.8355E-09 -2.4169E-09  3.4959E-01
  4.6190E+00 -3.3224E-08 -1.5269E-07  3.4965E-01 -3.2384E-09 -2.6420E-09  3.4960E-01
  4.6310E+00 -1.1489E-08 -1.5055E-07  3.4967E-01 -2.7532E-09 -2.3823E-09  3.4962E-01
  4.6430E+00  3.4197E-08 -1.5167E-07  3.4968E-01 -3.2291E-09 -2.6261E-09  3.4963E-01
  4.6550E+00 -4.3809E-08 -1.5197E-07  3.4970E-01 -3.3486E-09 -2.7156E-09  3.4964E-01
  4.6670E+00  2.0453E-09 -1.5131E-07  3.4971E-01 -3.0327E-09 -2.5509E-09  3.4966E-01
  4.6793E+00  2.3459E-08 -1.5395E-07  3.4972E-01 -3.6414E-09 -2.8464E-09  3.4967E-01
  4.6913E+00 -4.0656E-08 -1.5172E-07  3.4974E-01 -3.3955E-09 -2.7482E-09  3.4969E-01
  4.7033E+00  1.6716E-08 -1.5192E-07  3.4976E-01 -3.3982E-09 -2.7674E-09  3.4970E-01
  4.7153E+00  8.0617E-10 -1.5563E-07  3.4977E-01 -4.0393E-09 -3.0812E-09  3.4971E-01
  4.7273E+00 -3.0069E-08 -1.5226E-07  3.4980E-01 -3.5201E-09 -2.8288E-09  3.4974E-01
  4.7392E+00  2.8370E-08 -1.5261E-07  3.4981E-01 -3.7829E-09 -2.9830E-09  3.4975E-01
  4.7512E+00 -2.4901E-08 -1.5586E-07  3.4983E-01 -4.3373E-09 -3.2729E-09  3.4975E-01
  4.7632E+00 -1.6895E-08 -1.5304E-07  3.4985E-01 -3.7141E-09 -2.9521E-09  3.4979E-01
  4.7752E+00  3.5212E-08 -1.5376E-07  3.4987E-01 -4.1825E-09 -3.1952E-09  3.4980E-01
  4.7872E+00 -4.1287E-08 -1.5506E-07  3.4989E-01 -4.4619E-09 -3.3625E-09  3.4981E-01
  4.7992E+00 -3.1815E-09 -1.5374E-07  3.4991E-01 -3.9829E-09 -3.1188E-09  3.4984E-01
  4.8112E+00  3.1835E-08 -1.5561E-07  3.4993E-01 -4.5882E-09 -3.4061E-09  3.4985E-01
  4.8232E+00 -4.3893E-08 -1.5446E-07  3.4995E-01 -4.4907E-09 -3.3900E-09  3.4987E-01
  4.8352E+00  1.0467E-08 -1.5433E-07  3.4997E-01 -4.2970E-09 -3.3050E-09  3.4989E-01
  4.8472E+00  1.4639E-08 -1.5763E-07  3.4998E-01 -4.9953E-09 -3.6309E-09  3.4990E-01
  4.8592E+00 -3.6326E-08 -1.5458E-07  3.5001E-01 -4.5427E-09 -3.4306E-09  3.4993E-01
  4.8711E+00  2.3447E-08 -1.5484E-07  3.5003E-01 -4.6662E-09 -3.5151E-09  3.4994E-01
  4.8831E+00 -1.1453E-08 -1.5858E-07  3.5004E-01 -5.3579E-09 -3.8545E-09  3.4994E-01
  4.8951E+00 -2.3932E-08 -1.5519E-07  3.5007E-01 -4.6755E-09 -3.5199E-09  3.4998E-01
  4.9071E+00  3.3603E-08 -1.5561E-07  3.5009E-01 -5.0700E-09 -3.7325E-09  3.4999E-01
  4.9191E+00 -3.4272E-08 -1.5808E-07  3.5011E-01 -5.5615E-09 -3.9954E-09  3.5000E-01
  4.9311E+00 -1.0138E-08 -1.5588E-07  3.5013E-01 -4.8920E-09 -3.6572E-09  3.5004E-01
  4.9431E+00  3.6295E-08 -1.5702E-07  3.5015E-01 -5.4842E-09 -3.9450E-09  3.5005E-01
  4.9551E+00 -4.4380E-08 -1.5713E-07  3.5017E-01 -5.5946E-09 -4.0327E-09  3.5007E-01
  4.9671E+00  3.8423E-09 -1.5645E-07  3.5019E-01 -5.1695E-09 -3.8250E-09  3.5010E-01
  4.9791E+00  2.6324E-08 -1.5902E-07  3.5022E-01 -5.8982E-09 -4.1616E-09  3.5010E-01
  4.9910E+00 -4.1412E-08 -1.5677E-07  3.5024E-01 -5.5884E-09 -4.0423E-09  3.5013E-01
  5.0030E+00  1.7508E-08 -1.5687E-07  3.4862E-01 -5.5245E-09 -4.0312E-09  3.4852E-01
  5.0150E+00  3.3997E-09 -1.6062E-07  3.4864E-01 -6.3068E-09 -4.3986E-09  3.4852E-01
  5.0270E+00 -3.0788E-08 -1.5709E-07  3.4867E-01 -5.6545E-09 -4.0946E-09  3.4856E-01
  5.0390E+00  2.9746E-08 -1.5737E-07  3.4869E-01 -5.9230E-09 -4.2497E-09  3.4858E-01
  5.0513E+00 -2.6007E-08 -1.6062E-07  3.4872E-01 -6.5942E-09 -4.5888E-09  3.4858E-01
  5.0633E+00 -1.5716E-08 -1.5773E-07  3.4874E-01 -5.8087E-09 -4.1987E-09  3.4863E-01
  5.0753E+00  3.7544E-08 -1.5845E-07  3.4877E-01 -6.3607E-09 -4.4734E-09  3.4864E-01
  5.0873E+00 -4.2108E-08 -1.5959E-07  3.4880E-01 -6.6631E-09 -4.6514E-09  3.4866E-01
  5.0993E+00 -1.5663E-09 -1.5826E-07  3.4883E-01 -6.0645E-09 -4.3564E-09  3.4870E-01
  5.1113E+00  3.3271E-08 -1.6022E-07  3.4886E-01 -6.7804E-09 -4.6856E-09  3.4872E-01
  5.1232E+00 -4.4044E-08 -1.5884E-07  3.4891E-01 -6.6306E-09 -4.6492E-09  3.4878E-01
  5.1352E+00  1.2506E-08 -1.5869E-07  3.4905E-01 -6.3876E-09 -4.5454E-09  3.4891E-01
  5.1472E+00  1.4692E-08 -1.6212E-07  3.4948E-01 -7.1952E-09 -4.9112E-09  3.4932E-01
  5.1592E+00 -3.5876E-08 -1.5886E-07  3.5098E-01 -6.6317E-09 -4.6646E-09  3.5084E-01
  5.1712E+00  2.5771E-08 -1.5907E-07  3.5479E-01 -6.7627E-09 -4.7520E-09  3.5465E-01
  5.1832E+00 -1.2640E-08 -1.6288E-07  3.5928E-01 -7.5487E-09 -5.1286E-09  3.5911E-01
  5.1952E+00 -2.3416E-08 -1.5937E-07  3.5837E-01 -6.7369E-09 -4.7400E-09  3.5823E-01
  5.2072E+00  3.5388E-08 -1.5975E-07  3.5353E-01 -7.1930E-09 -4.9791E-09  3.5338E-01
  5.2192E+00 -3.6200E-08 -1.6215E-07  3.5051E-01 -7.7425E-09 -5.2693E-09  3.5033E-01
  5.2312E+00 -9.6988E-09 -1.5994E-07  3.4948E-01 -6.9717E-09 -4.8923E-09  3.4933E-01
  5.2431E+00  3.7240E-08 -1.6115E-07  3.4921E-01 -7.6489E-09 -5.2124E-09  3.4904E-01
  5.2551E+00 -4.5833E-08 -1.6109E-07  3.4916E-01 -7.7561E-09 -5.3027E-09  3.4898E-01
  5.2671E+00  4.6677E-09 -1.6043E-07  3.4916E-01 -7.2875E-09 -5.0847E-09  3.4900E-01
  5.2791E+00  2.6079E-08 -1.6315E-07  3.4918E-01 -8.1010E-09 -5.4492E-09  3.4899E-01
  5.2911E+00 -4.2070E-08 -1.6070E-07  3.4920E-01 -7.7346E-09 -5.3109E-09  3.4903E-01
  5.3031E+00  1.8791E-08 -1.6077E-07  3.4923E-01 -7.6702E-09 -5.3041E-09  3.4905E-01
  5.3151E+00  1.9687E-09 -1.6464E-07  3.4925E-01 -8.5473E-09 -5.7094E-09  3.4904E-01
  5.3271E+00 -3.0760E-08 -1.6099E-07  3.4928E-01 -7.8013E-09 -5.3695E-09  3.4910E-01
  5.3391E+00  3.1328E-08 -1.6124E-07  3.4931E-01 -8.1105E-09 -5.5435E-09  3.4912E-01
  5.3511E+00 -2.5110E-08 -1.6461E-07  3.4938E-01 -8.8549E-09 -5.9119E-09  3.4916E-01
  5.3631E+00 -1.6666E-08 -1.6155E-07  3.4956E-01 -7.9744E-09 -5.4877E-09  3.4937E-01
  5.3750E+00  3.8802E-08 -1.6220E-07  3.5016E-01 -8.5688E-09 -5.7793E-09  3.4995E-01
  5.3870E+00 -4.1882E-08 -1.6349E-07  3.5211E-01 -8.9430E-09 -5.9922E-09  3.5189E-01
  5.3990E+00 -1.6477E-09 -1.6201E-07  3.5652E-01 -8.2604E-09 -5.6670E-09  3.5632E-01
  5.4110E+00  3.5776E-08 -1.6389E-07  3.6027E-01 -9.0306E-09 -6.0133E-09  3.6006E-01
  5.4230E+00 -4.3782E-08 -1.6260E-07  3.5786E-01 -8.9006E-09 -5.9909E-09  3.5764E-01
  5.4350E+00  1.3254E-08 -1.6236E-07  3.5309E-01 -8.5893E-09 -5.8568E-09  3.5288E-01
  5.4473E+00  1.4871E-08 -1.6589E-07  3.5058E-01 -9.4737E-09 -6.2484E-09  3.5033E-01
  5.4593E+00 -3.4395E-08 -1.6247E-07  3.4985E-01 -8.8435E-09 -5.9773E-09  3.4963E-01
  5.4713E+00  2.8338E-08 -1.6263E-07  3.4968E-01 -8.9962E-09 -6.0758E-09  3.4946E-01
  5.4833E+00 -1.2845E-08 -1.6642E-07  3.4966E-01 -9.8349E-09 -6.4711E-09  3.4940E-01
  5.4953E+00 -2.1167E-08 -1.6288E-07  3.4968E-01 -8.9425E-09 -6.0510E-09  3.4945E-01
  5.5072E+00  3.8356E-08 -1.6324E-07  3.4970E-01 -9.4287E-09 -6.2962E-09  3.4946E-01
  5.5192E+00 -3.5351E-08 -1.6551E-07  3.4973E-01 -9.9860E-09 -6.5847E-09  3.4946E-01
  5.5312E+00 -6.7561E-09 -1.6334E-07  3.4976E-01 -9.1522E-09 -6.1836E-09  3.4952E-01
  5.5432E+00  3.9776E-08 -1.6458E-07  3.4979E-01 -9.8638E-09 -6.5083E-09  3.4953E-01
  5.5552E+00 -4.3985E-08 -1.6433E-07  3.4982E-01 -9.9474E-09 -6.5869E-09  3.4955E-01
  5.5672E+00  7.7686E-09 -1.6367E-07  3.4985E-01 -9.4539E-09 -6.3619E-09  3.4960E-01
  5.5792E+00  2.7488E-08 -1.6646E-07  3.4988E-01 -1.0297E-08 -6.7282E-09  3.4960E-01
  5.5912E+00 -3.9611E-08 -1.6383E-07  3.4991E-01 -9.8846E-09 -6.5708E-09  3.4965E-01
  5.6032E+00  2.1903E-08 -1.6386E-07  3.5163E-01 -9.8214E-09 -6.5650E-09  3.5137E-01
  5.6152E+00  2.4784E-09 -1.6774E-07  3.5166E-01 -1.0724E-08 -6.9737E-09  3.5136E-01
  5.6272E+00 -2.8093E-08 -1.6401E-07  3.5170E-01 -9.9210E-09 -6.6103E-09  3.5143E-01
  5.6391E+00  3.4247E-08 -1.6420E-07  3.5173E-01 -1.0246E-08 -6.7873E-09  3.5145E-01
  5.6511E+00 -2.4652E-08 -1.6747E-07  3.5176E-01 -1.0994E-08 -7.1516E-09  3.5144E-01
  5.6631E+00 -1.4072E-08 -1.6444E-07  3.5179E-01 -1.0069E-08 -6.7103E-09  3.5152E-01
  5.6751E+00  4.1041E-08 -1.6509E-07  3.5182E-01 -1.0679E-08 -7.0005E-09  3.5152E-01
  5.6871E+00 -4.1022E-08 -1.6621E-07  3.5185E-01 -1.1035E-08 -7.2015E-09  3.5153E-01
  5.6991E+00  4.7196E-10 -1.6478E-07  3.5189E-01 -1.0322E-08 -6.8632E-09  3.5160E-01
  5.7111E+00  3.6446E-08 -1.6674E-07  3.5192E-01 -1.1109E-08 -7.2099E-09  3.5160E-01
  5.7231E+00 -4.2846E-08 -1.6527E-07  3.5195E-01 -1.0961E-08 -7.1807E-09  3.5164E-01
  5.7351E+00  1.4932E-08 -1.6501E-07  3.5198E-01 -1.0663E-08 -7.0576E-09  3.5168E-01
  5.7471E+00  1.7155E-08 -1.6849E-07  3.5201E-01 -1.1538E-08 -7.4381E-09  3.5167E-01
  5.7591E+00 -3.4422E-08 -1.6510E-07  3.5205E-01 -1.0932E-08 -7.1844E-09  3.5173E-01
  5.7710E+00  2.8628E-08 -1.6519E-07  3.5208E-01 -1.1061E-08 -7.2716E-09  3.5176E-01
  5.7830E+00 -1.0643E-08 -1.6903E-07  3.5211E-01 -1.1914E-08 -7.6670E-09  3.5174E-01
  5.7950E+00 -2.1310E-08 -1.6541E-07  3.5214E-01 -1.1021E-08 -7.2531E-09  3.5182E-01
  5.8070E+00  3.9062E-08 -1.6571E-07  3.5218E-01 -1.1491E-08 -7.4888E-09  3.5183E-01
  5.8190E+00 -3.3841E-08 -1.6810E-07  3.5221E-01 -1.2081E-08 -7.7887E-09  3.5183E-01
  5.8310E+00 -6.8752E-09 -1.6581E-07  3.5224E-01 -1.1225E-08 -7.3816E-09  3.5191E-01
  5.8433E+00  4.0553E-08 -1.6712E-07  3.5228E-01 -1.1940E-08 -7.7025E-09  3.5191E-01
  5.8553E+00 -4.3451E-08 -1.6669E-07  3.5231E-01 -1.2010E-08 -7.7753E-09  3.5194E-01
  5.8673E+00  9.3735E-09 -1.6606E-07  3.5234E-01 -1.1534E-08 -7.5624E-09  3.5199E-01
  5.8793E+00  2.7250E-08 -1.6895E-07  3.5237E-01 -1.2363E-08 -7.9177E-09  3.5199E-01
  5.8913E+00 -3.8488E-08 -1.6618E-07  3.5241E-01 -1.1946E-08 -7.7591E-09  3.5204E-01
  5.9032E+00  2.3596E-08 -1.6618E-07  3.5244E-01 -1.1904E-08 -7.7647E-09  3.5207E-01
  5.9152E+00  1.5479E-09 -1.7009E-07  3.5247E-01 -1.2783E-08 -8.1595E-09  3.5206E-01
  5.9272E+00 -2.6711E-08 -1.6633E-07  3.5251E-01 -1.1986E-08 -7.8008E-09  3.5214E-01
  5.9392E+00  3.5876E-08 -1.6647E-07  3.5254E-01 -1.2322E-08 -7.9807E-09  3.5215E-01
  5.9512E+00 -2.5397E-08 -1.6966E-07  3.5257E-01 -1.3041E-08 -8.3303E-09  3.5214E-01
  5.9632E+00 -1.2596E-08 -1.6669E-07  3.5261E-01 -1.2137E-08 -7.9021E-09  3.5223E-01
  5.9752E+00  4.2235E-08 -1.6736E-07  3.5264E-01 -1.2740E-08 -8.1840E-09  3.5223E-01
  5.9872E+00 -4.0949E-08 -1.6833E-07  3.5267E-01 -1.3074E-08 -8.3750E-09  3.5224E-01
  5.9992E+00  2.0336E-09 -1.6696E-07  3.5271E-01 -1.2385E-08 -8.0495E-09  3.5231E-01
  6.0112E+00  3.6739E-08 -1.6901E-07  3.5104E-01 -1.3151E-08 -8.3841E-09  3.5060E-01
  6.0232E+00 -4.1998E-08 -1.6737E-07  3.5107E-01 -1.3000E-08 -8.3540E-09  3.5064E-01
  6.0351E+00  1.6584E-08 -1.6712E-07  3.5110E-01 -1.2734E-08 -8.2482E-09  3.5069E-01
  6.0471E+00  1.6471E-08 -1.7069E-07  3.5114E-01 -1.3564E-08 -8.6059E-09  3.5067E-01
  6.0591E+00 -3.3151E-08 -1.6719E-07  3.5117E-01 -1.2977E-08 -8.3606E-09  3.5074E-01
  6.0711E+00  3.0322E-08 -1.6725E-07  3.5120E-01 -1.3124E-08 -8.4560E-09  3.5076E-01
  6.0831E+00 -1.1626E-08 -1.7106E-07  3.5124E-01 -1.3928E-08 -8.8295E-09  3.5075E-01
  6.0951E+00 -1.9880E-08 -1.6747E-07  3.5128E-01 -1.3073E-08 -8.4328E-09  3.5084E-01
  6.1071E+00  4.0543E-08 -1.6775E-07  3.5132E-01 -1.3533E-08 -8.6613E-09  3.5085E-01
  6.1191E+00 -3.4251E-08 -1.7002E-07  3.5137E-01 -1.4081E-08 -8.9426E-09  3.5087E-01
  6.1311E+00 -5.3710E-09 -1.6780E-07  3.5147E-01 -1.3278E-08 -8.5611E-09  3.5102E-01
  6.1431E+00  4.1923E-08 -1.6901E-07  3.5177E-01 -1.3927E-08 -8.8507E-09  3.5128E-01
  6.1551E+00 -4.2852E-08 -1.6872E-07  3.5278E-01 -1.4039E-08 -8.9413E-09  3.5228E-01
  6.1671E+00  9.2914E-09 -1.6801E-07  3.5575E-01 -1.3561E-08 -8.7258E-09  3.5528E-01
  6.1790E+00  2.9171E-08 -1.7084E-07  3.6065E-01 -1.4309E-08 -9.0426E-09  3.6015E-01
  6.1910E+00 -3.8684E-08 -1.6815E-07  3.6210E-01 -1.3966E-08 -8.9182E-09  3.6162E-01
  6.2030E+00  2.3263E-08 -1.6809E-07  3.5775E-01 -1.3915E-08 -8.9202E-09  3.5727E-01
  6.2150E+00  3.2091E-09 -1.7201E-07  3.5381E-01 -1.4730E-08 -9.2887E-09  3.5327E-01
  6.2270E+00 -2.7557E-08 -1.6823E-07  3.5225E-01 -1.4026E-08 -8.9737E-09  3.5175E-01
  6.2393E+00  3.6730E-08 -1.6838E-07  3.5182E-01 -1.4350E-08 -9.1487E-09  3.5129E-01
  6.2513E+00 -2.6895E-08 -1.7148E-07  3.5173E-01 -1.5008E-08 -9.4744E-09  3.5116E-01
  6.2633E+00 -1.1887E-08 -1.6861E-07  3.5173E-01 -1.4185E-08 -9.0831E-09  3.5122E-01
  6.2753E+00  4.2594E-08 -1.6932E-07  3.5175E-01 -1.4748E-08 -9.3475E-09  3.5120E-01
  6.2873E+00 -4.1546E-08 -1.7015E-07  3.5178E-01 -1.5055E-08 -9.5276E-09  3.5121E-01
  6.2993E+00  2.8661E-09 -1.6887E-07  3.5181E-01 -1.4438E-08 -9.2357E-09  3.5128E-01
  6.3112E+00  3.6193E-08 -1.7103E-07  3.5185E-01 -1.5135E-08 -9.5428E-09  3.5126E-01
  6.3232E+00 -4.1734E-08 -1.6925E-07  3.5188E-01 -1.5006E-08 -9.5213E-09  3.5131E-01
  6.3352E+00  1.7555E-08 -1.6901E-07  3.5192E-01 -1.4796E-08 -9.4430E-09  3.5136E-01
  6.3472E+00  1.5064E-08 -1.7267E-07  3.5197E-01 -1.5531E-08 -9.7652E-09  3.5136E-01
  6.3592E+00 -3.2347E-08 -1.6911E-07  3.5211E-01 -1.5012E-08 -9.5457E-09  3.5153E-01
  6.3712E+00  3.1429E-08 -1.6915E-07  3.5251E-01 -1.5176E-08 -9.6507E-09  3.5193E-01
  6.3832E+00 -1.2944E-08 -1.7293E-07  3.5387E-01 -1.5890E-08 -9.9920E-09  3.5323E-01
  6.3952E+00 -1.8574E-08 -1.6938E-07  3.5747E-01 -1.5138E-08 -9.6386E-09  3.5689E-01
  6.4072E+00  4.1821E-08 -1.6966E-07  3.6214E-01 -1.5566E-08 -9.8549E-09  3.6154E-01
  6.4192E+00 -3.4273E-08 -1.7180E-07  3.6180E-01 -1.6048E-08 -1.0110E-08  3.6116E-01
  6.4312E+00 -3.5931E-09 -1.6968E-07  3.5706E-01 -1.5344E-08 -9.7697E-09  3.5646E-01
  6.4431E+00  4.2689E-08 -1.7097E-07  3.5380E-01 -1.5904E-08 -1.0021E-08  3.5316E-01
  6.4551E+00 -4.1772E-08 -1.7051E-07  3.5268E-01 -1.6006E-08 -1.0106E-08  3.5202E-01
  6.4671E+00  1.1137E-08 -1.6983E-07  3.5240E-01 -1.5613E-08 -9.9291E-09  3.5177E-01
  6.4791E+00  2.9053E-08 -1.7275E-07  3.5235E-01 -1.6247E-08 -1.0205E-08  3.5167E-01
  6.4911E+00 -3.6724E-08 -1.6994E-07  3.5236E-01 -1.5958E-08 -1.0097E-08  3.5171E-01
  6.5031E+00  2.5494E-08 -1.6987E-07  3.5239E-01 -1.5936E-08 -1.0111E-08  3.5174E-01
  6.5151E+00  3.0800E-09 -1.7379E-07  3.5242E-01 -1.6613E-08 -1.0427E-08  3.5171E-01
  6.5271E+00 -2.4967E-08 -1.7001E-07  3.5246E-01 -1.6004E-08 -1.0143E-08  3.5180E-01
  6.5391E+00  3.7877E-08 -1.7008E-07  3.5249E-01 -1.6281E-08 -1.0298E-08  3.5181E-01
  6.5511E+00 -2.3820E-08 -1.7325E-07  3.5252E-01 -1.6854E-08 -1.0591E-08  3.5179E-01
  6.5631E+00 -1.0900E-08 -1.7029E-07  3.5256E-01 -1.6147E-08 -1.0242E-08  3.5189E-01
  6.5751E+00  4.4203E-08 -1.7091E-07  3.5260E-01 -1.6604E-08 -1.0466E-08  3.5188E-01
  6.5870E+00 -3.9131E-08 -1.7185E-07  3.5263E-01 -1.6902E-08 -1.0643E-08  3.5189E-01
  6.5990E+00  3.7194E-09 -1.7047E-07  3.5267E-01 -1.6361E-08 -1.0376E-08  3.5198E-01
  6.6110E+00  3.8487E-08 -1.7251E-07  3.5440E-01 -1.6912E-08 -1.0630E-08  3.5365E-01
  6.6230E+00 -4.0029E-08 -1.7085E-07  3.5443E-01 -1.6853E-08 -1.0634E-08  3.5370E-01
  6.6350E+00  1.8298E-08 -1.7054E-07  3.5447E-01 -1.6662E-08 -1.0557E-08  3.5375E-01
  6.6473E+00  1.4943E-08 -1.7421E-07  3.5450E-01 -1.7260E-08 -1.0838E-08  3.5372E-01
  6.6593E+00 -2.9862E-08 -1.7060E-07  3.5454E-01 -1.6831E-08 -1.0642E-08  3.5380E-01
  6.6713E+00  3.3491E-08 -1.7060E-07  3.5457E-01 -1.6988E-08 -1.0744E-08  3.5382E-01
  6.6833E+00 -1.3145E-08 -1.7430E-07  3.5461E-01 -1.7558E-08 -1.1037E-08  3.5379E-01
  6.6953E+00 -1.6469E-08 -1.7083E-07  3.5465E-01 -1.6935E-08 -1.0722E-08  3.5390E-01
  6.7073E+00  4.3005E-08 -1.7111E-07  3.5468E-01 -1.7289E-08 -1.0911E-08  3.5390E-01
  6.7192E+00 -3.4093E-08 -1.7308E-07  3.5472E-01 -1.7683E-08 -1.1136E-08  3.5388E-01
  6.7312E+00 -2.0286E-09 -1.7106E-07  3.5475E-01 -1.7122E-08 -1.0847E-08  3.5398E-01
  6.7432E+00  4.2852E-08 -1.7242E-07  3.5479E-01 -1.7563E-08 -1.1064E-08  3.5397E-01
  6.7552E+00 -4.0739E-08 -1.7180E-07  3.5482E-01 -1.7662E-08 -1.1144E-08  3.5400E-01
  6.7672E+00  1.2598E-08 -1.7115E-07  3.5486E-01 -1.7370E-08 -1.1005E-08  3.5406E-01
  6.7792E+00  2.8324E-08 -1.7415E-07  3.5489E-01 -1.7847E-08 -1.1237E-08  3.5404E-01
  6.7912E+00 -3.5187E-08 -1.7125E-07  3.5493E-01 -1.7633E-08 -1.1146E-08  3.5410E-01
  6.8032E+00  2.6882E-08 -1.7115E-07  3.5497E-01 -1.7643E-08 -1.1174E-08  3.5414E-01
  6.8152E+00  2.0119E-09 -1.7506E-07  3.5500E-01 -1.8154E-08 -1.1442E-08  3.5410E-01
  6.8272E+00 -2.3328E-08 -1.7131E-07  3.5504E-01 -1.7685E-08 -1.1198E-08  3.5420E-01
  6.8392E+00  3.9042E-08 -1.7136E-07  3.5507E-01 -1.7920E-08 -1.1341E-08  3.5421E-01
  6.8511E+00 -2.4302E-08 -1.7441E-07  3.5511E-01 -1.8364E-08 -1.1598E-08  3.5418E-01
  6.8631E+00 -9.3311E-09 -1.7156E-07  3.5515E-01 -1.7816E-08 -1.1296E-08  3.5429E-01
  6.8751E+00  4.4811E-08 -1.7222E-07  3.5518E-01 -1.8164E-08 -1.1490E-08  3.5428E-01
  6.8871E+00 -3.8586E-08 -1.7300E-07  3.5522E-01 -1.8408E-08 -1.1647E-08  3.5429E-01
  6.8991E+00  5.2148E-09 -1.7171E-07  3.5525E-01 -1.7997E-08 -1.1421E-08  3.5437E-01
  6.9111E+00  3.8208E-08 -1.7383E-07  3.5529E-01 -1.8396E-08 -1.1640E-08  3.5435E-01
  6.9231E+00 -3.8723E-08 -1.7203E-07  3.5533E-01 -1.8374E-08 -1.1646E-08  3.5440E-01
  6.9351E+00  1.9731E-08 -1.7172E-07  3.5536E-01 -1.8255E-08 -1.1594E-08  3.5445E-01
  6.9471E+00  1.6972E-08 -1.7535E-07  3.5540E-01 -1.8658E-08 -1.1824E-08  3.5441E-01
  6.9591E+00 -2.9607E-08 -1.7181E-07  3.5544E-01 -1.8380E-08 -1.1671E-08  3.5450E-01
  6.9711E+00  3.3403E-08 -1.7176E-07  3.5547E-01 -1.8501E-08 -1.1759E-08  3.5452E-01
  6.9831E+00 -1.0984E-08 -1.7549E-07  3.5551E-01 -1.8919E-08 -1.2018E-08  3.5448E-01
  6.9950E+00 -1.6458E-08 -1.7199E-07  3.5554E-01 -1.8469E-08 -1.1748E-08  3.5460E-01
  7.0070E+00  4.2247E-08 -1.7248E-07  3.5558E-01 -1.8705E-08 -1.1899E-08  3.5459E-01
  7.0190E+00  1.6872E-08 -1.7544E-07  3.5561E-01 -1.9174E-08 -1.2210E-08  3.5453E-01
  7.0310E+00 -3.0148E-09 -1.7452E-07  3.5565E-01 -1.9197E-08 -1.2228E-08  3.5457E-01
  7.0430E+00 -1.3616E-10 -1.7479E-07  3.5569E-01 -1.9203E-08 -1.2233E-08  3.5461E-01
  7.0550E+00  1.0229E-09 -1.7490E-07  3.5572E-01 -1.9225E-08 -1.2249E-08  3.5464E-01
  7.0673E+00  1.0312E-09 -1.7494E-07  3.5576E-01 -1.9246E-08 -1.2266E-08  3.5468E-01
  7.0793E+00  1.0393E-09 -1.7499E-07  3.5580E-01 -1.9266E-08 -1.2281E-08  3.5471E-01
  7.0913E+00  1.0474E-09 -1.7503E-07  3.5583E-01 -1.9287E-08 -1.2297E-08  3.5474E-01
  7.1033E+00  1.0555E-09 -1.7507E-07  3.5587E-01 -1.9307E-08 -1.2313E-08  3.5478E-01
  7.1153E+00  1.0636E-09 -1.7512E-07  3.5591E-01 -1.9328E-08 -1.2329E-08  3.5481E-01
  7.1272E+00  1.0717E-09 -1.7516E-07  3.5594E-01 -1.9348E-08 -1.2344E-08  3.5485E-01
  7.1392E+00  1.0798E-09 -1.7520E-07  3.5598E-01 -1.9368E-08 -1.2360E-08  3.5488E-01
  7.1512E+00  1.0880E-09 -1.7524E-07  3.5602E-01 -1.9388E-08 -1.2376E-08  3.5492E-01
  7.1632E+00  1.0961E-09 -1.7528E-07  3.5605E-01 -1.9409E-08 -1.2391E-08  3.5495E-01
  7.1752E+00  1.1042E-09 -1.7533E-07  3.5609E-01 -1.9429E-08 -1.2407E-08  3.5498E-01
  7.1872E+00  1.1123E-09 -1.7537E-07  3.5613E-01 -1.9449E-08 -1.2422E-08  3.5502E-01
  7.1992E+00  1.1204E-09 -1.7541E-07  3.5616E-01 -1.9469E-08 -1.2438E-08  3.5505E-01
  7.2112E+00  1.1285E-09 -1.7545E-07  3.5620E-01 -1.9489E-08 -1.2453E-08  3.5509E-01
  7.2232E+00  1.1366E-09 -1.7549E-07  3.5623E-01 -1.9509E-08 -1.2469E-08  3.5512E-01
  7.2352E+00  1.1447E-09 -1.7553E-07  3.5627E-01 -1.9529E-08 -1.2484E-08  3.5516E-01
  7.2472E+00  1.1529E-09 -1.7558E-07  3.5631E-01 -1.9549E-08 -1.2500E-08  3.5519E-01
  7.2592E+00  1.1610E-09 -1.7562E-07  3.5634E-01 -1.9569E-08 -1.2515E-08  3.5522E-01
  7.2711E+00  1.1691E-09 -1.7566E-07  3.5638E-01 -1.9588E-08 -1.2530E-08  3.5526E-01
  7.2831E+00  1.1772E-09 -1.7570E-07  3.5642E-01 -1.9608E-08 -1.2546E-08  3.5529E-01
  7.2951E+00  1.1853E-09 -1.7574E-07  3.5645E-01 -1.9628E-08 -1.2561E-08  3.5533E-01
  7.3071E+00  1.1934E-09 -1.7578E-07  3.5649E-01 -1.9647E-08 -1.2576E-08  3.5536E-01
  7.3191E+00  1.2015E-09 -1.7582E-07  3.5653E-01 -1.9667E-08 -1.2592E-08  3.5539E-01
  7.3311E+00  1.2096E-09 -1.7586E-07  3.5656E-01 -1.9687E-08 -1.2607E-08  3.5543E-01
  7.3431E+00  1.2177E-09 -1.7590E-07  3.5660E-01 -1.9706E-08 -1.2622E-08  3.5546E-01
  7.3551E+00  1.2258E-09 -1.7594E-07  3.5663E-01 -1.9726E-08 -1.2637E-08  3.5550E-01
  7.3671E+00  1.2339E-09 -1.7598E-07  3.5667E-01 -1.9745E-08 -1.2652E-08  3.5553E-01
  7.3791E+00  1.2420E-09 -1.7602E-07  3.5671E-01 -1.9764E-08 -1.2667E-08  3.5557E-01
  7.3911E+00  1.2501E-09 -1.7606E-07  3.5674E-01 -1.9784E-08 -1.2683E-08  3.5560E-01
  7.4030E+00  1.2582E-09 -1.7610E-07  3.5678E-01 -1.9803E-08 -1.2698E-08  3.5563E-01
  7.4150E+00  1.2663E-09 -1.7614E-07  3.5682E-01 -1.9822E-08 -1.2713E-08  3.5567E-01
  7.4270E+00  1.2744E-09 -1.7618E-07  3.5685E-01 -1.9842E-08 -1.2728E-08  3.5570E-01
  7.4390E+00  1.2825E-09 -1.7622E-07  3.5689E-01 -1.9861E-08 -1.2743E-08  3.5574E-01
  7.4510E+00  1.2905E-09 -1.7626E-07  3.5692E-01 -1.9880E-08 -1.2758E-08  3.5577E-01
  7.4630E+00  1.2986E-09 -1.7630E-07  3.5696E-01 -1.9899E-08 -1.2773E-08  3.5580E-01
  7.4753E+00  1.3069E-09 -1.7634E-07  3.5700E-01 -1.9919E-08 -1.2788E-08  3.5584E-01
  7.4873E+00  1.3150E-09 -1.7638E-07  3.5703E-01 -1.9938E-08 -1.2803E-08  3.5587E-01
  7.4993E+00  1.3230E-09 -1.7642E-07  3.5707E-01 -1.9957E-08 -1.2818E-08  3.5591E-01
  7.5113E+00  1.3311E-09 -1.7646E-07  3.5711E-01 -1.9976E-08 -1.2833E-08  3.5594E-01
  7.5233E+00  1.3391E-09 -1.7650E-07  3.5714E-01 -1.9995E-08 -1.2847E-08  3.5597E-01
  7.5353E+00  1.3472E-09 -1.7654E-07  3.5718E-01 -2.0013E-08 -1.2862E-08  3.5601E-01
  7.5472E+00  1.3552E-09 -1.7657E-07  3.5721E-01 -2.0032E-08 -1.2877E-08  3.5604E-01
  7.5592E+00  1.3633E-09 -1.7661E-07  3.5725E-01 -2.0051E-08 -1.2892E-08  3.5608E-01
  7.5712E+00  1.3713E-09 -1.7665E-07  3.5729E-01 -2.0070E-08 -1.2907E-08  3.5611E-01
  7.5832E+00  1.3794E-09 -1.7669E-07  3.5732E-01 -2.0089E-08 -1.2921E-08  3.5614E-01
  7.5952E+00  1.3874E-09 -1.7673E-07  3.5736E-01 -2.0107E-08 -1.2936E-08  3.5618E-01
  7.6072E+00  1.3954E-09 -1.7677E-07  3.5739E-01 -2.0126E-08 -1.2951E-08  3.5621E-01
  7.6192E+00  1.4035E-09 -1.7680E-07  3.5743E-01 -2.0145E-08 -1.2965E-08  3.5625E-01
  7.6312E+00  1.4115E-09 -1.7684E-07  3.5747E-01 -2.0163E-08 -1.2980E-08  3.5628E-01
  7.6432E+00  1.4195E-09 -1.7688E-07  3.5750E-01 -2.0182E-08 -1.2994E-08  3.5631E-01
  7.6552E+00  1.4276E-09 -1.7692E-07  3.5754E-01 -2.0200E-08 -1.3009E-08  3.5635E-01
  7.6672E+00  1.4356E-09 -1.7696E-07  3.5757E-01 -2.0219E-08 -1.3024E-08  3.5638E-01
  7.6791E+00  1.4436E-09 -1.7699E-07  3.5761E-01 -2.0237E-08 -1.3038E-08  3.5642E-01
  7.6911E+00  1.4517E-09 -1.7703E-07  3.5765E-01 -2.0255E-08 -1.3053E-08  3.5645E-01
  7.7031E+00  1.4597E-09 -1.7707E-07  3.5768E-01 -2.0274E-08 -1.3067E-08  3.5648E-01
  7.7151E+00  1.4677E-09 -1.7710E-07  3.5772E-01 -2.0292E-08 -1.3081E-08  3.5652E-01
  7.7271E+00  1.4757E-09 -1.7714E-07  3.5775E-01 -2.0310E-08 -1.3096E-08  3.5655E-01
  7.7391E+00  1.4837E-09 -1.7718E-07  3.5779E-01 -2.0328E-08 -1.3110E-08  3.5658E-01
  7.7511E+00  1.4917E-09 -1.7722E-07  3.5783E-01 -2.0347E-08 -1.3125E-08  3.5662E-01
  7.7631E+00  1.4997E-09 -1.7725E-07  3.5786E-01 -2.0365E-08 -1.3139E-08  3.5665E-01
  7.7751E+00  1.5077E-09 -1.7729E-07  3.5790E-01 -2.0383E-08 -1.3153E-08  3.5669E-01
  7.7871E+00  1.5157E-09 -1.7733E-07  3.5793E-01 -2.0401E-08 -1.3168E-08  3.5672E-01
  7.7991E+00  1.5237E-09 -1.7736E-07  3.5797E-01 -2.0419E-08 -1.3182E-08  3.5675E-01
  7.8111E+00  1.5317E-09 -1.7740E-07  3.5800E-01 -2.0437E-08 -1.3196E-08  3.5679E-01
  7.8230E+00  1.5397E-09 -1.7743E-07  3.5804E-01 -2.0455E-08 -1.3210E-08  3.5682E-01
  7.8350E+00  1.5477E-09 -1.7747E-07  3.5808E-01 -2.0473E-08 -1.3225E-08  3.5685E-01
  7.8470E+00  1.5557E-09 -1.7751E-07  3.5811E-01 -2.0491E-08 -1.3239E-08  3.5689E-01
  7.8590E+00  1.5637E-09 -1.7754E-07  3.5815E-01 -2.0509E-08 -1.3253E-08  3.5692E-01
  7.8710E+00  1.5717E-09 -1.7758E-07  3.5818E-01 -2.0526E-08 -1.3267E-08  3.5695E-01
  7.8830E+00  1.5797E-09 -1.7761E-07  3.5822E-01 -2.0544E-08 -1.3281E-08  3.5699E-01
  7.8953E+00  1.5879E-09 -1.7765E-07  3.5826E-01 -2.0562E-08 -1.3296E-08  3.5702E-01
  7.9073E+00  1.5959E-09 -1.7769E-07  3.5829E-01 -2.0580E-08 -1.3310E-08  3.5706E-01
  7.9193E+00  1.6039E-09 -1.7772E-07  3.5833E-01 -2.0598E-08 -1.3324E-08  3.5709E-01
  7.9313E+00  1.6119E-09 -1.7776E-07  3.5836E-01 -2.0615E-08 -1.3338E-08  3.5712E-01
  7.9433E+00  1.6199E-09 -1.7779E-07  3.5840E-01 -2.0633E-08 -1.3352E-08  3.5716E-01
  7.9553E+00  3.1886E-09 -1.7774E-07  3.5843E-01 -2.0660E-08 -1.3373E-08  3.5719E-01
  7.9672E+00  6.7744E-09 -1.7750E-07  3.5847E-01 -2.0714E-08 -1.3415E-08  3.5721E-01
  7.9792E+00 -2.3073E-08 -1.7896E-07  3.5850E-01 -2.0705E-08 -1.3410E-08  3.5725E-01
  7.9912E+00 -5.7628E-08 -1.7473E-07  3.5854E-01 -2.0154E-08 -1.3051E-08  3.5741E-01
  8.0032E+00  2.4484E-08 -1.7427E-07  3.5743E-01 -1.9995E-08 -1.2974E-08  3.5632E-01
  8.0152E+00  1.2227E-08 -1.7927E-07  3.5746E-01 -2.0368E-08 -1.3199E-08  3.5628E-01
  8.0272E+00 -4.5830E-08 -1.7396E-07  3.5750E-01 -1.9905E-08 -1.2927E-08  3.5640E-01
  8.0392E+00  4.1959E-08 -1.7435E-07  3.5753E-01 -2.0007E-08 -1.3011E-08  3.5642E-01
  8.0512E+00 -2.6999E-08 -1.7920E-07  3.5756E-01 -2.0431E-08 -1.3278E-08  3.5638E-01
  8.0632E+00 -2.6016E-08 -1.7424E-07  3.5761E-01 -1.9721E-08 -1.2852E-08  3.5654E-01
  8.0752E+00  5.3448E-08 -1.7498E-07  3.5764E-01 -2.0003E-08 -1.3031E-08  3.5653E-01
  8.0872E+00 -5.5416E-08 -1.7727E-07  3.5768E-01 -2.0318E-08 -1.3242E-08  3.5652E-01
  8.0991E+00 -5.5227E-09 -1.7456E-07  3.5771E-01 -1.9639E-08 -1.2844E-08  3.5666E-01
  8.1111E+00  5.1769E-08 -1.7662E-07  3.5776E-01 -1.9979E-08 -1.3034E-08  3.5665E-01
  8.1231E+00 -6.3135E-08 -1.7530E-07  3.5781E-01 -2.0004E-08 -1.3077E-08  3.5670E-01
  8.1351E+00  1.4490E-08 -1.7469E-07  3.5789E-01 -1.9599E-08 -1.2855E-08  3.5684E-01
  8.1471E+00  3.0546E-08 -1.7881E-07  3.5811E-01 -1.9998E-08 -1.3071E-08  3.5699E-01
  8.1591E+00 -5.3852E-08 -1.7443E-07  3.5878E-01 -1.9656E-08 -1.2895E-08  3.5772E-01
  8.1711E+00  3.3240E-08 -1.7469E-07  3.6041E-01 -1.9604E-08 -1.2890E-08  3.5936E-01
  8.1831E+00 -6.1481E-09 -1.7989E-07  3.6232E-01 -2.0072E-08 -1.3156E-08  3.6120E-01
  8.1951E+00 -3.6093E-08 -1.7449E-07  3.6193E-01 -1.9403E-08 -1.2778E-08  3.6091E-01
  8.2071E+00  4.8359E-08 -1.7494E-07  3.5989E-01 -1.9626E-08 -1.2926E-08  3.5883E-01
  8.2191E+00 -4.2055E-08 -1.7878E-07  3.5864E-01 -2.0070E-08 -1.3200E-08  3.5752E-01
  8.2311E+00 -1.5962E-08 -1.7483E-07  3.5825E-01 -1.9278E-08 -1.2744E-08  3.5723E-01
  8.2430E+00  5.4410E-08 -1.7602E-07  3.5817E-01 -1.9636E-08 -1.2948E-08  3.5710E-01
  8.2550E+00 -6.0946E-08 -1.7662E-07  3.5817E-01 -1.9835E-08 -1.3094E-08  3.5708E-01
  8.2670E+00  4.1828E-09 -1.7503E-07  3.5820E-01 -1.9212E-08 -1.2742E-08  3.5719E-01
  8.2790E+00  4.3998E-08 -1.7806E-07  3.5823E-01 -1.9641E-08 -1.2967E-08  3.5716E-01
  8.2910E+00 -5.9554E-08 -1.7515E-07  3.5826E-01 -1.9479E-08 -1.2909E-08  3.5722E-01
  8.3033E+00  2.5633E-08 -1.7507E-07  3.5830E-01 -1.9252E-08 -1.2802E-08  3.5728E-01
  8.3153E+00  1.0220E-08 -1.8006E-07  3.5833E-01 -1.9729E-08 -1.3054E-08  3.5724E-01
  8.3273E+00 -4.3259E-08 -1.7481E-07  3.5837E-01 -1.9160E-08 -1.2751E-08  3.5736E-01
  8.3393E+00  4.2663E-08 -1.7517E-07  3.5840E-01 -1.9294E-08 -1.2851E-08  3.5738E-01
  8.3513E+00 -2.8098E-08 -1.7984E-07  3.5844E-01 -1.9793E-08 -1.3141E-08  3.5736E-01
  8.3633E+00 -2.3755E-08 -1.7509E-07  3.5854E-01 -1.8991E-08 -1.2689E-08  3.5756E-01
  8.3752E+00  5.3490E-08 -1.7583E-07  3.5880E-01 -1.9322E-08 -1.2883E-08  3.5778E-01
  8.3872E+00 -5.4680E-08 -1.7788E-07  3.5961E-01 -1.9656E-08 -1.3101E-08  3.5855E-01
  8.3992E+00 -3.5853E-09 -1.7536E-07  3.6143E-01 -1.8949E-08 -1.2707E-08  3.6046E-01
  8.4112E+00  5.0948E-08 -1.7750E-07  3.6298E-01 -1.9342E-08 -1.2906E-08  3.6196E-01
  8.4232E+00 -6.0811E-08 -1.7600E-07  3.6201E-01 -1.9330E-08 -1.2936E-08  3.6099E-01
  8.4352E+00  1.6113E-08 -1.7546E-07  3.6012E-01 -1.8926E-08 -1.2724E-08  3.5914E-01
  8.4472E+00  2.8919E-08 -1.7963E-07  3.5915E-01 -1.9386E-08 -1.2953E-08  3.5811E-01
  8.4592E+00 -5.0976E-08 -1.7522E-07  3.5887E-01 -1.8985E-08 -1.2758E-08  3.5788E-01
  8.4712E+00  3.4472E-08 -1.7545E-07  3.5882E-01 -1.8960E-08 -1.2770E-08  3.5783E-01
  8.4832E+00 -7.5563E-09 -1.8054E-07  3.5882E-01 -1.9483E-08 -1.3054E-08  3.5777E-01
  8.4952E+00 -3.3287E-08 -1.7529E-07  3.5886E-01 -1.8756E-08 -1.2656E-08  3.5790E-01
  8.5072E+00  4.9159E-08 -1.7571E-07  3.5889E-01 -1.9005E-08 -1.2813E-08  3.5790E-01
  8.5191E+00 -4.1889E-08 -1.7932E-07  3.5892E-01 -1.9465E-08 -1.3089E-08  3.5787E-01
  8.5311E+00 -1.3482E-08 -1.7560E-07  3.5896E-01 -1.8646E-08 -1.2627E-08  3.5801E-01
  8.5431E+00  5.4399E-08 -1.7683E-07  3.5899E-01 -1.9034E-08 -1.2837E-08  3.5800E-01
  8.5551E+00 -5.9018E-08 -1.7720E-07  3.5903E-01 -1.9217E-08 -1.2975E-08  3.5801E-01
  8.5671E+00  6.2372E-09 -1.7576E-07  3.5906E-01 -1.8594E-08 -1.2627E-08  3.5811E-01
  8.5791E+00  4.2957E-08 -1.7884E-07  3.5910E-01 -1.9068E-08 -1.2867E-08  3.5809E-01
  8.5911E+00 -5.6637E-08 -1.7581E-07  3.5913E-01 -1.8870E-08 -1.2795E-08  3.5816E-01
  8.6031E+00  2.5156E-08 -1.7576E-07  3.6026E-01 -1.8658E-08 -1.2698E-08  3.5931E-01
  8.6151E+00  1.2943E-08 -1.8060E-07  3.6030E-01 -1.9163E-08 -1.2954E-08  3.5928E-01
  8.6271E+00 -4.2250E-08 -1.7551E-07  3.6034E-01 -1.8595E-08 -1.2660E-08  3.5939E-01
  8.6391E+00  4.2094E-08 -1.7581E-07  3.6037E-01 -1.8724E-08 -1.2756E-08  3.5941E-01
  8.6510E+00 -2.4738E-08 -1.8047E-07  3.6040E-01 -1.9247E-08 -1.3053E-08  3.5937E-01
  8.6630E+00 -2.3368E-08 -1.7575E-07  3.6044E-01 -1.8441E-08 -1.2603E-08  3.5951E-01
  8.6750E+00  5.3203E-08 -1.7640E-07  3.6048E-01 -1.8775E-08 -1.2796E-08  3.5951E-01
  8.6870E+00 -5.1709E-08 -1.7858E-07  3.6051E-01 -1.9129E-08 -1.3023E-08  3.5950E-01
  8.6990E+00 -3.7644E-09 -1.7600E-07  3.6054E-01 -1.8408E-08 -1.2619E-08  3.5962E-01
  8.7110E+00  5.1427E-08 -1.7799E-07  3.6058E-01 -1.8811E-08 -1.2821E-08  3.5961E-01
  8.7233E+00 -5.8513E-08 -1.7653E-07  3.6062E-01 -1.8789E-08 -1.2846E-08  3.5965E-01
  8.7353E+00  1.7615E-08 -1.7607E-07  3.6065E-01 -1.8424E-08 -1.2656E-08  3.5972E-01
  8.7473E+00  2.7200E-08 -1.8027E-07  3.6069E-01 -1.8906E-08 -1.2894E-08  3.5970E-01
  8.7593E+00 -4.8247E-08 -1.7582E-07  3.6072E-01 -1.8486E-08 -1.2690E-08  3.5978E-01
  8.7713E+00  3.5571E-08 -1.7603E-07  3.6076E-01 -1.8492E-08 -1.2719E-08  3.5982E-01
  8.7833E+00 -9.0234E-09 -1.8102E-07  3.6079E-01 -1.9029E-08 -1.3010E-08  3.5978E-01
  8.7952E+00 -3.0753E-08 -1.7591E-07  3.6083E-01 -1.8296E-08 -1.2607E-08  3.5991E-01
  8.8072E+00  4.9701E-08 -1.7632E-07  3.6086E-01 -1.8565E-08 -1.2774E-08  3.5991E-01
  8.8192E+00 -4.1909E-08 -1.7970E-07  3.6090E-01 -1.9019E-08 -1.3049E-08  3.5989E-01
  8.8312E+00 -1.1370E-08 -1.7620E-07  3.6093E-01 -1.8223E-08 -1.2596E-08  3.6002E-01
  8.8432E+00  5.4068E-08 -1.7747E-07  3.6097E-01 -1.8619E-08 -1.2808E-08  3.6001E-01
  8.8552E+00 -5.7386E-08 -1.7762E-07  3.6100E-01 -1.8784E-08 -1.2938E-08  3.6003E-01
  8.8672E+00  7.9392E-09 -1.7634E-07  3.6103E-01 -1.8204E-08 -1.2612E-08  3.6012E-01
  8.8792E+00  4.1613E-08 -1.7948E-07  3.6108E-01 -1.8681E-08 -1.2852E-08  3.6011E-01
  8.8912E+00 -5.4096E-08 -1.7634E-07  3.6111E-01 -1.8469E-08 -1.2771E-08  3.6017E-01
  8.9032E+00  2.6481E-08 -1.7629E-07  3.6114E-01 -1.8295E-08 -1.2694E-08  3.6022E-01
  8.9152E+00  1.1188E-08 -1.8111E-07  3.6117E-01 -1.8809E-08 -1.2958E-08  3.6019E-01
  8.9272E+00 -3.9616E-08 -1.7608E-07  3.6122E-01 -1.8234E-08 -1.2655E-08  3.6030E-01
  8.9391E+00  4.2980E-08 -1.7634E-07  3.6125E-01 -1.8385E-08 -1.2763E-08  3.6031E-01
  8.9511E+00 -2.5633E-08 -1.8083E-07  3.6128E-01 -1.8908E-08 -1.3064E-08  3.6028E-01
  8.9631E+00 -2.1061E-08 -1.7631E-07  3.6132E-01 -1.8118E-08 -1.2616E-08  3.6041E-01
  8.9751E+00  5.3400E-08 -1.7697E-07  3.6136E-01 -1.8458E-08 -1.2811E-08  3.6041E-01
  8.9871E+00 -5.0932E-08 -1.7892E-07  3.6139E-01 -1.8796E-08 -1.3032E-08  3.6040E-01
  8.9991E+00 -1.8670E-09 -1.7652E-07  3.6142E-01 -1.8122E-08 -1.2651E-08  3.6052E-01
  9.0111E+00  5.0630E-08 -1.7859E-07  3.6040E-01 -1.8518E-08 -1.2847E-08  3.5944E-01
  9.0231E+00 -5.6723E-08 -1.7712E-07  3.6043E-01 -1.8515E-08 -1.2885E-08  3.5947E-01
  9.0351E+00  1.7007E-08 -1.7657E-07  3.6046E-01 -1.8153E-08 -1.2692E-08  3.5955E-01
  9.0471E+00  2.9043E-08 -1.8062E-07  3.6050E-01 -1.8623E-08 -1.2925E-08  3.5953E-01
  9.0591E+00 -4.7279E-08 -1.7637E-07  3.6053E-01 -1.8243E-08 -1.2742E-08  3.5961E-01
  9.0711E+00  3.4806E-08 -1.7651E-07  3.6057E-01 -1.8244E-08 -1.2766E-08  3.5964E-01
  9.0830E+00 -6.2159E-09 -1.8144E-07  3.6060E-01 -1.8771E-08 -1.3053E-08  3.5961E-01
  9.0950E+00 -3.0408E-08 -1.7641E-07  3.6064E-01 -1.8081E-08 -1.2670E-08  3.5973E-01
  9.1070E+00  4.9073E-08 -1.7675E-07  3.6068E-01 -1.8338E-08 -1.2831E-08  3.5974E-01
  9.1190E+00 -3.9037E-08 -1.8021E-07  3.6072E-01 -1.8796E-08 -1.3110E-08  3.5972E-01
  9.1310E+00 -1.1482E-08 -1.7668E-07  3.6078E-01 -1.8032E-08 -1.2668E-08  3.5987E-01
  9.1433E+00  5.3730E-08 -1.7802E-07  3.6092E-01 -1.8420E-08 -1.2877E-08  3.5997E-01
  9.1553E+00 -5.5771E-08 -1.7797E-07  3.6133E-01 -1.8568E-08 -1.2998E-08  3.6036E-01
  9.1673E+00  9.5792E-09 -1.7682E-07  3.6243E-01 -1.8047E-08 -1.2702E-08  3.6153E-01
  9.1793E+00  4.0237E-08 -1.8003E-07  3.6421E-01 -1.8497E-08 -1.2927E-08  3.6326E-01
  9.1913E+00 -5.1707E-08 -1.7679E-07  3.6466E-01 -1.8280E-08 -1.2840E-08  3.6373E-01
  9.2033E+00  2.7682E-08 -1.7675E-07  3.6307E-01 -1.8149E-08 -1.2786E-08  3.6215E-01
  9.2152E+00  9.3365E-09 -1.8154E-07  3.6170E-01 -1.8661E-08 -1.3056E-08  3.6072E-01
  9.2272E+00 -3.7250E-08 -1.7658E-07  3.6121E-01 -1.8098E-08 -1.2753E-08  3.6029E-01
  9.2392E+00  4.3696E-08 -1.7680E-07  3.6109E-01 -1.8269E-08 -1.2872E-08  3.6015E-01
  9.2512E+00 -2.6622E-08 -1.8112E-07  3.6108E-01 -1.8779E-08 -1.3172E-08  3.6009E-01
  9.2632E+00 -1.9017E-08 -1.7680E-07  3.6111E-01 -1.8023E-08 -1.2734E-08  3.6020E-01
  9.2752E+00  5.3420E-08 -1.7748E-07  3.6115E-01 -1.8363E-08 -1.2931E-08  3.6020E-01
  9.2872E+00 -5.0280E-08 -1.7920E-07  3.6118E-01 -1.8681E-08 -1.3145E-08  3.6019E-01
  9.2992E+00 -1.8764E-10 -1.7698E-07  3.6122E-01 -1.8060E-08 -1.2786E-08  3.6030E-01
  9.3112E+00  4.9659E-08 -1.7914E-07  3.6125E-01 -1.8445E-08 -1.2980E-08  3.6029E-01
  9.3232E+00 -5.4785E-08 -1.7751E-07  3.6128E-01 -1.8433E-08 -1.3011E-08  3.6032E-01
  9.3352E+00  1.8345E-08 -1.7703E-07  3.6131E-01 -1.8122E-08 -1.2845E-08  3.6039E-01
  9.3472E+00  2.7271E-08 -1.8113E-07  3.6135E-01 -1.8575E-08 -1.3073E-08  3.6038E-01
  9.3591E+00 -4.4871E-08 -1.7684E-07  3.6142E-01 -1.8206E-08 -1.2891E-08  3.6048E-01
  9.3711E+00  3.5825E-08 -1.7696E-07  3.6157E-01 -1.8236E-08 -1.2932E-08  3.6063E-01
  9.3831E+00 -7.7240E-09 -1.8180E-07  3.6205E-01 -1.8748E-08 -1.3217E-08  3.6105E-01
  9.3951E+00 -2.8070E-08 -1.7691E-07  3.6332E-01 -1.8092E-08 -1.2845E-08  3.6240E-01
  9.4071E+00  4.9673E-08 -1.7723E-07  3.6502E-01 -1.8357E-08 -1.3012E-08  3.6407E-01
  9.4191E+00 -3.9051E-08 -1.8048E-07  3.6497E-01 -1.8791E-08 -1.3283E-08  3.6397E-01
  9.4311E+00 -9.4116E-09 -1.7716E-07  3.6334E-01 -1.8075E-08 -1.2860E-08  3.6242E-01
  9.4431E+00  5.3866E-08 -1.7837E-07  3.6221E-01 -1.8439E-08 -1.3059E-08  3.6125E-01
  9.4551E+00 -5.3605E-08 -1.7850E-07  3.6182E-01 -1.8608E-08 -1.3191E-08  3.6084E-01
  9.4671E+00  9.1890E-09 -1.7726E-07  3.6173E-01 -1.8102E-08 -1.2897E-08  3.6081E-01
  9.4791E+00  4.1550E-08 -1.8032E-07  3.6174E-01 -1.8536E-08 -1.3121E-08  3.6076E-01
  9.4911E+00 -5.0306E-08 -1.7728E-07  3.6177E-01 -1.8361E-08 -1.3054E-08  3.6081E-01
  9.5030E+00  2.7160E-08 -1.7718E-07  3.6180E-01 -1.8228E-08 -1.2996E-08  3.6085E-01
  9.5150E+00  1.1918E-08 -1.8187E-07  3.6183E-01 -1.8706E-08 -1.3251E-08  3.6083E-01
  9.5270E+00 -3.6441E-08 -1.7704E-07  3.6187E-01 -1.8196E-08 -1.2971E-08  3.6092E-01
  9.5390E+00  4.3207E-08 -1.7721E-07  3.6190E-01 -1.8353E-08 -1.3083E-08  3.6094E-01
  9.5510E+00 -2.3522E-08 -1.8154E-07  3.6193E-01 -1.8845E-08 -1.3376E-08  3.6091E-01
  9.5630E+00 -1.8701E-08 -1.7723E-07  3.6197E-01 -1.8139E-08 -1.2960E-08  3.6103E-01
  9.5753E+00  5.3762E-08 -1.7794E-07  3.6200E-01 -1.8465E-08 -1.3151E-08  3.6103E-01
  9.5873E+00 -4.9133E-08 -1.7944E-07  3.6204E-01 -1.8761E-08 -1.3353E-08  3.6103E-01
  9.5993E+00  1.8223E-09 -1.7738E-07  3.6208E-01 -1.8187E-08 -1.3015E-08  3.6113E-01
  9.6113E+00  4.8984E-08 -1.7962E-07  3.6313E-01 -1.8558E-08 -1.3206E-08  3.6215E-01
  9.6233E+00 -5.2455E-08 -1.7783E-07  3.6316E-01 -1.8538E-08 -1.3230E-08  3.6218E-01
  9.6352E+00  1.9985E-08 -1.7739E-07  3.6320E-01 -1.8274E-08 -1.3088E-08  3.6224E-01
  9.6472E+00  2.5815E-08 -1.8153E-07  3.6323E-01 -1.8702E-08 -1.3309E-08  3.6223E-01
  9.6592E+00 -4.2189E-08 -1.7723E-07  3.6327E-01 -1.8346E-08 -1.3126E-08  3.6231E-01
  9.6712E+00  3.7072E-08 -1.7732E-07  3.6330E-01 -1.8399E-08 -1.3179E-08  3.6233E-01
  9.6832E+00 -8.9325E-09 -1.8204E-07  3.6333E-01 -1.8885E-08 -1.3459E-08  3.6230E-01
  9.6952E+00 -2.5653E-08 -1.7731E-07  3.6337E-01 -1.8258E-08 -1.3092E-08  3.6242E-01
  9.7072E+00  5.0265E-08 -1.7761E-07  3.6340E-01 -1.8520E-08 -1.3258E-08  3.6242E-01
  9.7192E+00 -3.8987E-08 -1.8065E-07  3.6343E-01 -1.8928E-08 -1.3519E-08  3.6240E-01
  9.7312E+00 -7.4597E-09 -1.7753E-07  3.6347E-01 -1.8269E-08 -1.3122E-08  3.6252E-01
  9.7432E+00  5.3534E-08 -1.7879E-07  3.6351E-01 -1.8617E-08 -1.3316E-08  3.6251E-01
  9.7552E+00 -5.2050E-08 -1.7872E-07  3.6354E-01 -1.8773E-08 -1.3442E-08  3.6253E-01
  9.7672E+00  1.0786E-08 -1.7760E-07  3.6357E-01 -1.8339E-08 -1.3187E-08  3.6261E-01
  9.7791E+00  4.0233E-08 -1.8073E-07  3.6361E-01 -1.8734E-08 -1.3393E-08  3.6260E-01
  9.7911E+00 -4.7960E-08 -1.7759E-07  3.6364E-01 -1.8563E-08 -1.3323E-08  3.6265E-01
  9.8031E+00  2.8439E-08 -1.7749E-07  3.6367E-01 -1.8467E-08 -1.3284E-08  3.6269E-01
  9.8151E+00  1.0258E-08 -1.8215E-07  3.6371E-01 -1.8925E-08 -1.3539E-08  3.6267E-01
  9.8271E+00 -3.4031E-08 -1.7739E-07  3.6374E-01 -1.8435E-08 -1.3259E-08  3.6277E-01
  9.8391E+00  4.4077E-08 -1.7753E-07  3.6378E-01 -1.8602E-08 -1.3378E-08  3.6278E-01
  9.8511E+00 -2.4304E-08 -1.8169E-07  3.6381E-01 -1.9069E-08 -1.3665E-08  3.6275E-01
  9.8631E+00 -1.6581E-08 -1.7758E-07  3.6385E-01 -1.8407E-08 -1.3263E-08  3.6287E-01
  9.8751E+00  5.3485E-08 -1.7818E-07  3.6388E-01 -1.8713E-08 -1.3448E-08  3.6287E-01
  9.8871E+00 -4.6773E-08 -1.7982E-07  3.6391E-01 -1.9014E-08 -1.3656E-08  3.6286E-01
  9.8991E+00  1.5060E-09 -1.7770E-07  3.6395E-01 -1.8476E-08 -1.3330E-08  3.6297E-01
  9.9111E+00  4.9632E-08 -1.7979E-07  3.6398E-01 -1.8814E-08 -1.3510E-08  3.6296E-01
  9.9230E+00 -5.0894E-08 -1.7820E-07  3.6402E-01 -1.8826E-08 -1.3550E-08  3.6299E-01
  9.9350E+00  1.9409E-08 -1.7770E-07  3.6405E-01 -1.8571E-08 -1.3407E-08  3.6305E-01
  9.9470E+00  2.7667E-08 -1.8170E-07  3.6408E-01 -1.8966E-08 -1.3618E-08  3.6304E-01
  9.9590E+00 -4.1368E-08 -1.7756E-07  3.6412E-01 -1.8660E-08 -1.3458E-08  3.6311E-01
  9.9710E+00  3.6373E-08 -1.7760E-07  3.6415E-01 -1.8706E-08 -1.3506E-08  3.6314E-01
  9.9830E+00 -6.2708E-09 -1.8229E-07  3.6418E-01 -1.9161E-08 -1.3775E-08  3.6311E-01
  9.9953E+00 -2.3426E-08 -1.7763E-07  3.6422E-01 -1.8587E-08 -1.3431E-08  3.6322E-01
  1.0007E+01  5.0796E-08 -1.7793E-07  3.6326E-01 -1.8844E-08 -1.3597E-08  3.6223E-01
  1.0019E+01 -3.8874E-08 -1.8076E-07  3.6329E-01 -1.9224E-08 -1.3848E-08  3.6221E-01
  1.0031E+01 -5.5738E-09 -1.7782E-07  3.6333E-01 -1.8622E-08 -1.3474E-08  3.6232E-01
  1.0043E+01  5.3184E-08 -1.7915E-07  3.6337E-01 -1.8947E-08 -1.3661E-08  3.6231E-01
  1.0055E+01 -5.0495E-08 -1.7889E-07  3.6340E-01 -1.9089E-08 -1.3777E-08  3.6233E-01
  1.0067E+01  1.2342E-08 -1.7788E-07  3.6343E-01 -1.8721E-08 -1.3558E-08  3.6241E-01
  1.0079E+01  3.8910E-08 -1.8108E-07  3.6347E-01 -1.9072E-08 -1.3746E-08  3.6240E-01
  1.0091E+01 -4.5680E-08 -1.7785E-07  3.6350E-01 -1.8909E-08 -1.3674E-08  3.6246E-01
  1.0103E+01  2.9703E-08 -1.7775E-07  3.6354E-01 -1.8846E-08 -1.3652E-08  3.6250E-01
  1.0115E+01  8.6428E-09 -1.8238E-07  3.6358E-01 -1.9277E-08 -1.3904E-08  3.6248E-01
  1.0127E+01 -3.1712E-08 -1.7769E-07  3.6363E-01 -1.8812E-08 -1.3627E-08  3.6259E-01
  1.0139E+01  4.4938E-08 -1.7780E-07  3.6372E-01 -1.8985E-08 -1.3751E-08  3.6266E-01
  1.0151E+01 -2.5010E-08 -1.8179E-07  3.6396E-01 -1.9419E-08 -1.4028E-08  3.6285E-01
  1.0163E+01 -1.4548E-08 -1.7787E-07  3.6468E-01 -1.8803E-08 -1.3641E-08  3.6364E-01
  1.0175E+01  5.3635E-08 -1.7850E-07  3.6613E-01 -1.9091E-08 -1.3819E-08  3.6506E-01
  1.0187E+01 -4.5988E-08 -1.7994E-07  3.6714E-01 -1.9366E-08 -1.4014E-08  3.6604E-01
  1.0199E+01  3.1527E-09 -1.7797E-07  3.6620E-01 -1.8878E-08 -1.3709E-08  3.6515E-01
  1.0211E+01  4.8709E-08 -1.8015E-07  3.6478E-01 -1.9202E-08 -1.3892E-08  3.6369E-01
  1.0223E+01 -4.9058E-08 -1.7840E-07  3.6414E-01 -1.9213E-08 -1.3928E-08  3.6304E-01
  1.0235E+01  2.0696E-08 -1.7794E-07  3.6397E-01 -1.9005E-08 -1.3810E-08  3.6290E-01
  1.0247E+01  2.5949E-08 -1.8199E-07  3.6395E-01 -1.9368E-08 -1.4016E-08  3.6283E-01
  1.0259E+01 -3.9178E-08 -1.7784E-07  3.6397E-01 -1.9084E-08 -1.3857E-08  3.6290E-01
  1.0271E+01  3.7341E-08 -1.7785E-07  3.6400E-01 -1.9149E-08 -1.3917E-08  3.6292E-01
  1.0283E+01 -7.7172E-09 -1.8244E-07  3.6403E-01 -1.9574E-08 -1.4182E-08  3.6288E-01
  1.0295E+01 -2.3336E-08 -1.7791E-07  3.6407E-01 -1.9046E-08 -1.3850E-08  3.6299E-01
  1.0307E+01  5.0199E-08 -1.7815E-07  3.6410E-01 -1.9281E-08 -1.4009E-08  3.6300E-01
  1.0319E+01 -3.6482E-08 -1.8108E-07  3.6413E-01 -1.9649E-08 -1.4259E-08  3.6297E-01
  1.0331E+01 -5.8511E-09 -1.7810E-07  3.6417E-01 -1.9093E-08 -1.3901E-08  3.6309E-01
  1.0343E+01  5.3273E-08 -1.7931E-07  3.6421E-01 -1.9388E-08 -1.4081E-08  3.6308E-01
  1.0355E+01 -4.8762E-08 -1.7923E-07  3.6425E-01 -1.9547E-08 -1.4207E-08  3.6311E-01
  1.0367E+01  1.1804E-08 -1.7815E-07  3.6435E-01 -1.9198E-08 -1.3990E-08  3.6325E-01
  1.0379E+01  4.0132E-08 -1.8121E-07  3.6464E-01 -1.9518E-08 -1.4174E-08  3.6349E-01
  1.0391E+01 -4.4650E-08 -1.7817E-07  3.6546E-01 -1.9401E-08 -1.4123E-08  3.6434E-01
  1.0403E+01  2.9059E-08 -1.7802E-07  3.6698E-01 -1.9341E-08 -1.4101E-08  3.6587E-01
  1.0415E+01  7.1011E-09 -1.8259E-07  3.6764E-01 -1.9750E-08 -1.4356E-08  3.6647E-01
  1.0427E+01 -2.9415E-08 -1.7798E-07  3.6645E-01 -1.9316E-08 -1.4082E-08  3.6534E-01
  1.0439E+01  4.5816E-08 -1.7807E-07  3.6522E-01 -1.9487E-08 -1.4207E-08  3.6409E-01
  1.0451E+01 -2.5564E-08 -1.8189E-07  3.6472E-01 -1.9884E-08 -1.4473E-08  3.6353E-01
  1.0463E+01 -1.2512E-08 -1.7816E-07  3.6460E-01 -1.9325E-08 -1.4106E-08  3.6348E-01
  1.0475E+01  5.3819E-08 -1.7882E-07  3.6459E-01 -1.9595E-08 -1.4282E-08  3.6343E-01
  1.0487E+01 -4.4991E-08 -1.8004E-07  3.6461E-01 -1.9848E-08 -1.4468E-08  3.6342E-01
  1.0499E+01  4.9528E-09 -1.7823E-07  3.6464E-01 -1.9405E-08 -1.4178E-08  3.6351E-01
  1.0511E+01  4.7985E-08 -1.8049E-07  3.6467E-01 -1.9702E-08 -1.4360E-08  3.6349E-01
  1.0523E+01 -4.6918E-08 -1.7860E-07  3.6471E-01 -1.9708E-08 -1.4386E-08  3.6353E-01
  1.0535E+01  2.2256E-08 -1.7817E-07  3.6474E-01 -1.9541E-08 -1.4287E-08  3.6359E-01
  1.0547E+01  2.4542E-08 -1.8226E-07  3.6477E-01 -1.9865E-08 -1.4487E-08  3.6356E-01
  1.0559E+01 -3.6706E-08 -1.7809E-07  3.6481E-01 -1.9602E-08 -1.4328E-08  3.6364E-01
  1.0571E+01  3.8583E-08 -1.7808E-07  3.6484E-01 -1.9681E-08 -1.4395E-08  3.6367E-01
  1.0583E+01 -8.7703E-09 -1.8256E-07  3.6487E-01 -2.0071E-08 -1.4657E-08  3.6363E-01
  1.0595E+01 -2.1034E-08 -1.7816E-07  3.6491E-01 -1.9586E-08 -1.4333E-08  3.6375E-01
  1.0607E+01  5.0902E-08 -1.7840E-07  3.6590E-01 -1.9807E-08 -1.4490E-08  3.6471E-01
  1.0619E+01 -3.6198E-08 -1.8112E-07  3.6593E-01 -2.0142E-08 -1.4729E-08  3.6469E-01
  1.0631E+01 -3.8740E-09 -1.7832E-07  3.6597E-01 -1.9645E-08 -1.4393E-08  3.6480E-01
  1.0643E+01  5.3091E-08 -1.7960E-07  3.6600E-01 -1.9908E-08 -1.4565E-08  3.6479E-01
  1.0655E+01 -4.7119E-08 -1.7933E-07  3.6603E-01 -2.0052E-08 -1.4681E-08  3.6480E-01
  1.0667E+01  1.3453E-08 -1.7834E-07  3.6607E-01 -1.9761E-08 -1.4491E-08  3.6488E-01
  1.0679E+01  3.8957E-08 -1.8148E-07  3.6610E-01 -2.0035E-08 -1.4666E-08  3.6486E-01
  1.0691E+01 -4.2380E-08 -1.7835E-07  3.6614E-01 -1.9926E-08 -1.4607E-08  3.6492E-01
  1.0703E+01  3.0354E-08 -1.7819E-07  3.6617E-01 -1.9892E-08 -1.4597E-08  3.6496E-01
  1.0715E+01  9.4414E-09 -1.8270E-07  3.6620E-01 -2.0244E-08 -1.4836E-08  3.6493E-01
  1.0727E+01 -2.8977E-08 -1.7819E-07  3.6624E-01 -1.9873E-08 -1.4586E-08  3.6503E-01
  1.0739E+01  4.5218E-08 -1.7822E-07  3.6627E-01 -2.0030E-08 -1.4706E-08  3.6504E-01
  1.0751E+01 -2.2975E-08 -1.8209E-07  3.6630E-01 -2.0398E-08 -1.4970E-08  3.6500E-01
  1.0763E+01 -1.2504E-08 -1.7834E-07  3.6634E-01 -1.9899E-08 -1.4622E-08  3.6512E-01
  1.0775E+01  5.3649E-08 -1.7892E-07  3.6637E-01 -2.0137E-08 -1.4791E-08  3.6512E-01
  1.0787E+01 -4.2871E-08 -1.8029E-07  3.6640E-01 -2.0387E-08 -1.4981E-08  3.6511E-01
  1.0799E+01  4.6343E-09 -1.7840E-07  3.6644E-01 -1.9987E-08 -1.4702E-08  3.6521E-01
  1.0811E+01  4.8727E-08 -1.8053E-07  3.6647E-01 -2.0237E-08 -1.4874E-08  3.6519E-01
  1.0823E+01 -4.5551E-08 -1.7883E-07  3.6651E-01 -2.0272E-08 -1.4912E-08  3.6523E-01
  1.0835E+01  2.1708E-08 -1.7835E-07  3.6654E-01 -2.0116E-08 -1.4811E-08  3.6529E-01
  1.0847E+01  2.2965E-08 -1.8245E-07  3.6657E-01 -2.0409E-08 -1.5017E-08  3.6526E-01
  1.0859E+01 -3.4483E-08 -1.7827E-07  3.6661E-01 -2.0171E-08 -1.4854E-08  3.6534E-01
  1.0871E+01  3.9627E-08 -1.7823E-07  3.6664E-01 -2.0261E-08 -1.4931E-08  3.6536E-01
  1.0883E+01 -9.9298E-09 -1.8260E-07  3.6667E-01 -2.0611E-08 -1.5190E-08  3.6533E-01
  1.0895E+01 -1.8979E-08 -1.7835E-07  3.6671E-01 -2.0174E-08 -1.4875E-08  3.6544E-01
  1.0907E+01  5.1410E-08 -1.7859E-07  3.6675E-01 -2.0379E-08 -1.5031E-08  3.6544E-01
  1.0919E+01 -3.6015E-08 -1.8112E-07  3.6678E-01 -2.0679E-08 -1.5261E-08  3.6542E-01
  1.0931E+01 -2.1151E-09 -1.7849E-07  3.6681E-01 -2.0245E-08 -1.4944E-08  3.6553E-01
  1.0943E+01  5.2719E-08 -1.7984E-07  3.6685E-01 -2.0471E-08 -1.5113E-08  3.6552E-01
  1.0955E+01 -4.5622E-08 -1.7939E-07  3.6688E-01 -2.0601E-08 -1.5219E-08  3.6553E-01
  1.0967E+01  1.4931E-08 -1.7848E-07  3.6691E-01 -2.0361E-08 -1.5048E-08  3.6561E-01
  1.0979E+01  3.7650E-08 -1.8171E-07  3.6695E-01 -2.0595E-08 -1.5224E-08  3.6559E-01
  1.0991E+01 -4.0258E-08 -1.7849E-07  3.6698E-01 -2.0499E-08 -1.5158E-08  3.6565E-01
  1.1003E+01  3.1578E-08 -1.7832E-07  3.6608E-01 -2.0489E-08 -1.5161E-08  3.6475E-01
  1.1015E+01  7.9225E-09 -1.8279E-07  3.6611E-01 -2.0797E-08 -1.5400E-08  3.6471E-01
  1.1027E+01 -2.6836E-08 -1.7836E-07  3.6615E-01 -2.0466E-08 -1.5151E-08  3.6481E-01
  1.1039E+01  4.6056E-08 -1.7838E-07  3.6618E-01 -2.0617E-08 -1.5274E-08  3.6482E-01
  1.1051E+01 -2.3563E-08 -1.8207E-07  3.6621E-01 -2.0942E-08 -1.5532E-08  3.6479E-01
  1.1063E+01 -1.0612E-08 -1.7851E-07  3.6625E-01 -2.0503E-08 -1.5197E-08  3.6491E-01
  1.1075E+01  5.3793E-08 -1.7912E-07  3.6628E-01 -2.0712E-08 -1.5365E-08  3.6490E-01
  1.1087E+01 -4.2023E-08 -1.8029E-07  3.6631E-01 -2.0935E-08 -1.5544E-08  3.6489E-01
  1.1099E+01  6.2560E-09 -1.7855E-07  3.6635E-01 -2.0585E-08 -1.5278E-08  3.6499E-01
  1.1111E+01  4.7894E-08 -1.8076E-07  3.6639E-01 -2.0805E-08 -1.5459E-08  3.6498E-01
  1.1123E+01 -4.3701E-08 -1.7892E-07  3.6643E-01 -2.0838E-08 -1.5486E-08  3.6502E-01
  1.1135E+01  2.3070E-08 -1.7846E-07  3.6650E-01 -2.0721E-08 -1.5402E-08  3.6511E-01
  1.1147E+01  2.4864E-08 -1.8247E-07  3.6665E-01 -2.0954E-08 -1.5599E-08  3.6520E-01
  1.1159E+01 -3.3859E-08 -1.7844E-07  3.6710E-01 -2.0768E-08 -1.5449E-08  3.6570E-01
  1.1171E+01  3.9005E-08 -1.7836E-07  3.6817E-01 -2.0844E-08 -1.5517E-08  3.6676E-01
  1.1183E+01 -7.4692E-09 -1.8271E-07  3.6940E-01 -2.1144E-08 -1.5772E-08  3.6793E-01
  1.1195E+01 -1.8869E-08 -1.7850E-07  3.6914E-01 -2.0773E-08 -1.5471E-08  3.6775E-01
  1.1207E+01  5.0951E-08 -1.7867E-07  3.6782E-01 -2.0952E-08 -1.5626E-08  3.6638E-01
  1.1219E+01 -3.3814E-08 -1.8130E-07  3.6703E-01 -2.1231E-08 -1.5860E-08  3.6553E-01
  1.1231E+01 -2.3966E-09 -1.7863E-07  3.6679E-01 -2.0850E-08 -1.5552E-08  3.6537E-01
  1.1243E+01  5.2914E-08 -1.7987E-07  3.6676E-01 -2.1039E-08 -1.5723E-08  3.6529E-01
  1.1255E+01 -4.4107E-08 -1.7959E-07  3.6678E-01 -2.1178E-08 -1.5836E-08  3.6528E-01
  1.1267E+01  1.4388E-08 -1.7861E-07  3.6680E-01 -2.0963E-08 -1.5663E-08  3.6536E-01
  1.1279E+01  3.6220E-08 -1.8190E-07  3.6684E-01 -2.1160E-08 -1.5851E-08  3.6533E-01
  1.1291E+01 -3.8296E-08 -1.7862E-07  3.6687E-01 -2.1080E-08 -1.5775E-08  3.6540E-01
  1.1303E+01  3.2678E-08 -1.7844E-07  3.6690E-01 -2.1090E-08 -1.5789E-08  3.6543E-01
  1.1315E+01  6.3467E-09 -1.8288E-07  3.6693E-01 -2.1349E-08 -1.6032E-08  3.6539E-01
  1.1327E+01 -2.4863E-08 -1.7853E-07  3.6697E-01 -2.1064E-08 -1.5782E-08  3.6549E-01
  1.1339E+01  4.6775E-08 -1.7852E-07  3.6700E-01 -2.1204E-08 -1.5909E-08  3.6550E-01
  1.1351E+01 -2.4157E-08 -1.8206E-07  3.6704E-01 -2.1486E-08 -1.6166E-08  3.6547E-01
  1.1363E+01 -8.8616E-09 -1.7867E-07  3.6711E-01 -2.1110E-08 -1.5840E-08  3.6562E-01
  1.1375E+01  5.3825E-08 -1.7932E-07  3.6729E-01 -2.1288E-08 -1.6014E-08  3.6575E-01
  1.1387E+01 -4.1175E-08 -1.8029E-07  3.6782E-01 -2.1487E-08 -1.6185E-08  3.6625E-01
  1.1399E+01  7.8144E-09 -1.7869E-07  3.6902E-01 -2.1194E-08 -1.5932E-08  3.6752E-01
  1.1411E+01  4.7028E-08 -1.8099E-07  3.7007E-01 -2.1378E-08 -1.6128E-08  3.6851E-01
  1.1423E+01 -4.1832E-08 -1.7901E-07  3.6947E-01 -2.1411E-08 -1.6142E-08  3.6791E-01
  1.1435E+01  2.4439E-08 -1.7858E-07  3.6824E-01 -2.1327E-08 -1.6068E-08  3.6670E-01
  1.1447E+01  2.3371E-08 -1.8262E-07  3.6760E-01 -2.1514E-08 -1.6279E-08  3.6600E-01
  1.1459E+01 -3.1712E-08 -1.7859E-07  3.6742E-01 -2.1356E-08 -1.6117E-08  3.6587E-01
  1.1471E+01  4.0095E-08 -1.7848E-07  3.6740E-01 -2.1437E-08 -1.6193E-08  3.6582E-01
  1.1483E+01 -8.5278E-09 -1.8273E-07  3.6741E-01 -2.1694E-08 -1.6458E-08  3.6576E-01
  1.1495E+01 -1.6822E-08 -1.7865E-07  3.6744E-01 -2.1374E-08 -1.6154E-08  3.6587E-01
  1.1507E+01  5.1579E-08 -1.7883E-07  3.6747E-01 -2.1525E-08 -1.6310E-08  3.6586E-01
  1.1519E+01 -3.3510E-08 -1.8127E-07  3.6750E-01 -2.1764E-08 -1.6539E-08  3.6583E-01
  1.1531E+01 -5.6357E-10 -1.7876E-07  3.6753E-01 -2.1444E-08 -1.6238E-08  3.6595E-01
  1.1543E+01  5.2700E-08 -1.8007E-07  3.6757E-01 -2.1591E-08 -1.6417E-08  3.6593E-01
  1.1555E+01 -4.2532E-08 -1.7961E-07  3.6760E-01 -2.1714E-08 -1.6517E-08  3.6594E-01
  1.1567E+01  1.5975E-08 -1.7871E-07  3.6763E-01 -2.1548E-08 -1.6357E-08  3.6602E-01
  1.1579E+01  3.7760E-08 -1.8189E-07  3.6767E-01 -2.1690E-08 -1.6554E-08  3.6599E-01
  1.1591E+01 -3.7276E-08 -1.7877E-07  3.6770E-01 -2.1647E-08 -1.6481E-08  3.6605E-01
  1.1603E+01  3.2227E-08 -1.7855E-07  3.6864E-01 -2.1656E-08 -1.6488E-08  3.6699E-01
  1.1615E+01  8.7351E-09 -1.8291E-07  3.6867E-01 -2.1863E-08 -1.6745E-08  3.6695E-01
  1.1627E+01 -2.4374E-08 -1.7864E-07  3.6870E-01 -2.1636E-08 -1.6496E-08  3.6706E-01
  1.1639E+01  4.6380E-08 -1.7859E-07  3.6874E-01 -2.1754E-08 -1.6621E-08  3.6706E-01
  1.1651E+01 -2.1626E-08 -1.8217E-07  3.6877E-01 -2.1995E-08 -1.6888E-08  3.6701E-01
  1.1663E+01 -8.7701E-09 -1.7876E-07  3.6880E-01 -2.1678E-08 -1.6560E-08  3.6714E-01
  1.1675E+01  5.3857E-08 -1.7933E-07  3.6884E-01 -2.1820E-08 -1.6740E-08  3.6712E-01
  1.1687E+01 -3.9181E-08 -1.8044E-07  3.6887E-01 -2.2003E-08 -1.6918E-08  3.6711E-01
  1.1699E+01  9.4088E-09 -1.7878E-07  3.6890E-01 -2.1749E-08 -1.6657E-08  3.6721E-01
  1.1711E+01  4.6126E-08 -1.8116E-07  3.6894E-01 -2.1890E-08 -1.6872E-08  3.6718E-01
  1.1723E+01 -3.9988E-08 -1.7905E-07  3.6897E-01 -2.1925E-08 -1.6870E-08  3.6723E-01
  1.1735E+01  2.5747E-08 -1.7864E-07  3.6900E-01 -2.1873E-08 -1.6808E-08  3.6728E-01
  1.1747E+01  2.1852E-08 -1.8271E-07  3.6903E-01 -2.2023E-08 -1.7050E-08  3.6723E-01
  1.1759E+01 -2.9651E-08 -1.7868E-07  3.6907E-01 -2.1890E-08 -1.6865E-08  3.6733E-01
  1.1771E+01  4.1113E-08 -1.7854E-07  3.6910E-01 -2.1971E-08 -1.6951E-08  3.6734E-01
  1.1783E+01 -9.5718E-09 -1.8268E-07  3.6913E-01 -2.2185E-08 -1.7235E-08  3.6729E-01
  1.1795E+01 -1.4916E-08 -1.7874E-07  3.6917E-01 -2.1915E-08 -1.6918E-08  3.6742E-01
  1.1807E+01  5.2062E-08 -1.7893E-07  3.6920E-01 -2.2042E-08 -1.7087E-08  3.6740E-01
  1.1819E+01 -3.3259E-08 -1.8119E-07  3.6924E-01 -2.2246E-08 -1.7318E-08  3.6737E-01
  1.1831E+01  1.0881E-09 -1.7883E-07  3.6927E-01 -2.1984E-08 -1.7016E-08  3.6749E-01
  1.1843E+01  5.2301E-08 -1.8022E-07  3.6931E-01 -2.2094E-08 -1.7218E-08  3.6746E-01
  1.1855E+01 -4.1089E-08 -1.7960E-07  3.6934E-01 -2.2203E-08 -1.7305E-08  3.6748E-01
  1.1867E+01  1.7393E-08 -1.7876E-07  3.6937E-01 -2.2079E-08 -1.7149E-08  3.6756E-01
  1.1879E+01  3.6469E-08 -1.8201E-07  3.6940E-01 -2.2182E-08 -1.7382E-08  3.6752E-01
  1.1891E+01 -3.5293E-08 -1.7882E-07  3.6944E-01 -2.2150E-08 -1.7285E-08  3.6759E-01
  1.1903E+01  3.3417E-08 -1.7858E-07  3.6947E-01 -2.2172E-08 -1.7297E-08  3.6762E-01
  1.1915E+01  7.3107E-09 -1.8291E-07  3.6950E-01 -2.2335E-08 -1.7586E-08  3.6756E-01
  1.1927E+01 -2.2388E-08 -1.7872E-07  3.6953E-01 -2.2148E-08 -1.7314E-08  3.6768E-01
  1.1939E+01  4.7193E-08 -1.7865E-07  3.6957E-01 -2.2252E-08 -1.7452E-08  3.6767E-01
  1.1951E+01 -2.2103E-08 -1.8207E-07  3.6960E-01 -2.2453E-08 -1.7737E-08  3.6763E-01
  1.1963E+01 -7.0054E-09 -1.7883E-07  3.6963E-01 -2.2191E-08 -1.7394E-08  3.6776E-01
  1.1975E+01  5.3969E-08 -1.7944E-07  3.6967E-01 -2.2301E-08 -1.7597E-08  3.6773E-01
  1.2000E+01  1.2842E-08 -1.7953E-07  3.6974E-01 -2.2274E-08 -1.7525E-08  3.6783E-01
