  1.1041E-02  5.8393E-02  8.9733E-01  7.3493E-01  5.9283E+01  1.0144E+00  5.9266E+01
  2.3083E-02  9.9626E-02  1.7295E+00  7.6822E-01  4.5498E+01  1.9387E+00  4.5428E+01
  3.5286E-02  1.4134E-01  1.8578E+00  7.7746E-01  3.1552E+01  2.3346E+00  3.1409E+01
  4.7019E-02  1.8141E-01  2.2335E+00  7.8602E-01  5.3160E+01  2.8450E+00  5.3037E+01
  5.9089E-02  2.2246E-01  3.2829E+00  7.9183E-01  5.7013E+01  3.7751E+00  5.6813E+01
  7.1070E-02  2.6239E-01  4.0476E+00  7.9372E-01  2.6527E+01  4.5848E+00  2.5891E+01
  8.3163E-02  3.0297E-01  4.1257E+00  7.9411E-01  8.3399E+00  4.7613E+00  5.7969E+00
  9.5127E-02  3.4311E-01  4.4760E+00  7.9447E-01  2.2175E+01  5.1182E+00  2.1219E+01
  1.0707E-01  3.8313E-01  5.5256E+00  7.9498E-01  2.7257E+01  5.8792E+00  2.6234E+01
  1.1907E-01  4.2329E-01  6.4640E+00  7.9518E-01  9.2323E+00  6.3900E+00  4.5455E+00
  1.3123E-01  4.6396E-01  6.7315E+00  7.9514E-01  1.2229E+01  6.3568E+00 -9.2543E+00
  1.4305E-01  5.0348E-01  6.6862E+00  7.9507E-01  9.8995E+00  6.4592E+00 -5.6569E+00
  1.5521E-01  5.4432E-01  6.6348E+00  7.9505E-01  8.4149E+00  6.5883E+00 -1.4638E+00
  1.6717E-01  5.8412E-01  6.6164E+00  7.9504E-01  8.3615E+00  6.6477E+00 -3.4836E-02
  1.7901E-01  6.2372E-01  6.6126E+00  7.9504E-01  8.3954E+00  6.6660E+00  4.3045E-01
  1.9127E-01  6.6472E-01  6.6126E+00  7.9505E-01  8.4235E+00  6.6841E+00  5.2344E-01
  2.0323E-01  7.0472E-01  6.6126E+00  7.9505E-01  8.4509E+00  6.7013E+00  6.1219E-01
  2.1519E-01  7.4472E-01  6.6126E+00  7.9505E-01  8.4785E+00  6.7179E+00  6.9900E-01
  2.2715E-01  7.8472E-01  6.6127E+00  7.9506E-01  8.5060E+00  6.7339E+00  7.8410E-01
  2.3911E-01  8.2472E-01  6.6127E+00  7.9506E-01  8.5335E+00  6.7495E+00  8.6767E-01
  2.5107E-01  8.6472E-01  6.6127E+00  7.9507E-01  8.5609E+00  6.7645E+00  9.4988E-01
  2.6303E-01  9.0472E-01  6.6127E+00  7.9508E-01  8.5884E+00  6.7791E+00  1.0309E+00
  2.7529E-01  9.4572E-01  6.6127E+00  7.9510E-01  8.6166E+00  6.7936E+00  1.1129E+00
  2.8725E-01  9.8572E-01  6.6127E+00  7.9511E-01  8.6441E+00  6.8073E+00  1.1919E+00
  2.9921E-01  1.0257E+00  6.6127E+00  7.9512E-01  8.6717E+00  6.8207E+00  1.2702E+00
  3.1117E-01  1.0657E+00  6.6128E+00  7.9514E-01  8.6994E+00  6.8337E+00  1.3478E+00
  3.2313E-01  1.1057E+00  6.6128E+00  7.9515E-01  8.7272E+00  6.8464E+00  1.4250E+00
  3.3509E-01  1.1457E+00  6.6128E+00  7.9517E-01  8.7553E+00  6.8588E+00  1.5017E+00
  3.4705E-01  1.1857E+00  6.6128E+00  7.9519E-01  8.7835E+00  6.8709E+00  1.5781E+00
  3.5901E-01  1.2257E+00  6.6128E+00  7.9520E-01  8.8121E+00  6.8828E+00  1.6544E+00
  3.7127E-01  1.2667E+00  6.6128E+00  7.9523E-01  8.8417E+00  6.8948E+00  1.7326E+00
  3.8323E-01  1.3067E+00  6.6128E+00  7.9525E-01  8.8710E+00  6.9064E+00  1.8091E+00
  3.9519E-01  1.3467E+00  6.6128E+00  7.9527E-01  8.9008E+00  6.9179E+00  1.8859E+00
  4.0715E-01  1.3867E+00  6.6128E+00  7.9530E-01  8.9312E+00  6.9292E+00  1.9633E+00
  4.1911E-01  1.4267E+00  6.6128E+00  7.9532E-01  8.9622E+00  6.9405E+00  2.0413E+00
  4.3107E-01  1.4667E+00  6.6128E+00  7.9535E-01  8.9940E+00  6.9519E+00  2.1197E+00
  4.4303E-01  1.5067E+00  6.6128E+00  7.9537E-01  9.0266E+00  6.9632E+00  2.1986E+00
  4.5529E-01  1.5477E+00  6.6128E+00  7.9539E-01  9.0608E+00  6.9750E+00  2.2797E+00
  4.6725E-01  1.5877E+00  6.6127E+00  7.9541E-01  9.0950E+00  6.9866E+00  2.3592E+00
  4.7921E-01  1.6277E+00  6.6127E+00  7.9543E-01  9.1299E+00  6.9983E+00  2.4389E+00
  4.9117E-01  1.6677E+00  6.6127E+00  7.9545E-01  9.1657E+00  7.0101E+00  2.5189E+00
  5.0313E-01  1.7077E+00  6.6127E+00  7.9547E-01  9.2022E+00  7.0220E+00  2.5993E+00
  5.1509E-01  1.7477E+00  6.6127E+00  7.9550E-01  9.2395E+00  7.0341E+00  2.6799E+00
  5.2706E-01  1.7877E+00  6.6127E+00  7.9552E-01  9.2777E+00  7.0462E+00  2.7608E+00
  5.3902E-01  1.8277E+00  6.6127E+00  7.9554E-01  9.3166E+00  7.0585E+00  2.8419E+00
  5.5128E-01  1.8687E+00  6.6127E+00  7.9557E-01  9.3573E+00  7.0712E+00  2.9255E+00
  5.6324E-01  1.9087E+00  6.6127E+00  7.9560E-01  9.3979E+00  7.0838E+00  3.0072E+00
  5.7520E-01  1.9487E+00  6.6127E+00  7.9562E-01  9.4392E+00  7.0965E+00  3.0893E+00
  5.8716E-01  1.9887E+00  6.6127E+00  7.9565E-01  9.4814E+00  7.1093E+00  3.1717E+00
  5.9912E-01  2.0287E+00  6.6127E+00  7.9568E-01  9.5243E+00  7.1222E+00  3.2543E+00
  6.1108E-01  2.0687E+00  6.6127E+00  7.9571E-01  9.5681E+00  7.1353E+00  3.3373E+00
  6.2304E-01  2.1087E+00  6.6127E+00  7.9574E-01  9.6126E+00  7.1485E+00  3.4206E+00
  6.3500E-01  2.1487E+00  6.6127E+00  7.9577E-01  9.6580E+00  7.1618E+00  3.5042E+00
  6.4726E-01  2.1897E+00  6.6127E+00  7.9580E-01  9.7052E+00  7.1756E+00  3.5902E+00
  6.5922E-01  2.2297E+00  6.6127E+00  7.9583E-01  9.7522E+00  7.1891E+00  3.6744E+00
  6.7118E-01  2.2697E+00  6.6127E+00  7.9586E-01  9.7999E+00  7.2029E+00  3.7589E+00
  6.8314E-01  2.3097E+00  6.6127E+00  7.9590E-01  9.8484E+00  7.2167E+00  3.8437E+00
  6.9510E-01  2.3497E+00  6.6127E+00  7.9593E-01  9.8978E+00  7.2307E+00  3.9288E+00
  7.0707E-01  2.3897E+00  6.6127E+00  7.9597E-01  9.9479E+00  7.2449E+00  4.0143E+00
  7.1903E-01  2.4297E+00  6.6126E+00  7.9600E-01  9.9988E+00  7.2591E+00  4.1000E+00
  7.3129E-01  2.4707E+00  6.6126E+00  7.9604E-01  1.0052E+01  7.2739E+00  4.1883E+00
  7.4325E-01  2.5107E+00  6.6126E+00  7.9608E-01  1.0104E+01  7.2885E+00  4.2747E+00
  7.5521E-01  2.5507E+00  6.6126E+00  7.9611E-01  1.0158E+01  7.3032E+00  4.3614E+00
  7.6717E-01  2.5907E+00  6.6126E+00  7.9615E-01  1.0212E+01  7.3181E+00  4.4485E+00
  7.7913E-01  2.6307E+00  6.6126E+00  7.9619E-01  1.0267E+01  7.3331E+00  4.5358E+00
  7.9109E-01  2.6707E+00  6.6126E+00  7.9623E-01  1.0322E+01  7.3482E+00  4.6235E+00
  8.0305E-01  2.7107E+00  6.6126E+00  7.9627E-01  1.0379E+01  7.3636E+00  4.7116E+00
  8.1501E-01  2.7507E+00  6.6126E+00  7.9632E-01  1.0436E+01  7.3790E+00  4.7999E+00
  8.2727E-01  2.7917E+00  6.6126E+00  7.9636E-01  1.0495E+01  7.3951E+00  4.8908E+00
  8.3923E-01  2.8317E+00  6.6126E+00  7.9640E-01  1.0554E+01  7.4109E+00  4.9799E+00
  8.5119E-01  2.8717E+00  6.6126E+00  7.9645E-01  1.0614E+01  7.4268E+00  5.0692E+00
  8.6315E-01  2.9117E+00  6.6126E+00  7.9649E-01  1.0674E+01  7.4429E+00  5.1589E+00
  8.7511E-01  2.9517E+00  6.6126E+00  7.9654E-01  1.0735E+01  7.4592E+00  5.2489E+00
  8.8708E-01  2.9917E+00  6.6126E+00  7.9658E-01  1.0797E+01  7.4756E+00  5.3393E+00
  8.9904E-01  3.0317E+00  6.6126E+00  7.9663E-01  1.0860E+01  7.4922E+00  5.4300E+00
  9.1130E-01  3.0727E+00  6.6126E+00  7.9668E-01  1.0925E+01  7.5093E+00  5.5233E+00
  9.2326E-01  3.1127E+00  6.6126E+00  7.9673E-01  1.0989E+01  7.5262E+00  5.6146E+00
  9.3522E-01  3.1527E+00  6.6126E+00  7.9678E-01  1.1054E+01  7.5433E+00  5.7064E+00
  9.4718E-01  3.1927E+00  6.6125E+00  7.9683E-01  1.1120E+01  7.5605E+00  5.7984E+00
  9.5914E-01  3.2327E+00  6.6125E+00  7.9688E-01  1.1186E+01  7.5779E+00  5.8908E+00
  9.7110E-01  3.2727E+00  6.6125E+00  7.9693E-01  1.1254E+01  7.5955E+00  5.9835E+00
  9.8306E-01  3.3127E+00  6.6125E+00  7.9698E-01  1.1322E+01  7.6133E+00  6.0766E+00
  9.9502E-01  3.3527E+00  6.6125E+00  7.9704E-01  1.1390E+01  7.6312E+00  6.1700E+00
  1.0073E+00  3.3937E+00  6.6125E+00  7.9709E-01  1.1462E+01  7.6497E+00  6.2661E+00
  1.0192E+00  3.4337E+00  6.6125E+00  7.9715E-01  1.1532E+01  7.6680E+00  6.3602E+00
  1.0312E+00  3.4737E+00  6.6125E+00  7.9720E-01  1.1603E+01  7.6864E+00  6.4547E+00
  1.0432E+00  3.5137E+00  6.6125E+00  7.9726E-01  1.1675E+01  7.7050E+00  6.5495E+00
  1.0551E+00  3.5537E+00  6.6125E+00  7.9732E-01  1.1747E+01  7.7238E+00  6.6447E+00
  1.0671E+00  3.5937E+00  6.6125E+00  7.9738E-01  1.1820E+01  7.7427E+00  6.7402E+00
  1.0790E+00  3.6337E+00  6.6125E+00  7.9744E-01  1.1894E+01  7.7619E+00  6.8361E+00
  1.0910E+00  3.6737E+00  6.6125E+00  7.9750E-01  1.1969E+01  7.7812E+00  6.9324E+00
  1.1033E+00  3.7147E+00  6.6125E+00  7.9756E-01  1.2046E+01  7.8011E+00  7.0314E+00
  1.1152E+00  3.7547E+00  6.6125E+00  7.9762E-01  1.2122E+01  7.8208E+00  7.1284E+00
  1.1272E+00  3.7947E+00  6.6125E+00  7.9768E-01  1.2199E+01  7.8406E+00  7.2257E+00
  1.1391E+00  3.8347E+00  6.6125E+00  7.9775E-01  1.2277E+01  7.8607E+00  7.3235E+00
  1.1511E+00  3.8747E+00  6.6124E+00  7.9781E-01  1.2355E+01  7.8809E+00  7.4215E+00
  1.1631E+00  3.9147E+00  6.6124E+00  7.9788E-01  1.2434E+01  7.9013E+00  7.5200E+00
  1.1750E+00  3.9547E+00  6.6124E+00  7.9794E-01  1.2514E+01  7.9219E+00  7.6187E+00
  1.1873E+00  3.9957E+00  6.6124E+00  7.9801E-01  1.2597E+01  7.9431E+00  7.7204E+00
  1.1993E+00  4.0357E+00  6.6124E+00  7.9808E-01  1.2678E+01  7.9641E+00  7.8199E+00
  1.2112E+00  4.0757E+00  6.6124E+00  7.9815E-01  1.2760E+01  7.9852E+00  7.9198E+00
  1.2232E+00  4.1157E+00  6.6124E+00  7.9822E-01  1.2843E+01  8.0065E+00  8.0201E+00
  1.2351E+00  4.1557E+00  6.6124E+00  7.9829E-01  1.2926E+01  8.0280E+00  8.1207E+00
  1.2471E+00  4.1957E+00  6.6124E+00  7.9836E-01  1.3010E+01  8.0496E+00  8.2218E+00
  1.2591E+00  4.2357E+00  6.6124E+00  7.9843E-01  1.3095E+01  8.0715E+00  8.3232E+00
  1.2710E+00  4.2757E+00  6.6124E+00  7.9851E-01  1.3180E+01  8.0935E+00  8.4249E+00
  1.2833E+00  4.3167E+00  6.6124E+00  7.9858E-01  1.3268E+01  8.1162E+00  8.5296E+00
  1.2952E+00  4.3567E+00  6.6124E+00  7.9866E-01  1.3355E+01  8.1386E+00  8.6322E+00
  1.3072E+00  4.3967E+00  6.6124E+00  7.9873E-01  1.3443E+01  8.1612E+00  8.7351E+00
  1.3192E+00  4.4367E+00  6.6124E+00  7.9881E-01  1.3531E+01  8.1840E+00  8.8384E+00
  1.3311E+00  4.4767E+00  6.6123E+00  7.9889E-01  1.3620E+01  8.2069E+00  8.9421E+00
  1.3431E+00  4.5167E+00  6.6123E+00  7.9897E-01  1.3709E+01  8.2301E+00  9.0461E+00
  1.3550E+00  4.5567E+00  6.6123E+00  7.9905E-01  1.3799E+01  8.2534E+00  9.1506E+00
  1.3670E+00  4.5967E+00  6.6123E+00  7.9913E-01  1.3890E+01  8.2769E+00  9.2554E+00
  1.3793E+00  4.6377E+00  6.6123E+00  7.9921E-01  1.3984E+01  8.3012E+00  9.3632E+00
  1.3912E+00  4.6777E+00  6.6123E+00  7.9929E-01  1.4076E+01  8.3251E+00  9.4688E+00
  1.4032E+00  4.7177E+00  6.6123E+00  7.9938E-01  1.4169E+01  8.3492E+00  9.5748E+00
  1.4151E+00  4.7577E+00  6.6123E+00  7.9946E-01  1.4263E+01  8.3734E+00  9.6812E+00
  1.4271E+00  4.7977E+00  6.6123E+00  7.9955E-01  1.4357E+01  8.3978E+00  9.7879E+00
  1.4391E+00  4.8377E+00  6.6123E+00  7.9963E-01  1.4452E+01  8.4224E+00  9.8951E+00
  1.4510E+00  4.8777E+00  6.6123E+00  7.9972E-01  1.4547E+01  8.4472E+00  1.0003E+01
  1.4633E+00  4.9187E+00  6.6123E+00  7.9981E-01  1.4646E+01  8.4728E+00  1.0113E+01
  1.4752E+00  4.9587E+00  6.6123E+00  7.9990E-01  1.4743E+01  8.4979E+00  1.0222E+01
  1.4872E+00  4.9987E+00  6.6123E+00  7.9999E-01  1.4840E+01  8.5232E+00  1.0330E+01
  1.4992E+00  5.0387E+00  6.6122E+00  8.0008E-01  1.4938E+01  8.5487E+00  1.0439E+01
  1.5111E+00  5.0787E+00  6.6122E+00  8.0017E-01  1.5037E+01  8.5744E+00  1.0549E+01
  1.5231E+00  5.1187E+00  6.6122E+00  8.0026E-01  1.5136E+01  8.6002E+00  1.0659E+01
  1.5351E+00  5.1587E+00  6.6122E+00  8.0036E-01  1.5236E+01  8.6262E+00  1.0769E+01
  1.5470E+00  5.1987E+00  6.6122E+00  8.0045E-01  1.5336E+01  8.6524E+00  1.0879E+01
  1.5593E+00  5.2397E+00  6.6122E+00  8.0055E-01  1.5440E+01  8.6794E+00  1.0993E+01
  1.5712E+00  5.2797E+00  6.6122E+00  8.0064E-01  1.5542E+01  8.7059E+00  1.1104E+01
  1.5832E+00  5.3197E+00  6.6122E+00  8.0074E-01  1.5644E+01  8.7326E+00  1.1216E+01
  1.5952E+00  5.3597E+00  6.6122E+00  8.0084E-01  1.5747E+01  8.7595E+00  1.1328E+01
  1.6071E+00  5.3997E+00  6.6122E+00  8.0094E-01  1.5850E+01  8.7865E+00  1.1441E+01
  1.6191E+00  5.4397E+00  6.6122E+00  8.0104E-01  1.5955E+01  8.8137E+00  1.1554E+01
  1.6310E+00  5.4797E+00  6.6122E+00  8.0114E-01  1.6059E+01  8.8410E+00  1.1667E+01
  1.6433E+00  5.5207E+00  6.6121E+00  8.0125E-01  1.6167E+01  8.8691E+00  1.1783E+01
  1.6553E+00  5.5607E+00  6.6121E+00  8.0135E-01  1.6273E+01  8.8968E+00  1.1897E+01
  1.6672E+00  5.6007E+00  6.6121E+00  8.0145E-01  1.6379E+01  8.9245E+00  1.2012E+01
  1.6792E+00  5.6407E+00  6.6121E+00  8.0156E-01  1.6486E+01  8.9524E+00  1.2127E+01
  1.6911E+00  5.6807E+00  6.6121E+00  8.0167E-01  1.6594E+01  8.9805E+00  1.2242E+01
  1.7031E+00  5.7207E+00  6.6121E+00  8.0177E-01  1.6702E+01  9.0087E+00  1.2357E+01
  1.7151E+00  5.7607E+00  6.6121E+00  8.0188E-01  1.6810E+01  9.0370E+00  1.2473E+01
  1.7270E+00  5.8007E+00  6.6121E+00  8.0199E-01  1.6919E+01  9.0655E+00  1.2589E+01
  1.7393E+00  5.8417E+00  6.6121E+00  8.0211E-01  1.7032E+01  9.0948E+00  1.2709E+01
  1.7512E+00  5.8817E+00  6.6121E+00  8.0222E-01  1.7142E+01  9.1235E+00  1.2826E+01
  1.7632E+00  5.9217E+00  6.6121E+00  8.0233E-01  1.7253E+01  9.1523E+00  1.2943E+01
  1.7752E+00  5.9617E+00  6.6121E+00  8.0244E-01  1.7364E+01  9.1812E+00  1.3061E+01
  1.7871E+00  6.0017E+00  6.6120E+00  8.0256E-01  1.7475E+01  9.2103E+00  1.3179E+01
  1.7991E+00  6.0417E+00  6.6120E+00  8.0267E-01  1.7587E+01  9.2395E+00  1.3297E+01
  1.8110E+00  6.0817E+00  6.6120E+00  8.0279E-01  1.7700E+01  9.2687E+00  1.3416E+01
  1.8230E+00  6.1217E+00  6.6120E+00  8.0291E-01  1.7813E+01  9.2981E+00  1.3535E+01
  1.8353E+00  6.1627E+00  6.6120E+00  8.0303E-01  1.7930E+01  9.3282E+00  1.3658E+01
  1.8472E+00  6.2027E+00  6.6120E+00  8.0315E-01  1.8044E+01  9.3578E+00  1.3778E+01
  1.8592E+00  6.2427E+00  6.6120E+00  8.0327E-01  1.8158E+01  9.3874E+00  1.3898E+01
  1.8712E+00  6.2827E+00  6.6120E+00  8.0339E-01  1.8273E+01  9.4171E+00  1.4018E+01
  1.8831E+00  6.3227E+00  6.6120E+00  8.0351E-01  1.8388E+01  9.4469E+00  1.4139E+01
  1.8951E+00  6.3627E+00  6.6120E+00  8.0364E-01  1.8504E+01  9.4767E+00  1.4260E+01
  1.9070E+00  6.4027E+00  6.6120E+00  8.0376E-01  1.8620E+01  9.5066E+00  1.4382E+01
  1.9193E+00  6.4437E+00  6.6119E+00  8.0389E-01  1.8740E+01  9.5373E+00  1.4506E+01
  1.9313E+00  6.4837E+00  6.6119E+00  8.0402E-01  1.8857E+01  9.5673E+00  1.4629E+01
  1.9432E+00  6.5237E+00  6.6119E+00  8.0415E-01  1.8974E+01  9.5974E+00  1.4751E+01
  1.9552E+00  6.5637E+00  6.6119E+00  8.0428E-01  1.9092E+01  9.6275E+00  1.4874E+01
  1.9671E+00  6.6037E+00  6.6119E+00  8.0441E-01  1.9211E+01  9.6577E+00  1.4997E+01
  1.9791E+00  6.6437E+00  6.6119E+00  8.0454E-01  1.9329E+01  9.6879E+00  1.5120E+01
  1.9911E+00  6.6837E+00  6.6119E+00  8.0467E-01  1.9448E+01  9.7181E+00  1.5244E+01
  2.0030E+00  6.7237E+00  6.6119E+00  8.0481E-01  1.9567E+01  9.7483E+00  1.5368E+01
  2.0153E+00  6.7647E+00  6.6119E+00  8.0494E-01  1.9690E+01  9.7793E+00  1.5495E+01
  2.0272E+00  6.8047E+00  6.6119E+00  8.0508E-01  1.9810E+01  9.8095E+00  1.5619E+01
  2.0392E+00  6.8447E+00  6.6119E+00  8.0522E-01  1.9930E+01  9.8398E+00  1.5744E+01
  2.0512E+00  6.8847E+00  6.6118E+00  8.0536E-01  2.0050E+01  9.8700E+00  1.5869E+01
  2.0631E+00  6.9247E+00  6.6118E+00  8.0549E-01  2.0171E+01  9.9002E+00  1.5994E+01
  2.0751E+00  6.9647E+00  6.6118E+00  8.0563E-01  2.0292E+01  9.9304E+00  1.6120E+01
  2.0870E+00  7.0047E+00  6.6118E+00  8.0578E-01  2.0414E+01  9.9606E+00  1.6245E+01
  2.0990E+00  7.0447E+00  6.6118E+00  8.0592E-01  2.0535E+01  9.9907E+00  1.6371E+01
  2.1113E+00  7.0857E+00  6.6118E+00  8.0607E-01  2.0660E+01  1.0022E+01  1.6501E+01
  2.1232E+00  7.1257E+00  6.6118E+00  8.0621E-01  2.0782E+01  1.0052E+01  1.6627E+01
  2.1352E+00  7.1657E+00  6.6118E+00  8.0636E-01  2.0905E+01  1.0082E+01  1.6754E+01
  2.1471E+00  7.2057E+00  6.6118E+00  8.0650E-01  2.1027E+01  1.0112E+01  1.6881E+01
  2.1591E+00  7.2457E+00  6.6118E+00  8.0665E-01  2.1150E+01  1.0142E+01  1.7008E+01
  2.1711E+00  7.2857E+00  6.6118E+00  8.0680E-01  2.1273E+01  1.0171E+01  1.7135E+01
  2.1830E+00  7.3257E+00  6.6117E+00  8.0695E-01  2.1396E+01  1.0201E+01  1.7262E+01
  2.1953E+00  7.3667E+00  6.6117E+00  8.0710E-01  2.1523E+01  1.0232E+01  1.7393E+01
  2.2072E+00  7.4067E+00  6.6117E+00  8.0726E-01  2.1647E+01  1.0262E+01  1.7521E+01
  2.2192E+00  7.4467E+00  6.6117E+00  8.0741E-01  2.1770E+01  1.0291E+01  1.7649E+01
  2.2312E+00  7.4867E+00  6.6117E+00  8.0757E-01  2.1894E+01  1.0321E+01  1.7777E+01
  2.2431E+00  7.5267E+00  6.6117E+00  8.0772E-01  2.2019E+01  1.0350E+01  1.7906E+01
  2.2551E+00  7.5667E+00  6.6117E+00  8.0788E-01  2.2143E+01  1.0380E+01  1.8034E+01
  2.2671E+00  7.6067E+00  6.6117E+00  8.0804E-01  2.2267E+01  1.0409E+01  1.8163E+01
  2.2790E+00  7.6467E+00  6.6117E+00  8.0820E-01  2.2392E+01  1.0438E+01  1.8291E+01
  2.2913E+00  7.6877E+00  6.6117E+00  8.0836E-01  2.2519E+01  1.0468E+01  1.8423E+01
  2.3032E+00  7.7277E+00  6.6117E+00  8.0852E-01  2.2644E+01  1.0497E+01  1.8552E+01
  2.3152E+00  7.7677E+00  6.6117E+00  8.0868E-01  2.2769E+01  1.0526E+01  1.8682E+01
  2.3272E+00  7.8077E+00  6.6117E+00  8.0885E-01  2.2894E+01  1.0555E+01  1.8811E+01
  2.3391E+00  7.8477E+00  6.6117E+00  8.0901E-01  2.3019E+01  1.0584E+01  1.8940E+01
  2.3511E+00  7.8877E+00  6.6117E+00  8.0918E-01  2.3144E+01  1.0613E+01  1.9069E+01
  2.3630E+00  7.9277E+00  6.6116E+00  8.0934E-01  2.3270E+01  1.0642E+01  1.9199E+01
  2.3753E+00  7.9687E+00  6.6116E+00  8.0952E-01  2.3398E+01  1.0671E+01  1.9331E+01
  2.3873E+00  8.0087E+00  6.6116E+00  8.0969E-01  2.3523E+01  1.0699E+01  1.9461E+01
  2.3992E+00  8.0487E+00  6.6116E+00  8.0986E-01  2.3649E+01  1.0728E+01  1.9591E+01
  2.4112E+00  8.0887E+00  6.6116E+00  8.1003E-01  2.3774E+01  1.0756E+01  1.9720E+01
  2.4231E+00  8.1287E+00  6.6116E+00  8.1020E-01  2.3900E+01  1.0784E+01  1.9850E+01
  2.4351E+00  8.1687E+00  6.6116E+00  8.1038E-01  2.4025E+01  1.0813E+01  1.9980E+01
  2.4471E+00  8.2087E+00  6.6116E+00  8.1055E-01  2.4151E+01  1.0841E+01  2.0110E+01
  2.4590E+00  8.2487E+00  6.6116E+00  8.1073E-01  2.4276E+01  1.0868E+01  2.0239E+01
  2.4713E+00  8.2897E+00  6.6116E+00  8.1091E-01  2.4405E+01  1.0897E+01  2.0372E+01
  2.4832E+00  8.3297E+00  6.6116E+00  8.1109E-01  2.4531E+01  1.0925E+01  2.0502E+01
  2.4952E+00  8.3697E+00  6.6116E+00  8.1127E-01  2.4656E+01  1.0953E+01  2.0632E+01
  2.5072E+00  8.4097E+00  6.6116E+00  8.1145E-01  2.4782E+01  1.0980E+01  2.0762E+01
  2.5191E+00  8.4497E+00  6.6116E+00  8.1163E-01  2.4908E+01  1.1008E+01  2.0891E+01
  2.5311E+00  8.4897E+00  6.6116E+00  8.1181E-01  2.5033E+01  1.1035E+01  2.1021E+01
  2.5430E+00  8.5297E+00  6.6116E+00  8.1200E-01  2.5159E+01  1.1062E+01  2.1151E+01
  2.5550E+00  8.5697E+00  6.6116E+00  8.1218E-01  2.5284E+01  1.1090E+01  2.1281E+01
  2.5673E+00  8.6107E+00  6.6116E+00  8.1237E-01  2.5413E+01  1.1118E+01  2.1413E+01
  2.5792E+00  8.6507E+00  6.6116E+00  8.1256E-01  2.5538E+01  1.1145E+01  2.1543E+01
  2.5912E+00  8.6907E+00  6.6116E+00  8.1275E-01  2.5664E+01  1.1171E+01  2.1673E+01
  2.6032E+00  8.7307E+00  6.6116E+00  8.1294E-01  2.5789E+01  1.1198E+01  2.1802E+01
  2.6151E+00  8.7707E+00  6.6116E+00  8.1313E-01  2.5914E+01  1.1225E+01  2.1931E+01
  2.6271E+00  8.8107E+00  6.6116E+00  8.1332E-01  2.6039E+01  1.1252E+01  2.2061E+01
  2.6390E+00  8.8507E+00  6.6116E+00  8.1351E-01  2.6165E+01  1.1278E+01  2.2190E+01
  2.6513E+00  8.8917E+00  6.6116E+00  8.1371E-01  2.6293E+01  1.1305E+01  2.2322E+01
  2.6633E+00  8.9317E+00  6.6116E+00  8.1391E-01  2.6418E+01  1.1331E+01  2.2451E+01
  2.6752E+00  8.9717E+00  6.6116E+00  8.1411E-01  2.6542E+01  1.1358E+01  2.2580E+01
  2.6872E+00  9.0117E+00  6.6116E+00  8.1430E-01  2.6667E+01  1.1384E+01  2.2709E+01
  2.6991E+00  9.0517E+00  6.6116E+00  8.1450E-01  2.6791E+01  1.1410E+01  2.2838E+01
  2.7111E+00  9.0917E+00  6.6116E+00  8.1470E-01  2.6916E+01  1.1435E+01  2.2966E+01
  2.7231E+00  9.1317E+00  6.6116E+00  8.1490E-01  2.7040E+01  1.1461E+01  2.3095E+01
  2.7350E+00  9.1717E+00  6.6116E+00  8.1511E-01  2.7164E+01  1.1487E+01  2.3223E+01
  2.7473E+00  9.2127E+00  6.6116E+00  8.1531E-01  2.7291E+01  1.1513E+01  2.3354E+01
  2.7592E+00  9.2527E+00  6.6116E+00  8.1552E-01  2.7415E+01  1.1538E+01  2.3482E+01
  2.7712E+00  9.2927E+00  6.6117E+00  8.1572E-01  2.7539E+01  1.1563E+01  2.3610E+01
  2.7832E+00  9.3327E+00  6.6117E+00  8.1593E-01  2.7662E+01  1.1588E+01  2.3738E+01
  2.7951E+00  9.3727E+00  6.6117E+00  8.1614E-01  2.7786E+01  1.1613E+01  2.3866E+01
  2.8071E+00  9.4127E+00  6.6117E+00  8.1635E-01  2.7909E+01  1.1638E+01  2.3993E+01
  2.8190E+00  9.4527E+00  6.6117E+00  8.1656E-01  2.8032E+01  1.1662E+01  2.4120E+01
  2.8310E+00  9.4927E+00  6.6117E+00  8.1677E-01  2.8154E+01  1.1687E+01  2.4247E+01
  2.8433E+00  9.5337E+00  6.6117E+00  8.1699E-01  2.8280E+01  1.1712E+01  2.4377E+01
  2.8552E+00  9.5737E+00  6.6117E+00  8.1720E-01  2.8402E+01  1.1736E+01  2.4504E+01
  2.8672E+00  9.6137E+00  6.6117E+00  8.1741E-01  2.8524E+01  1.1760E+01  2.4631E+01
  2.8791E+00  9.6537E+00  6.6117E+00  8.1763E-01  2.8646E+01  1.1783E+01  2.4757E+01
  2.8911E+00  9.6937E+00  6.6117E+00  8.1785E-01  2.8768E+01  1.1807E+01  2.4883E+01
  2.9031E+00  9.7337E+00  6.6117E+00  8.1806E-01  2.8889E+01  1.1830E+01  2.5009E+01
  2.9150E+00  9.7737E+00  6.6117E+00  8.1828E-01  2.9010E+01  1.1853E+01  2.5134E+01
  2.9273E+00  9.8147E+00  6.6117E+00  8.1851E-01  2.9134E+01  1.1877E+01  2.5263E+01
  2.9392E+00  9.8547E+00  6.6117E+00  8.1873E-01  2.9254E+01  1.1900E+01  2.5388E+01
  2.9512E+00  9.8947E+00  6.6117E+00  8.1895E-01  2.9365E+01  1.1924E+01  2.5502E+01
  2.9632E+00  9.9347E+00  6.6105E+00  8.1917E-01  2.9300E+01  1.1952E+01  2.5409E+01
  2.9751E+00  9.9747E+00  6.6072E+00  8.1939E-01  2.9022E+01  1.1987E+01  2.5065E+01
  2.9871E+00  1.0015E+01  6.6460E+00  8.1962E-01  3.2114E+01  1.1989E+01  2.8588E+01
  2.9991E+00  1.0055E+01  6.8266E+00  8.1988E-01  3.6143E+01  1.2131E+01  3.2975E+01
  3.0113E+00  1.0096E+01  7.0282E+00  8.2013E-01  3.3243E+01  1.2303E+01  2.9666E+01
  3.0232E+00  1.0136E+01  7.1499E+00  8.2034E-01  3.4004E+01  1.2327E+01  3.0504E+01
  3.0352E+00  1.0176E+01  7.3551E+00  8.2056E-01  3.6746E+01  1.2511E+01  3.3433E+01
  3.0472E+00  1.0216E+01  7.5300E+00  8.2076E-01  3.3040E+01  1.2662E+01  2.9217E+01
  3.0591E+00  1.0256E+01  7.6611E+00  8.2094E-01  3.5856E+01  1.2707E+01  3.2343E+01
  3.0711E+00  1.0296E+01  7.8769E+00  8.2112E-01  3.7044E+01  1.2901E+01  3.3548E+01
  3.0831E+00  1.0336E+01  8.0286E+00  8.2129E-01  3.3433E+01  1.3006E+01  2.9445E+01
  3.0951E+00  1.0376E+01  8.1786E+00  8.2144E-01  3.7528E+01  1.3102E+01  3.3969E+01
  3.1070E+00  1.0416E+01  8.3949E+00  8.2160E-01  3.7043E+01  1.3299E+01  3.3320E+01
  3.1190E+00  1.0456E+01  8.5271E+00  8.2174E-01  3.4581E+01  1.3351E+01  3.0526E+01
  3.1313E+00  1.0497E+01  8.7060E+00  8.2188E-01  3.8931E+01  1.3509E+01  3.5291E+01
  3.1432E+00  1.0537E+01  8.9106E+00  8.2201E-01  3.6720E+01  1.3704E+01  3.2717E+01
  3.1552E+00  1.0577E+01  9.0322E+00  8.2213E-01  3.6496E+01  1.3721E+01  3.2456E+01
  3.1672E+00  1.0617E+01  9.2299E+00  8.2225E-01  3.9921E+01  1.3917E+01  3.6156E+01
  3.1792E+00  1.0657E+01  9.4158E+00  8.2237E-01  3.6578E+01  1.4096E+01  3.2314E+01
  3.1911E+00  1.0697E+01  9.5410E+00  8.2247E-01  3.8556E+01  1.4121E+01  3.4522E+01
  3.2031E+00  1.0737E+01  9.7533E+00  8.2258E-01  4.0555E+01  1.4333E+01  3.6621E+01
  3.2151E+00  1.0777E+01  9.9159E+00  8.2267E-01  3.6838E+01  1.4469E+01  3.2368E+01
  3.2271E+00  1.0817E+01  1.0056E+01  8.2277E-01  4.0512E+01  1.4542E+01  3.6453E+01
  3.2391E+00  1.0857E+01  1.0273E+01  8.2286E-01  4.0845E+01  1.4757E+01  3.6698E+01
  3.2510E+00  1.0897E+01  1.0414E+01  8.2295E-01  3.7797E+01  1.4833E+01  3.3222E+01
  3.2630E+00  1.0937E+01  1.0576E+01  8.2303E-01  4.2198E+01  1.4972E+01  3.8075E+01
  3.2753E+00  1.0978E+01  1.0793E+01  8.2312E-01  4.0763E+01  1.5192E+01  3.6345E+01
  3.2873E+00  1.1018E+01  1.0917E+01  8.2319E-01  3.9592E+01  1.5215E+01  3.5014E+01
  3.2993E+00  1.1058E+01  1.1106E+01  8.2327E-01  4.3539E+01  1.5413E+01  3.9309E+01
  3.3112E+00  1.1098E+01  1.1301E+01  8.2335E-01  4.0680E+01  1.5617E+01  3.5988E+01
  3.3232E+00  1.1138E+01  1.1423E+01  8.2341E-01  4.1720E+01  1.5630E+01  3.7152E+01
  3.3352E+00  1.1178E+01  1.1630E+01  8.2348E-01  4.4440E+01  1.5853E+01  4.0053E+01
  3.3472E+00  1.1218E+01  1.1803E+01  8.2355E-01  4.0823E+01  1.6022E+01  3.5889E+01
  3.3592E+00  1.1258E+01  1.1935E+01  8.2361E-01  4.3881E+01  1.6071E+01  3.9304E+01
  3.3711E+00  1.1298E+01  1.2152E+01  8.2368E-01  4.4997E+01  1.6301E+01  4.0411E+01
  3.3831E+00  1.1338E+01  1.2301E+01  8.2373E-01  4.1552E+01  1.6409E+01  3.6465E+01
  3.3951E+00  1.1378E+01  1.2454E+01  8.2379E-01  4.5799E+01  1.6525E+01  4.1173E+01
  3.4071E+00  1.1418E+01  1.2669E+01  8.2385E-01  4.5225E+01  1.6756E+01  4.0393E+01
  3.4191E+00  1.1458E+01  1.2800E+01  8.2390E-01  4.3013E+01  1.6800E+01  3.7872E+01
  3.4310E+00  1.1498E+01  1.2976E+01  8.2395E-01  4.7358E+01  1.6984E+01  4.2637E+01
  3.4430E+00  1.1538E+01  1.3181E+01  8.2401E-01  4.5233E+01  1.7209E+01  4.0123E+01
  3.4550E+00  1.1578E+01  1.3303E+01  8.2405E-01  4.5061E+01  1.7219E+01  3.9924E+01
  3.4673E+00  1.1619E+01  1.3506E+01  8.2411E-01  4.8547E+01  1.7452E+01  4.3685E+01
  3.4793E+00  1.1659E+01  1.3689E+01  8.2415E-01  4.5189E+01  1.7650E+01  3.9792E+01
  3.4913E+00  1.1699E+01  1.3816E+01  8.2420E-01  4.7453E+01  1.7677E+01  4.2330E+01
  3.5033E+00  1.1739E+01  1.4029E+01  8.2424E-01  4.9314E+01  1.7919E+01  4.4263E+01
  3.5152E+00  1.1779E+01  1.4189E+01  8.2428E-01  4.5679E+01  1.8062E+01  4.0080E+01
  3.5272E+00  1.1819E+01  1.4332E+01  8.2432E-01  4.9545E+01  1.8150E+01  4.4384E+01
  3.5392E+00  1.1859E+01  1.4549E+01  8.2437E-01  4.9717E+01  1.8393E+01  4.4430E+01
  3.5512E+00  1.1899E+01  1.4687E+01  8.2441E-01  4.6870E+01  1.8465E+01  4.1172E+01
  3.5632E+00  1.1939E+01  1.4853E+01  8.2444E-01  5.1326E+01  1.8629E+01  4.6085E+01
  3.5752E+00  1.1979E+01  1.5064E+01  8.2448E-01  4.9854E+01  1.8869E+01  4.4291E+01
  3.5871E+00  1.2019E+01  1.5188E+01  8.2452E-01  4.8747E+01  1.8888E+01  4.3029E+01
  3.5991E+00  1.2059E+01  1.5377E+01  8.2456E-01  5.2717E+01  1.9110E+01  4.7349E+01
  3.6111E+00  1.2099E+01  1.5572E+01  8.2459E-01  4.9883E+01  1.9335E+01  4.4029E+01
  3.6231E+00  1.2139E+01  1.5694E+01  8.2462E-01  5.0989E+01  1.9346E+01  4.5271E+01
  3.6351E+00  1.2179E+01  1.5901E+01  8.2466E-01  5.3710E+01  1.9594E+01  4.8168E+01
  3.6471E+00  1.2219E+01  1.6074E+01  8.2469E-01  5.0124E+01  1.9777E+01  4.4015E+01
  3.6591E+00  1.2259E+01  1.6206E+01  8.2472E-01  5.3239E+01  1.9829E+01  4.7500E+01
  3.6710E+00  1.2299E+01  1.6423E+01  8.2475E-01  5.4342E+01  2.0082E+01  4.8582E+01
  3.6830E+00  1.2339E+01  1.6572E+01  8.2478E-01  5.0941E+01  2.0196E+01  4.4670E+01
  3.6950E+00  1.2379E+01  1.6725E+01  8.2481E-01  5.5223E+01  2.0324E+01  4.9420E+01
  3.7070E+00  1.2419E+01  1.6941E+01  8.2484E-01  5.4631E+01  2.0576E+01  4.8604E+01
  3.7193E+00  1.2460E+01  1.7074E+01  8.2487E-01  5.2577E+01  2.0619E+01  4.6255E+01
  3.7313E+00  1.2500E+01  1.7253E+01  8.2490E-01  5.6866E+01  2.0827E+01  5.0954E+01
  3.7433E+00  1.2540E+01  1.7456E+01  8.2493E-01  5.4573E+01  2.1069E+01  4.8227E+01
  3.7553E+00  1.2580E+01  1.7577E+01  8.2495E-01  5.4728E+01  2.1076E+01  4.8399E+01
  3.7672E+00  1.2620E+01  1.7778E+01  8.2498E-01  5.8050E+01  2.1325E+01  5.1977E+01
  3.7792E+00  1.2660E+01  1.7961E+01  8.2500E-01  5.4693E+01  2.1536E+01  4.8061E+01
  3.7912E+00  1.2700E+01  1.8087E+01  8.2503E-01  5.7020E+01  2.1565E+01  5.0676E+01
  3.8032E+00  1.2740E+01  1.8301E+01  8.2505E-01  5.8837E+01  2.1825E+01  5.2555E+01
  3.8152E+00  1.2780E+01  1.8460E+01  8.2508E-01  5.5227E+01  2.1975E+01  4.8380E+01
  3.8272E+00  1.2820E+01  1.8604E+01  8.2510E-01  5.9128E+01  2.2071E+01  5.2731E+01
  3.8392E+00  1.2860E+01  1.8821E+01  8.2512E-01  5.9253E+01  2.2331E+01  5.2711E+01
  3.8511E+00  1.2900E+01  1.8958E+01  8.2514E-01  5.6459E+01  2.2403E+01  4.9502E+01
  3.8631E+00  1.2940E+01  1.9125E+01  8.2517E-01  6.0909E+01  2.2581E+01  5.4415E+01
  3.8751E+00  1.2980E+01  1.9335E+01  8.2519E-01  5.9395E+01  2.2835E+01  5.2554E+01
  3.8871E+00  1.3020E+01  1.9459E+01  8.2521E-01  5.8361E+01  2.2853E+01  5.1372E+01
  3.8991E+00  1.3060E+01  1.9649E+01  8.2523E-01  6.2289E+01  2.3090E+01  5.5651E+01
  3.9111E+00  1.3100E+01  1.9843E+01  8.2525E-01  5.9428E+01  2.3327E+01  5.2274E+01
  3.9231E+00  1.3140E+01  1.9966E+01  8.2527E-01  6.0606E+01  2.3338E+01  5.3604E+01
  3.9351E+00  1.3180E+01  2.0173E+01  8.2529E-01  6.3263E+01  2.3601E+01  5.6431E+01
  3.9471E+00  1.3220E+01  2.0345E+01  8.2531E-01  5.9675E+01  2.3791E+01  5.2251E+01
  3.9590E+00  1.3260E+01  2.0479E+01  8.2533E-01  6.2836E+01  2.3848E+01  5.5798E+01
  3.9710E+00  1.3300E+01  2.0695E+01  8.2535E-01  6.3870E+01  2.4115E+01  5.6795E+01
  3.9830E+00  1.3340E+01  2.0844E+01  8.2536E-01  6.0503E+01  2.4231E+01  5.2903E+01
  3.9950E+00  1.3380E+01  2.0998E+01  8.2538E-01  6.4786E+01  2.4368E+01  5.7668E+01
  4.0073E+00  1.3421E+01  2.1218E+01  8.2540E-01  6.4023E+01  2.4638E+01  5.6639E+01
  4.0193E+00  1.3461E+01  2.1346E+01  8.2542E-01  6.2143E+01  2.4674E+01  5.4481E+01
  4.0313E+00  1.3501E+01  2.1526E+01  8.2543E-01  6.6385E+01  2.4895E+01  5.9139E+01
  4.0433E+00  1.3541E+01  2.1728E+01  8.2545E-01  6.4042E+01  2.5147E+01  5.6332E+01
  4.0552E+00  1.3581E+01  2.1849E+01  8.2547E-01  6.4275E+01  2.5153E+01  5.6593E+01
  4.0672E+00  1.3621E+01  2.2051E+01  8.2548E-01  6.7520E+01  2.5414E+01  6.0092E+01
  4.0792E+00  1.3661E+01  2.2232E+01  8.2550E-01  6.4139E+01  2.5632E+01  5.6122E+01
  4.0912E+00  1.3701E+01  2.2360E+01  8.2551E-01  6.6524E+01  2.5665E+01  5.8812E+01
  4.1032E+00  1.3741E+01  2.2574E+01  8.2553E-01  6.8254E+01  2.5936E+01  6.0594E+01
  4.1152E+00  1.3781E+01  2.2732E+01  8.2554E-01  6.4658E+01  2.6087E+01  5.6410E+01
  4.1272E+00  1.3821E+01  2.2877E+01  8.2556E-01  6.8572E+01  2.6191E+01  6.0792E+01
  4.1392E+00  1.3861E+01  2.3094E+01  8.2557E-01  6.8614E+01  2.6461E+01  6.0668E+01
  4.1512E+00  1.3901E+01  2.3230E+01  8.2559E-01  6.5874E+01  2.6532E+01  5.7504E+01
  4.1631E+00  1.3941E+01  2.3398E+01  8.2560E-01  7.0285E+01  2.6720E+01  6.2390E+01
  4.1751E+00  1.3981E+01  2.3608E+01  8.2561E-01  6.8701E+01  2.6984E+01  6.0428E+01
  4.1871E+00  1.4021E+01  2.3731E+01  8.2563E-01  6.7745E+01  2.6999E+01  5.9330E+01
  4.1991E+00  1.4061E+01  2.3922E+01  8.2564E-01  7.1593E+01  2.7247E+01  6.3533E+01
  4.2111E+00  1.4101E+01  2.4116E+01  8.2565E-01  6.8684E+01  2.7491E+01  6.0074E+01
  4.2231E+00  1.4141E+01  2.4238E+01  8.2567E-01  6.9934E+01  2.7503E+01  6.1491E+01
  4.2351E+00  1.4181E+01  2.4447E+01  8.2568E-01  7.2492E+01  2.7774E+01  6.4215E+01
  4.2471E+00  1.4221E+01  2.4617E+01  8.2569E-01  6.8893E+01  2.7968E+01  5.9992E+01
  4.2591E+00  1.4261E+01  2.4752E+01  8.2570E-01  7.2088E+01  2.8030E+01  6.3595E+01
  4.2710E+00  1.4301E+01  2.4969E+01  8.2572E-01  7.3023E+01  2.8305E+01  6.4477E+01
  4.2830E+00  1.4341E+01  2.5116E+01  8.2573E-01  6.9690E+01  2.8420E+01  6.0598E+01
  4.2950E+00  1.4381E+01  2.5271E+01  8.2574E-01  7.3951E+01  2.8566E+01  6.5361E+01
  4.3070E+00  1.4421E+01  2.5486E+01  8.2575E-01  7.3206E+01  2.8838E+01  6.4339E+01
  4.3190E+00  1.4461E+01  2.5615E+01  8.2576E-01  7.1193E+01  2.8878E+01  6.2012E+01
  4.3313E+00  1.4502E+01  2.5800E+01  8.2577E-01  7.5456E+01  2.9107E+01  6.6717E+01
  4.3433E+00  1.4542E+01  2.6001E+01  8.2579E-01  7.3048E+01  2.9366E+01  6.3807E+01
  4.3553E+00  1.4582E+01  2.6122E+01  8.2580E-01  7.3360E+01  2.9372E+01  6.4160E+01
  4.3673E+00  1.4622E+01  2.6324E+01  8.2581E-01  7.6499E+01  2.9641E+01  6.7556E+01
  4.3793E+00  1.4662E+01  2.6505E+01  8.2582E-01  7.3087E+01  2.9862E+01  6.3515E+01
  4.3912E+00  1.4702E+01  2.6633E+01  8.2583E-01  7.5521E+01  2.9898E+01  6.6278E+01
  4.4032E+00  1.4742E+01  2.6848E+01  8.2584E-01  7.7141E+01  3.0176E+01  6.7938E+01
  4.4152E+00  1.4782E+01  2.7005E+01  8.2585E-01  7.3560E+01  3.0327E+01  6.3738E+01
  4.4272E+00  1.4822E+01  2.7150E+01  8.2586E-01  7.7469E+01  3.0437E+01  6.8140E+01
  4.4392E+00  1.4862E+01  2.7367E+01  8.2587E-01  7.7409E+01  3.0714E+01  6.7890E+01
  4.4512E+00  1.4902E+01  2.7503E+01  8.2588E-01  7.4729E+01  3.0782E+01  6.4771E+01
  4.4632E+00  1.4942E+01  2.7672E+01  8.2589E-01  7.9076E+01  3.0978E+01  6.9613E+01
  4.4752E+00  1.4982E+01  2.7881E+01  8.2590E-01  7.7408E+01  3.1248E+01  6.7531E+01
  4.4872E+00  1.5022E+01  2.8004E+01  8.2591E-01  7.6535E+01  3.1262E+01  6.6519E+01
  4.4991E+00  1.5062E+01  2.8196E+01  8.2592E-01  8.0277E+01  3.1517E+01  7.0627E+01
  4.5111E+00  1.5102E+01  2.8389E+01  8.2592E-01  7.7315E+01  3.1765E+01  6.7070E+01
  4.5231E+00  1.5142E+01  2.8512E+01  8.2593E-01  7.8632E+01  3.1778E+01  6.8576E+01
  4.5351E+00  1.5182E+01  2.8721E+01  8.2594E-01  8.1071E+01  3.2056E+01  7.1177E+01
  4.5471E+00  1.5222E+01  2.8890E+01  8.2595E-01  7.7462E+01  3.2250E+01  6.6901E+01
  4.5591E+00  1.5262E+01  2.9025E+01  8.2596E-01  8.0677E+01  3.2317E+01  7.0554E+01
  4.5711E+00  1.5302E+01  2.9243E+01  8.2597E-01  8.1497E+01  3.2598E+01  7.1304E+01
  4.5831E+00  1.5342E+01  2.9389E+01  8.2598E-01  7.8204E+01  3.2710E+01  6.7435E+01
  4.5951E+00  1.5382E+01  2.9545E+01  8.2598E-01  8.2423E+01  3.2863E+01  7.2184E+01
  4.6071E+00  1.5422E+01  2.9760E+01  8.2599E-01  8.1579E+01  3.3140E+01  7.1031E+01
  4.6190E+00  1.5462E+01  2.9888E+01  8.2600E-01  7.9643E+01  3.3178E+01  6.8772E+01
  4.6310E+00  1.5502E+01  3.0068E+01  8.2601E-01  8.3777E+01  3.3408E+01  7.3368E+01
  4.6430E+00  1.5542E+01  3.0271E+01  8.2602E-01  8.1446E+01  3.3673E+01  7.0509E+01
  4.6550E+00  1.5582E+01  3.0392E+01  8.2602E-01  8.1584E+01  3.3679E+01  7.0665E+01
  4.6670E+00  1.5622E+01  3.0593E+01  8.2603E-01  8.4747E+01  3.3950E+01  7.4114E+01
  4.6793E+00  1.5663E+01  3.0778E+01  8.2604E-01  8.1291E+01  3.4180E+01  6.9972E+01
  4.6913E+00  1.5703E+01  3.0907E+01  8.2605E-01  8.3766E+01  3.4219E+01  7.2806E+01
  4.7033E+00  1.5743E+01  3.1122E+01  8.2605E-01  8.5261E+01  3.4502E+01  7.4330E+01
  4.7153E+00  1.5783E+01  3.1278E+01  8.2606E-01  8.1701E+01  3.4651E+01  7.0110E+01
  4.7273E+00  1.5823E+01  3.1424E+01  8.2607E-01  8.5588E+01  3.4768E+01  7.4524E+01
  4.7392E+00  1.5863E+01  3.1641E+01  8.2608E-01  8.5418E+01  3.5049E+01  7.4135E+01
  4.7512E+00  1.5903E+01  3.1776E+01  8.2608E-01  8.2805E+01  3.5114E+01  7.1062E+01
  4.7632E+00  1.5943E+01  3.1946E+01  8.2609E-01  8.7067E+01  3.5317E+01  7.5848E+01
  4.7752E+00  1.5983E+01  3.2155E+01  8.2610E-01  8.5313E+01  3.5591E+01  7.3635E+01
  4.7872E+00  1.6023E+01  3.2278E+01  8.2610E-01  8.4523E+01  3.5604E+01  7.2710E+01
  4.7992E+00  1.6063E+01  3.2471E+01  8.2611E-01  8.8143E+01  3.5864E+01  7.6710E+01
  4.8112E+00  1.6103E+01  3.2662E+01  8.2612E-01  8.5128E+01  3.6114E+01  7.3046E+01
  4.8232E+00  1.6143E+01  3.2786E+01  8.2612E-01  8.6508E+01  3.6129E+01  7.4640E+01
  4.8352E+00  1.6183E+01  3.2995E+01  8.2613E-01  8.8814E+01  3.6410E+01  7.7106E+01
  4.8472E+00  1.6223E+01  3.3164E+01  8.2613E-01  8.5201E+01  3.6603E+01  7.2774E+01
  4.8592E+00  1.6263E+01  3.3300E+01  8.2614E-01  8.8424E+01  3.6676E+01  7.6472E+01
  4.8711E+00  1.6303E+01  3.3517E+01  8.2615E-01  8.9120E+01  3.6960E+01  7.7078E+01
  4.8831E+00  1.6343E+01  3.3662E+01  8.2615E-01  8.5874E+01  3.7069E+01  7.3220E+01
  4.8951E+00  1.6383E+01  3.3820E+01  8.2616E-01  9.0034E+01  3.7229E+01  7.7945E+01
  4.9071E+00  1.6423E+01  3.4034E+01  8.2616E-01  8.9088E+01  3.7510E+01  7.6651E+01
  4.9191E+00  1.6463E+01  3.4162E+01  8.2617E-01  8.7233E+01  3.7545E+01  7.4461E+01
  4.9311E+00  1.6503E+01  3.4343E+01  8.2618E-01  9.1254E+01  3.7780E+01  7.8970E+01
  4.9431E+00  1.6543E+01  3.4545E+01  8.2618E-01  8.8851E+01  3.8048E+01  7.5985E+01
  4.9551E+00  1.6583E+01  3.4666E+01  8.2619E-01  8.9068E+01  3.8054E+01  7.6234E+01
  4.9671E+00  1.6623E+01  3.4868E+01  8.2619E-01  9.2094E+01  3.8329E+01  7.9555E+01
  4.9791E+00  1.6663E+01  3.5049E+01  8.2620E-01  8.8697E+01  3.8559E+01  7.5426E+01
  4.9910E+00  1.6703E+01  3.5177E+01  8.2620E-01  9.0993E+01  3.8595E+01  7.8087E+01
  5.0030E+00  1.6743E+01  3.5392E+01  8.2621E-01  9.2537E+01  3.8880E+01  7.9678E+01
  5.0150E+00  1.6783E+01  3.5549E+01  8.2621E-01  8.8963E+01  3.9037E+01  7.5380E+01
  5.0270E+00  1.6823E+01  3.5694E+01  8.2622E-01  9.2708E+01  3.9149E+01  7.9684E+01
  5.0390E+00  1.6863E+01  3.5911E+01  8.2622E-01  9.2609E+01  3.9433E+01  7.9363E+01
  5.0513E+00  1.6904E+01  3.6050E+01  8.2623E-01  8.9976E+01  3.9503E+01  7.6222E+01
  5.0633E+00  1.6944E+01  3.6222E+01  8.2623E-01  9.4137E+01  3.9711E+01  8.0942E+01
  5.0753E+00  1.6984E+01  3.6430E+01  8.2624E-01  9.2298E+01  3.9989E+01  7.8591E+01
  5.0873E+00  1.7024E+01  3.6552E+01  8.2624E-01  9.1594E+01  4.0000E+01  7.7755E+01
  5.0993E+00  1.7064E+01  3.6747E+01  8.2625E-01  9.5076E+01  4.0264E+01  8.1638E+01
  5.1113E+00  1.7104E+01  3.6937E+01  8.2625E-01  9.2016E+01  4.0515E+01  7.7863E+01
  5.1232E+00  1.7144E+01  3.7060E+01  8.2626E-01  9.3452E+01  4.0532E+01  7.9542E+01
  5.1352E+00  1.7184E+01  3.7271E+01  8.2626E-01  9.5615E+01  4.0816E+01  8.1865E+01
  5.1472E+00  1.7224E+01  3.7438E+01  8.2627E-01  9.2008E+01  4.1007E+01  7.7476E+01
  5.1592E+00  1.7264E+01  3.7575E+01  8.2627E-01  9.5225E+01  4.1085E+01  8.1213E+01
  5.1712E+00  1.7304E+01  3.7792E+01  8.2628E-01  9.5794E+01  4.1371E+01  8.1667E+01
  5.1832E+00  1.7344E+01  3.7936E+01  8.2628E-01  9.2607E+01  4.1477E+01  7.7822E+01
  5.1952E+00  1.7384E+01  3.8095E+01  8.2629E-01  9.6689E+01  4.1643E+01  8.2516E+01
  5.2072E+00  1.7424E+01  3.8309E+01  8.2629E-01  9.5642E+01  4.1926E+01  8.1073E+01
  5.2192E+00  1.7464E+01  3.8436E+01  8.2629E-01  9.3875E+01  4.1958E+01  7.8956E+01
  5.2312E+00  1.7504E+01  3.8619E+01  8.2630E-01  9.7767E+01  4.2199E+01  8.3368E+01
  5.2431E+00  1.7544E+01  3.8819E+01  8.2630E-01  9.5299E+01  4.2468E+01  8.0252E+01
  5.2551E+00  1.7584E+01  3.8941E+01  8.2631E-01  9.5592E+01  4.2474E+01  8.0595E+01
  5.2671E+00  1.7624E+01  3.9144E+01  8.2631E-01  9.8468E+01  4.2753E+01  8.3780E+01
  5.2791E+00  1.7664E+01  3.9323E+01  8.2632E-01  9.5054E+01  4.2981E+01  7.9560E+01
  5.2911E+00  1.7704E+01  3.9452E+01  8.2632E-01  9.7377E+01  4.3021E+01  8.2290E+01
  5.3031E+00  1.7744E+01  3.9667E+01  8.2632E-01  9.8779E+01  4.3308E+01  8.3729E+01
  5.3151E+00  1.7784E+01  3.9823E+01  8.2633E-01  9.5244E+01  4.3461E+01  7.9404E+01
  5.3271E+00  1.7824E+01  3.9970E+01  8.2633E-01  9.8942E+01  4.3580E+01  8.3714E+01
  5.3391E+00  1.7864E+01  4.0187E+01  8.2634E-01  9.8727E+01  4.3866E+01  8.3240E+01
  5.3511E+00  1.7904E+01  4.0322E+01  8.2634E-01  9.6107E+01  4.3933E+01  8.0062E+01
  5.3631E+00  1.7944E+01  4.0492E+01  8.2634E-01  1.0017E+02  4.4139E+01  8.4745E+01
  5.3750E+00  1.7984E+01  4.0701E+01  8.2635E-01  9.8416E+01  4.4419E+01  8.2440E+01
  5.3870E+00  1.8024E+01  4.0824E+01  8.2635E-01  9.7565E+01  4.4432E+01  8.1412E+01
  5.3990E+00  1.8064E+01  4.1017E+01  8.2635E-01  1.0101E+02  4.4695E+01  8.5313E+01
  5.4110E+00  1.8104E+01  4.1208E+01  8.2636E-01  9.8026E+01  4.4952E+01  8.1548E+01
  5.4230E+00  1.8144E+01  4.1332E+01  8.2636E-01  9.9279E+01  4.4966E+01  8.3039E+01
  5.4350E+00  1.8184E+01  4.1541E+01  8.2637E-01  1.0146E+02  4.5252E+01  8.5412E+01
  5.4473E+00  1.8225E+01  4.1712E+01  8.2637E-01  9.7833E+01  4.5447E+01  8.0912E+01
  5.4593E+00  1.8265E+01  4.1851E+01  8.2637E-01  1.0103E+02  4.5530E+01  8.4684E+01
  5.4713E+00  1.8305E+01  4.2068E+01  8.2638E-01  1.0147E+02  4.5818E+01  8.4982E+01
  5.4833E+00  1.8345E+01  4.2211E+01  8.2638E-01  9.8353E+01  4.5920E+01  8.1152E+01
  5.4953E+00  1.8385E+01  4.2371E+01  8.2638E-01  1.0234E+02  4.6091E+01  8.5807E+01
  5.5072E+00  1.8425E+01  4.2585E+01  8.2639E-01  1.0120E+02  4.6377E+01  8.4212E+01
  5.5192E+00  1.8465E+01  4.2711E+01  8.2639E-01  9.9524E+01  4.6406E+01  8.2168E+01
  5.5312E+00  1.8505E+01  4.2895E+01  8.2639E-01  1.0327E+02  4.6650E+01  8.6478E+01
  5.5432E+00  1.8545E+01  4.3094E+01  8.2640E-01  1.0075E+02  4.6921E+01  8.3227E+01
  5.5552E+00  1.8585E+01  4.3216E+01  8.2640E-01  1.0112E+02  4.6927E+01  8.3664E+01
  5.5672E+00  1.8625E+01  4.3420E+01  8.2640E-01  1.0383E+02  4.7208E+01  8.6708E+01
  5.5792E+00  1.8665E+01  4.3598E+01  8.2640E-01  1.0042E+02  4.7435E+01  8.2395E+01
  5.5912E+00  1.8705E+01  4.3728E+01  8.2641E-01  1.0275E+02  4.7479E+01  8.5191E+01
  5.6032E+00  1.8745E+01  4.3943E+01  8.2641E-01  1.0401E+02  4.7767E+01  8.6474E+01
  5.6152E+00  1.8785E+01  4.4098E+01  8.2641E-01  1.0053E+02  4.7916E+01  8.2124E+01
  5.6272E+00  1.8825E+01  4.4246E+01  8.2642E-01  1.0416E+02  4.8041E+01  8.6435E+01
  5.6391E+00  1.8865E+01  4.4463E+01  8.2642E-01  1.0384E+02  4.8329E+01  8.5803E+01
  5.6511E+00  1.8905E+01  4.4596E+01  8.2642E-01  1.0131E+02  4.8392E+01  8.2671E+01
  5.6631E+00  1.8945E+01  4.4768E+01  8.2643E-01  1.0525E+02  4.8602E+01  8.7281E+01
  5.6751E+00  1.8985E+01  4.4976E+01  8.2643E-01  1.0341E+02  4.8884E+01  8.4827E+01
  5.6871E+00  1.9025E+01  4.5099E+01  8.2643E-01  1.0265E+02  4.8896E+01  8.3889E+01
  5.6991E+00  1.9065E+01  4.5293E+01  8.2643E-01  1.0594E+02  4.9162E+01  8.7663E+01
  5.7111E+00  1.9105E+01  4.5483E+01  8.2644E-01  1.0293E+02  4.9418E+01  8.3778E+01
  5.7231E+00  1.9145E+01  4.5607E+01  8.2644E-01  1.0423E+02  4.9435E+01  8.5355E+01
  5.7351E+00  1.9185E+01  4.5818E+01  8.2644E-01  1.0625E+02  4.9721E+01  8.7576E+01
  5.7471E+00  1.9225E+01  4.5984E+01  8.2645E-01  1.0271E+02  4.9916E+01  8.3074E+01
  5.7591E+00  1.9265E+01  4.6122E+01  8.2645E-01  1.0572E+02  4.9994E+01  8.6704E+01
  5.7710E+00  1.9305E+01  4.6339E+01  8.2645E-01  1.0621E+02  5.0284E+01  8.7059E+01
  5.7830E+00  1.9345E+01  4.6483E+01  8.2645E-01  1.0307E+02  5.0391E+01  8.3104E+01
  5.7950E+00  1.9385E+01  4.6642E+01  8.2646E-01  1.0692E+02  5.0558E+01  8.7686E+01
  5.8070E+00  1.9425E+01  4.6856E+01  8.2646E-01  1.0586E+02  5.0846E+01  8.6141E+01
  5.8190E+00  1.9465E+01  4.6983E+01  8.2646E-01  1.0408E+02  5.0878E+01  8.3919E+01
  5.8310E+00  1.9505E+01  4.7166E+01  8.2646E-01  1.0774E+02  5.1120E+01  8.8218E+01
  5.8433E+00  1.9546E+01  4.7370E+01  8.2647E-01  1.0520E+02  5.1398E+01  8.4850E+01
  5.8553E+00  1.9586E+01  4.7492E+01  8.2647E-01  1.0563E+02  5.1405E+01  8.5381E+01
  5.8673E+00  1.9626E+01  4.7697E+01  8.2647E-01  1.0819E+02  5.1687E+01  8.8279E+01
  5.8793E+00  1.9666E+01  4.7873E+01  8.2647E-01  1.0479E+02  5.1912E+01  8.3875E+01
  5.8913E+00  1.9706E+01  4.8004E+01  8.2648E-01  1.0712E+02  5.1960E+01  8.6732E+01
  5.9032E+00  1.9746E+01  4.8220E+01  8.2648E-01  1.0824E+02  5.2250E+01  8.7855E+01
  5.9152E+00  1.9786E+01  4.8373E+01  8.2648E-01  1.0483E+02  5.2395E+01  8.3484E+01
  5.9272E+00  1.9826E+01  4.8522E+01  8.2648E-01  1.0838E+02  5.2525E+01  8.7789E+01
  5.9392E+00  1.9866E+01  4.8739E+01  8.2648E-01  1.0794E+02  5.2814E+01  8.6996E+01
  5.9512E+00  1.9906E+01  4.8871E+01  8.2649E-01  1.0552E+02  5.2873E+01  8.3913E+01
  5.9632E+00  1.9946E+01  4.9045E+01  8.2649E-01  1.0931E+02  5.3088E+01  8.8444E+01
  5.9752E+00  1.9986E+01  4.9252E+01  8.2649E-01  1.0742E+02  5.3372E+01  8.5840E+01
  5.9872E+00  2.0026E+01  4.9374E+01  8.2649E-01  1.0675E+02  5.3382E+01  8.4992E+01
  5.9992E+00  2.0066E+01  4.9570E+01  8.2650E-01  1.0986E+02  5.3650E+01  8.8636E+01
  6.0112E+00  2.0106E+01  4.9758E+01  8.2650E-01  1.0685E+02  5.3906E+01  8.4631E+01
  6.0232E+00  2.0146E+01  4.9883E+01  8.2650E-01  1.0818E+02  5.3925E+01  8.6292E+01
  6.0351E+00  2.0186E+01  5.0094E+01  8.2650E-01  1.1004E+02  5.4212E+01  8.8357E+01
  6.0471E+00  2.0226E+01  5.0259E+01  8.2650E-01  1.0655E+02  5.4403E+01  8.3793E+01
  6.0591E+00  2.0266E+01  5.0398E+01  8.2651E-01  1.0952E+02  5.4487E+01  8.7455E+01
  6.0711E+00  2.0306E+01  5.0615E+01  8.2651E-01  1.0988E+02  5.4777E+01  8.7648E+01
  6.0831E+00  2.0346E+01  5.0758E+01  8.2651E-01  1.0684E+02  5.4880E+01  8.3706E+01
  6.0951E+00  2.0386E+01  5.0919E+01  8.2651E-01  1.1056E+02  5.5053E+01  8.8246E+01
  6.1071E+00  2.0426E+01  5.1132E+01  8.2651E-01  1.0942E+02  5.5341E+01  8.6541E+01
  6.1191E+00  2.0466E+01  5.1258E+01  8.2652E-01  1.0775E+02  5.5371E+01  8.4393E+01
  6.1311E+00  2.0506E+01  5.1443E+01  8.2652E-01  1.1124E+02  5.5616E+01  8.8585E+01
  6.1431E+00  2.0546E+01  5.1642E+01  8.2652E-01  1.0879E+02  5.5891E+01  8.5218E+01
  6.1551E+00  2.0586E+01  5.1763E+01  8.2652E-01  1.0906E+02  5.5897E+01  8.5554E+01
  6.1671E+00  2.0626E+01  5.1967E+01  8.2652E-01  1.1158E+02  5.6178E+01  8.8483E+01
  6.1790E+00  2.0666E+01  5.2145E+01  8.2653E-01  1.0827E+02  5.6409E+01  8.4050E+01
  6.1910E+00  2.0706E+01  5.2275E+01  8.2653E-01  1.1040E+02  5.6453E+01  8.6740E+01
  6.2030E+00  2.0746E+01  5.2491E+01  8.2653E-01  1.1154E+02  5.6743E+01  8.7913E+01
  6.2150E+00  2.0786E+01  5.2645E+01  8.2653E-01  1.0817E+02  5.6894E+01  8.3448E+01
  6.2270E+00  2.0826E+01  5.2793E+01  8.2653E-01  1.1154E+02  5.7019E+01  8.7645E+01
  6.2393E+00  2.0867E+01  5.3015E+01  8.2654E-01  1.1108E+02  5.7317E+01  8.6778E+01
  6.2513E+00  2.0907E+01  5.3147E+01  8.2654E-01  1.0877E+02  5.7372E+01  8.3748E+01
  6.2633E+00  2.0947E+01  5.3321E+01  8.2654E-01  1.1240E+02  5.7592E+01  8.8194E+01
  6.2753E+00  2.0987E+01  5.3528E+01  8.2654E-01  1.1047E+02  5.7876E+01  8.5437E+01
  6.2873E+00  2.1027E+01  5.3650E+01  8.2654E-01  1.0989E+02  5.7885E+01  8.4682E+01
  6.2993E+00  2.1067E+01  5.3846E+01  8.2654E-01  1.1282E+02  5.8155E+01  8.8190E+01
  6.3112E+00  2.1107E+01  5.4034E+01  8.2655E-01  1.0982E+02  5.8409E+01  8.4065E+01
  6.3232E+00  2.1147E+01  5.4159E+01  8.2655E-01  1.1118E+02  5.8431E+01  8.5809E+01
  6.3352E+00  2.1187E+01  5.4370E+01  8.2655E-01  1.1288E+02  5.8719E+01  8.7716E+01
  6.3472E+00  2.1227E+01  5.4534E+01  8.2655E-01  1.0947E+02  5.8906E+01  8.3093E+01
  6.3592E+00  2.1267E+01  5.4674E+01  8.2655E-01  1.1236E+02  5.8995E+01  8.6783E+01
  6.3712E+00  2.1307E+01  5.4892E+01  8.2655E-01  1.1261E+02  5.9286E+01  8.6811E+01
  6.3832E+00  2.1347E+01  5.5033E+01  8.2656E-01  1.0969E+02  5.9384E+01  8.2885E+01
  6.3952E+00  2.1387E+01  5.5195E+01  8.2656E-01  1.1326E+02  5.9562E+01  8.7377E+01
  6.4072E+00  2.1427E+01  5.5408E+01  8.2656E-01  1.1205E+02  5.9852E+01  8.5511E+01
  6.4192E+00  2.1467E+01  5.5534E+01  8.2656E-01  1.1050E+02  5.9879E+01  8.3440E+01
  6.4312E+00  2.1507E+01  5.5719E+01  8.2656E-01  1.1380E+02  6.0127E+01  8.7519E+01
  6.4431E+00  2.1547E+01  5.5917E+01  8.2656E-01  1.1135E+02  6.0402E+01  8.4011E+01
  6.4551E+00  2.1587E+01  5.6039E+01  8.2656E-01  1.1168E+02  6.0409E+01  8.4440E+01
  6.4671E+00  2.1627E+01  5.6244E+01  8.2657E-01  1.1401E+02  6.0691E+01  8.7220E+01
  6.4791E+00  2.1667E+01  5.6421E+01  8.2657E-01  1.1077E+02  6.0919E+01  8.2692E+01
  6.4911E+00  2.1707E+01  5.6551E+01  8.2657E-01  1.1288E+02  6.0967E+01  8.5443E+01
  6.5031E+00  2.1747E+01  5.6767E+01  8.2657E-01  1.1387E+02  6.1258E+01  8.6452E+01
  6.5151E+00  2.1787E+01  5.6920E+01  8.2657E-01  1.1062E+02  6.1404E+01  8.1962E+01
  6.5271E+00  2.1827E+01  5.7070E+01  8.2657E-01  1.1386E+02  6.1534E+01  8.6152E+01
  6.5391E+00  2.1867E+01  5.7286E+01  8.2657E-01  1.1341E+02  6.1826E+01  8.5245E+01
  6.5511E+00  2.1907E+01  5.7419E+01  8.2658E-01  1.1108E+02  6.1885E+01  8.2054E+01
  6.5631E+00  2.1947E+01  5.7592E+01  8.2658E-01  1.1454E+02  6.2101E+01  8.6462E+01
  6.5751E+00  2.1987E+01  5.7799E+01  8.2658E-01  1.1273E+02  6.2387E+01  8.3738E+01
  6.5870E+00  2.2027E+01  5.7921E+01  8.2658E-01  1.1204E+02  6.2397E+01  8.2788E+01
  6.5990E+00  2.2067E+01  5.8117E+01  8.2658E-01  1.1488E+02  6.2666E+01  8.6309E+01
  6.6110E+00  2.2107E+01  5.8306E+01  8.2658E-01  1.1202E+02  6.2924E+01  8.2179E+01
  6.6230E+00  2.2147E+01  5.8430E+01  8.2658E-01  1.1318E+02  6.2943E+01  8.3738E+01
  6.6350E+00  2.2187E+01  5.8641E+01  8.2658E-01  1.1486E+02  6.3231E+01  8.5685E+01
  6.6473E+00  2.2228E+01  5.8809E+01  8.2659E-01  1.1153E+02  6.3422E+01  8.0943E+01
  6.6593E+00  2.2268E+01  5.8950E+01  8.2659E-01  1.1433E+02  6.3515E+01  8.4656E+01
  6.6713E+00  2.2308E+01  5.9168E+01  8.2659E-01  1.1446E+02  6.3807E+01  8.4517E+01
  6.6833E+00  2.2348E+01  5.9308E+01  8.2659E-01  1.1169E+02  6.3901E+01  8.0612E+01
  6.6953E+00  2.2388E+01  5.9471E+01  8.2659E-01  1.1508E+02  6.4084E+01  8.5051E+01
  6.7073E+00  2.2428E+01  5.9684E+01  8.2659E-01  1.1383E+02  6.4375E+01  8.3023E+01
  6.7192E+00  2.2468E+01  5.9809E+01  8.2659E-01  1.1241E+02  6.4398E+01  8.1031E+01
  6.7312E+00  2.2508E+01  5.9996E+01  8.2659E-01  1.1550E+02  6.4649E+01  8.4993E+01
  6.7432E+00  2.2548E+01  6.0192E+01  8.2660E-01  1.1307E+02  6.4924E+01  8.1343E+01
  6.7552E+00  2.2588E+01  6.0314E+01  8.2660E-01  1.1346E+02  6.4932E+01  8.1866E+01
  6.7672E+00  2.2628E+01  6.0520E+01  8.2660E-01  1.1560E+02  6.5215E+01  8.4493E+01
  6.7792E+00  2.2668E+01  6.0695E+01  8.2660E-01  1.1246E+02  6.5440E+01  7.9872E+01
  6.7912E+00  2.2708E+01  6.0827E+01  8.2660E-01  1.1451E+02  6.5492E+01  8.2680E+01
  6.8032E+00  2.2748E+01  6.1043E+01  8.2660E-01  1.1537E+02  6.5783E+01  8.3524E+01
  6.8152E+00  2.2788E+01  6.1195E+01  8.2660E-01  1.1227E+02  6.5924E+01  7.9015E+01
  6.8272E+00  2.2828E+01  6.1346E+01  8.2660E-01  1.1536E+02  6.6060E+01  8.3191E+01
  6.8392E+00  2.2868E+01  6.1562E+01  8.2660E-01  1.1483E+02  6.6353E+01  8.2117E+01
  6.8511E+00  2.2908E+01  6.1693E+01  8.2661E-01  1.1266E+02  6.6408E+01  7.8979E+01
  6.8631E+00  2.2948E+01  6.1868E+01  8.2661E-01  1.1591E+02  6.6628E+01  8.3300E+01
  6.8751E+00  2.2988E+01  6.2074E+01  8.2661E-01  1.1411E+02  6.6915E+01  8.0420E+01
  6.8871E+00  2.3028E+01  6.2196E+01  8.2661E-01  1.1351E+02  6.6923E+01  7.9562E+01
  6.8991E+00  2.3068E+01  6.2393E+01  8.2661E-01  1.1614E+02  6.7194E+01  8.2946E+01
  6.9111E+00  2.3108E+01  6.2580E+01  8.2661E-01  1.1336E+02  6.7450E+01  7.8692E+01
  6.9231E+00  2.3148E+01  6.2705E+01  8.2661E-01  1.1453E+02  6.7472E+01  8.0333E+01
  6.9351E+00  2.3188E+01  6.2917E+01  8.2661E-01  1.1603E+02  6.7760E+01  8.2120E+01
  6.9471E+00  2.3228E+01  6.3081E+01  8.2661E-01  1.1289E+02  6.7949E+01  7.7371E+01
  6.9591E+00  2.3268E+01  6.3221E+01  8.2662E-01  1.1545E+02  6.8038E+01  8.0949E+01
  6.9711E+00  2.3308E+01  6.3438E+01  8.2662E-01  1.1563E+02  6.8331E+01  8.0859E+01
  6.9831E+00  2.3348E+01  6.3579E+01  8.2662E-01  1.1293E+02  6.8429E+01  7.6818E+01
  6.9950E+00  2.3388E+01  6.3742E+01  8.2662E-01  1.1610E+02  6.8607E+01  8.1188E+01
  7.0070E+00  2.3428E+01  6.3954E+01  8.2662E-01  1.1510E+02  6.8854E+01  7.9429E+01
  7.0190E+00  2.3468E+01  6.4040E+01  8.2662E-01  1.1145E+02  6.8904E+01  7.3977E+01
  7.0310E+00  2.3508E+01  6.4041E+01  8.2662E-01  1.1140E+02  6.8906E+01  7.3895E+01
  7.0430E+00  2.3548E+01  6.4038E+01  8.2662E-01  1.1164E+02  6.8924E+01  7.4235E+01
  7.0550E+00  2.3588E+01  6.4038E+01  8.2662E-01  1.1168E+02  6.8929E+01  7.4293E+01
  7.0673E+00  2.3629E+01  6.4038E+01  8.2662E-01  1.1168E+02  6.8929E+01  7.4295E+01
  7.0793E+00  2.3669E+01  6.4038E+01  8.2662E-01  1.1168E+02  6.8929E+01  7.4296E+01
  7.0913E+00  2.3709E+01  6.4038E+01  8.2662E-01  1.1169E+02  6.8930E+01  7.4298E+01
  7.1033E+00  2.3749E+01  6.4038E+01  8.2663E-01  1.1169E+02  6.8930E+01  7.4300E+01
  7.1153E+00  2.3789E+01  6.4038E+01  8.2663E-01  1.1169E+02  6.8930E+01  7.4301E+01
  7.1272E+00  2.3829E+01  6.4038E+01  8.2663E-01  1.1169E+02  6.8930E+01  7.4303E+01
  7.1392E+00  2.3869E+01  6.4038E+01  8.2663E-01  1.1169E+02  6.8930E+01  7.4305E+01
  7.1512E+00  2.3909E+01  6.4038E+01  8.2663E-01  1.1169E+02  6.8930E+01  7.4307E+01
  7.1632E+00  2.3949E+01  6.4038E+01  8.2663E-01  1.1169E+02  6.8931E+01  7.4308E+01
  7.1752E+00  2.3989E+01  6.4038E+01  8.2663E-01  1.1169E+02  6.8931E+01  7.4310E+01
  7.1872E+00  2.4029E+01  6.4038E+01  8.2663E-01  1.1169E+02  6.8931E+01  7.4312E+01
  7.1992E+00  2.4069E+01  6.4038E+01  8.2663E-01  1.1170E+02  6.8931E+01  7.4313E+01
  7.2112E+00  2.4109E+01  6.4038E+01  8.2663E-01  1.1170E+02  6.8931E+01  7.4315E+01
  7.2232E+00  2.4149E+01  6.4038E+01  8.2663E-01  1.1170E+02  6.8931E+01  7.4317E+01
  7.2352E+00  2.4189E+01  6.4038E+01  8.2664E-01  1.1170E+02  6.8931E+01  7.4318E+01
  7.2472E+00  2.4229E+01  6.4038E+01  8.2664E-01  1.1170E+02  6.8932E+01  7.4320E+01
  7.2592E+00  2.4269E+01  6.4038E+01  8.2664E-01  1.1170E+02  6.8932E+01  7.4322E+01
  7.2711E+00  2.4309E+01  6.4038E+01  8.2664E-01  1.1170E+02  6.8932E+01  7.4323E+01
  7.2831E+00  2.4349E+01  6.4038E+01  8.2664E-01  1.1170E+02  6.8932E+01  7.4325E+01
  7.2951E+00  2.4389E+01  6.4038E+01  8.2664E-01  1.1171E+02  6.8932E+01  7.4327E+01
  7.3071E+00  2.4429E+01  6.4038E+01  8.2664E-01  1.1171E+02  6.8932E+01  7.4329E+01
  7.3191E+00  2.4469E+01  6.4038E+01  8.2664E-01  1.1171E+02  6.8932E+01  7.4330E+01
  7.3311E+00  2.4509E+01  6.4038E+01  8.2664E-01  1.1171E+02  6.8933E+01  7.4332E+01
  7.3431E+00  2.4549E+01  6.4038E+01  8.2664E-01  1.1171E+02  6.8933E+01  7.4334E+01
  7.3551E+00  2.4589E+01  6.4038E+01  8.2664E-01  1.1171E+02  6.8933E+01  7.4335E+01
  7.3671E+00  2.4629E+01  6.4038E+01  8.2664E-01  1.1171E+02  6.8933E+01  7.4337E+01
  7.3791E+00  2.4669E+01  6.4038E+01  8.2665E-01  1.1171E+02  6.8933E+01  7.4339E+01
  7.3911E+00  2.4709E+01  6.4038E+01  8.2665E-01  1.1172E+02  6.8933E+01  7.4340E+01
  7.4030E+00  2.4749E+01  6.4038E+01  8.2665E-01  1.1172E+02  6.8934E+01  7.4342E+01
  7.4150E+00  2.4789E+01  6.4038E+01  8.2665E-01  1.1172E+02  6.8934E+01  7.4344E+01
  7.4270E+00  2.4829E+01  6.4038E+01  8.2665E-01  1.1172E+02  6.8934E+01  7.4345E+01
  7.4390E+00  2.4869E+01  6.4038E+01  8.2665E-01  1.1172E+02  6.8934E+01  7.4347E+01
  7.4510E+00  2.4909E+01  6.4038E+01  8.2665E-01  1.1172E+02  6.8934E+01  7.4349E+01
  7.4630E+00  2.4949E+01  6.4038E+01  8.2665E-01  1.1172E+02  6.8934E+01  7.4351E+01
  7.4753E+00  2.4990E+01  6.4038E+01  8.2665E-01  1.1172E+02  6.8934E+01  7.4352E+01
  7.4873E+00  2.5030E+01  6.4038E+01  8.2665E-01  1.1172E+02  6.8935E+01  7.4354E+01
  7.4993E+00  2.5070E+01  6.4038E+01  8.2665E-01  1.1173E+02  6.8935E+01  7.4356E+01
  7.5113E+00  2.5110E+01  6.4038E+01  8.2666E-01  1.1173E+02  6.8935E+01  7.4357E+01
  7.5233E+00  2.5150E+01  6.4038E+01  8.2666E-01  1.1173E+02  6.8935E+01  7.4359E+01
  7.5353E+00  2.5190E+01  6.4038E+01  8.2666E-01  1.1173E+02  6.8935E+01  7.4361E+01
  7.5472E+00  2.5230E+01  6.4038E+01  8.2666E-01  1.1173E+02  6.8935E+01  7.4362E+01
  7.5592E+00  2.5270E+01  6.4038E+01  8.2666E-01  1.1173E+02  6.8935E+01  7.4364E+01
  7.5712E+00  2.5310E+01  6.4038E+01  8.2666E-01  1.1173E+02  6.8936E+01  7.4366E+01
  7.5832E+00  2.5350E+01  6.4038E+01  8.2666E-01  1.1173E+02  6.8936E+01  7.4367E+01
  7.5952E+00  2.5390E+01  6.4038E+01  8.2666E-01  1.1174E+02  6.8936E+01  7.4369E+01
  7.6072E+00  2.5430E+01  6.4038E+01  8.2666E-01  1.1174E+02  6.8936E+01  7.4371E+01
  7.6192E+00  2.5470E+01  6.4038E+01  8.2666E-01  1.1174E+02  6.8936E+01  7.4373E+01
  7.6312E+00  2.5510E+01  6.4038E+01  8.2666E-01  1.1174E+02  6.8936E+01  7.4374E+01
  7.6432E+00  2.5550E+01  6.4038E+01  8.2666E-01  1.1174E+02  6.8936E+01  7.4376E+01
  7.6552E+00  2.5590E+01  6.4038E+01  8.2667E-01  1.1174E+02  6.8937E+01  7.4378E+01
  7.6672E+00  2.5630E+01  6.4038E+01  8.2667E-01  1.1174E+02  6.8937E+01  7.4379E+01
  7.6791E+00  2.5670E+01  6.4038E+01  8.2667E-01  1.1174E+02  6.8937E+01  7.4381E+01
  7.6911E+00  2.5710E+01  6.4038E+01  8.2667E-01  1.1174E+02  6.8937E+01  7.4383E+01
  7.7031E+00  2.5750E+01  6.4038E+01  8.2667E-01  1.1175E+02  6.8937E+01  7.4384E+01
  7.7151E+00  2.5790E+01  6.4038E+01  8.2667E-01  1.1175E+02  6.8937E+01  7.4386E+01
  7.7271E+00  2.5830E+01  6.4038E+01  8.2667E-01  1.1175E+02  6.8937E+01  7.4388E+01
  7.7391E+00  2.5870E+01  6.4038E+01  8.2667E-01  1.1175E+02  6.8938E+01  7.4389E+01
  7.7511E+00  2.5910E+01  6.4038E+01  8.2667E-01  1.1175E+02  6.8938E+01  7.4391E+01
  7.7631E+00  2.5950E+01  6.4038E+01  8.2667E-01  1.1175E+02  6.8938E+01  7.4393E+01
  7.7751E+00  2.5990E+01  6.4038E+01  8.2667E-01  1.1175E+02  6.8938E+01  7.4395E+01
  7.7871E+00  2.6030E+01  6.4038E+01  8.2668E-01  1.1175E+02  6.8938E+01  7.4396E+01
  7.7991E+00  2.6070E+01  6.4038E+01  8.2668E-01  1.1176E+02  6.8938E+01  7.4398E+01
  7.8111E+00  2.6110E+01  6.4038E+01  8.2668E-01  1.1176E+02  6.8938E+01  7.4400E+01
  7.8230E+00  2.6150E+01  6.4038E+01  8.2668E-01  1.1176E+02  6.8939E+01  7.4401E+01
  7.8350E+00  2.6190E+01  6.4038E+01  8.2668E-01  1.1176E+02  6.8939E+01  7.4403E+01
  7.8470E+00  2.6230E+01  6.4038E+01  8.2668E-01  1.1176E+02  6.8939E+01  7.4405E+01
  7.8590E+00  2.6270E+01  6.4038E+01  8.2668E-01  1.1176E+02  6.8939E+01  7.4406E+01
  7.8710E+00  2.6310E+01  6.4038E+01  8.2668E-01  1.1176E+02  6.8939E+01  7.4408E+01
  7.8830E+00  2.6350E+01  6.4038E+01  8.2668E-01  1.1176E+02  6.8939E+01  7.4410E+01
  7.8953E+00  2.6391E+01  6.4038E+01  8.2668E-01  1.1177E+02  6.8939E+01  7.4412E+01
  7.9073E+00  2.6431E+01  6.4038E+01  8.2668E-01  1.1177E+02  6.8940E+01  7.4413E+01
  7.9193E+00  2.6471E+01  6.4038E+01  8.2669E-01  1.1177E+02  6.8940E+01  7.4415E+01
  7.9313E+00  2.6511E+01  6.4038E+01  8.2669E-01  1.1177E+02  6.8940E+01  7.4417E+01
  7.9433E+00  2.6551E+01  6.4038E+01  8.2669E-01  1.1177E+02  6.8940E+01  7.4418E+01
  7.9553E+00  2.6591E+01  6.4038E+01  8.2669E-01  1.1173E+02  6.8945E+01  7.4356E+01
  7.9672E+00  2.6631E+01  6.4036E+01  8.2669E-01  1.1151E+02  6.8966E+01  7.3987E+01
  7.9792E+00  2.6671E+01  6.4038E+01  8.2669E-01  1.1167E+02  6.8960E+01  7.4237E+01
  7.9912E+00  2.6711E+01  6.4140E+01  8.2669E-01  1.1621E+02  6.9013E+01  8.0850E+01
  8.0032E+00  2.6751E+01  6.4387E+01  8.2669E-01  1.1797E+02  6.9297E+01  8.3006E+01
  8.0152E+00  2.6791E+01  6.4573E+01  8.2669E-01  1.1494E+02  6.9493E+01  7.8383E+01
  8.0272E+00  2.6831E+01  6.4737E+01  8.2669E-01  1.1866E+02  6.9614E+01  8.3601E+01
  8.0392E+00  2.6871E+01  6.4989E+01  8.2669E-01  1.1916E+02  6.9953E+01  8.3894E+01
  8.0512E+00  2.6911E+01  6.5149E+01  8.2669E-01  1.1674E+02  7.0047E+01  8.0309E+01
  8.0632E+00  2.6951E+01  6.5340E+01  8.2670E-01  1.2110E+02  7.0276E+01  8.6255E+01
  8.0752E+00  2.6991E+01  6.5584E+01  8.2670E-01  1.2007E+02  7.0605E+01  8.4397E+01
  8.0872E+00  2.7031E+01  6.5728E+01  8.2670E-01  1.1919E+02  7.0626E+01  8.3109E+01
  8.0991E+00  2.7071E+01  6.5947E+01  8.2670E-01  1.2317E+02  7.0933E+01  8.8363E+01
  8.1111E+00  2.7111E+01  6.6173E+01  8.2670E-01  1.2085E+02  7.1238E+01  8.4725E+01
  8.1231E+00  2.7151E+01  6.6314E+01  8.2670E-01  1.2200E+02  7.1248E+01  8.6346E+01
  8.1351E+00  2.7191E+01  6.6553E+01  8.2670E-01  1.2484E+02  7.1588E+01  8.9920E+01
  8.1471E+00  2.7231E+01  6.6753E+01  8.2670E-01  1.2176E+02  7.1832E+01  8.5305E+01
  8.1591E+00  2.7271E+01  6.6907E+01  8.2670E-01  1.2483E+02  7.1902E+01  8.9542E+01
  8.1711E+00  2.7311E+01  6.7157E+01  8.2670E-01  1.2615E+02  7.2244E+01  9.0980E+01
  8.1831E+00  2.7351E+01  6.7330E+01  8.2670E-01  1.2318E+02  7.2392E+01  8.6631E+01
  8.1951E+00  2.7391E+01  6.7507E+01  8.2671E-01  1.2741E+02  7.2565E+01  9.2346E+01
  8.2071E+00  2.7431E+01  6.7757E+01  8.2671E-01  1.2712E+02  7.2901E+01  9.1564E+01
  8.2191E+00  2.7471E+01  6.7908E+01  8.2671E-01  1.2526E+02  7.2954E+01  8.8893E+01
  8.2311E+00  2.7511E+01  6.8112E+01  8.2671E-01  1.2961E+02  7.3226E+01  9.4624E+01
  8.2430E+00  2.7551E+01  6.8349E+01  8.2671E-01  1.2785E+02  7.3547E+01  9.1824E+01
  8.2550E+00  2.7591E+01  6.8489E+01  8.2671E-01  1.2789E+02  7.3553E+01  9.1867E+01
  8.2670E+00  2.7631E+01  6.8719E+01  8.2671E-01  1.3144E+02  7.3882E+01  9.6381E+01
  8.2790E+00  2.7671E+01  6.8933E+01  8.2671E-01  1.2858E+02  7.4163E+01  9.2113E+01
  8.2910E+00  2.7711E+01  6.9079E+01  8.2671E-01  1.3071E+02  7.4194E+01  9.5034E+01
  8.3033E+00  2.7752E+01  6.9331E+01  8.2671E-01  1.3283E+02  7.4546E+01  9.7530E+01
  8.3153E+00  2.7792E+01  6.9515E+01  8.2671E-01  1.2959E+02  7.4737E+01  9.2856E+01
  8.3273E+00  2.7832E+01  6.9681E+01  8.2672E-01  1.3350E+02  7.4865E+01  9.8086E+01
  8.3393E+00  2.7872E+01  6.9933E+01  8.2672E-01  1.3385E+02  7.5204E+01  9.8182E+01
  8.3513E+00  2.7912E+01  7.0092E+01  8.2672E-01  1.3134E+02  7.5293E+01  9.4634E+01
  8.3633E+00  2.7952E+01  7.0285E+01  8.2672E-01  1.3582E+02  7.5527E+01  1.0050E+02
  8.3752E+00  2.7992E+01  7.0528E+01  8.2672E-01  1.3459E+02  7.5857E+01  9.8458E+01
  8.3872E+00  2.8032E+01  7.0671E+01  8.2672E-01  1.3373E+02  7.5875E+01  9.7268E+01
  8.3992E+00  2.8072E+01  7.0891E+01  8.2672E-01  1.3774E+02  7.6186E+01  1.0237E+02
  8.4112E+00  2.8112E+01  7.1116E+01  8.2672E-01  1.3519E+02  7.6489E+01  9.8577E+01
  8.4232E+00  2.8152E+01  7.1258E+01  8.2672E-01  1.3647E+02  7.6501E+01  1.0030E+02
  8.4352E+00  2.8192E+01  7.1498E+01  8.2672E-01  1.3925E+02  7.6842E+01  1.0369E+02
  8.4472E+00  2.8232E+01  7.1697E+01  8.2672E-01  1.3598E+02  7.7082E+01  9.8980E+01
  8.4592E+00  2.8272E+01  7.1851E+01  8.2673E-01  1.3920E+02  7.7157E+01  1.0327E+02
  8.4712E+00  2.8312E+01  7.2102E+01  8.2673E-01  1.4039E+02  7.7499E+01  1.0451E+02
  8.4832E+00  2.8352E+01  7.2274E+01  8.2673E-01  1.3730E+02  7.7642E+01  1.0016E+02
  8.4952E+00  2.8392E+01  7.2452E+01  8.2673E-01  1.4164E+02  7.7822E+01  1.0584E+02
  8.5072E+00  2.8432E+01  7.2702E+01  8.2673E-01  1.4119E+02  7.8158E+01  1.0486E+02
  8.5191E+00  2.8472E+01  7.2852E+01  8.2673E-01  1.3931E+02  7.8207E+01  1.0226E+02
  8.5311E+00  2.8512E+01  7.3058E+01  8.2673E-01  1.4370E+02  7.8483E+01  1.0788E+02
  8.5431E+00  2.8552E+01  7.3293E+01  8.2673E-01  1.4174E+02  7.8804E+01  1.0490E+02
  8.5551E+00  2.8592E+01  7.3434E+01  8.2673E-01  1.4186E+02  7.8810E+01  1.0505E+02
  8.5671E+00  2.8632E+01  7.3665E+01  8.2673E-01  1.4536E+02  7.9140E+01  1.0939E+02
  8.5791E+00  2.8672E+01  7.3878E+01  8.2673E-01  1.4231E+02  7.9419E+01  1.0499E+02
  8.5911E+00  2.8712E+01  7.4024E+01  8.2673E-01  1.4457E+02  7.9454E+01  1.0800E+02
  8.6031E+00  2.8752E+01  7.4271E+01  8.2674E-01  1.4662E+02  7.9797E+01  1.1037E+02
  8.6151E+00  2.8792E+01  7.4457E+01  8.2674E-01  1.4323E+02  7.9994E+01  1.0561E+02
  8.6271E+00  2.8832E+01  7.4621E+01  8.2674E-01  1.4711E+02  8.0117E+01  1.1069E+02
  8.6391E+00  2.8872E+01  7.4873E+01  8.2674E-01  1.4750E+02  8.0456E+01  1.1084E+02
  8.6510E+00  2.8912E+01  7.5033E+01  8.2674E-01  1.4480E+02  8.0551E+01  1.0712E+02
  8.6630E+00  2.8952E+01  7.5225E+01  8.2674E-01  1.4932E+02  8.0780E+01  1.1292E+02
  8.6750E+00  2.8992E+01  7.5469E+01  8.2674E-01  1.4808E+02  8.1112E+01  1.1091E+02
  8.6870E+00  2.9032E+01  7.5613E+01  8.2674E-01  1.4705E+02  8.1133E+01  1.0951E+02
  8.6990E+00  2.9072E+01  7.5831E+01  8.2674E-01  1.5112E+02  8.1440E+01  1.1460E+02
  8.7110E+00  2.9112E+01  7.6057E+01  8.2674E-01  1.4852E+02  8.1747E+01  1.1082E+02
  8.7233E+00  2.9153E+01  7.6203E+01  8.2674E-01  1.4979E+02  8.1765E+01  1.1250E+02
  8.7353E+00  2.9193E+01  7.6445E+01  8.2674E-01  1.5248E+02  8.2105E+01  1.1570E+02
  8.7473E+00  2.9233E+01  7.6642E+01  8.2674E-01  1.4906E+02  8.2341E+01  1.1090E+02
  8.7593E+00  2.9273E+01  7.6798E+01  8.2675E-01  1.5238E+02  8.2422E+01  1.1524E+02
  8.7713E+00  2.9313E+01  7.7049E+01  8.2675E-01  1.5344E+02  8.2765E+01  1.1628E+02
  8.7833E+00  2.9353E+01  7.7219E+01  8.2675E-01  1.5027E+02  8.2901E+01  1.1192E+02
  8.7952E+00  2.9393E+01  7.7399E+01  8.2675E-01  1.5467E+02  8.3088E+01  1.1756E+02
  8.8072E+00  2.9433E+01  7.7648E+01  8.2675E-01  1.5404E+02  8.3424E+01  1.1639E+02
  8.8192E+00  2.9473E+01  7.7797E+01  8.2675E-01  1.5218E+02  8.3469E+01  1.1387E+02
  8.8312E+00  2.9513E+01  7.8005E+01  8.2675E-01  1.5655E+02  8.3749E+01  1.1936E+02
  8.8432E+00  2.9553E+01  7.8239E+01  8.2675E-01  1.5442E+02  8.4070E+01  1.1621E+02
  8.8552E+00  2.9593E+01  7.8380E+01  8.2675E-01  1.5462E+02  8.4076E+01  1.1647E+02
  8.8672E+00  2.9633E+01  7.8612E+01  8.2675E-01  1.5804E+02  8.4407E+01  1.2064E+02
  8.8792E+00  2.9673E+01  7.8824E+01  8.2675E-01  1.5483E+02  8.4684E+01  1.1611E+02
  8.8912E+00  2.9713E+01  7.8971E+01  8.2675E-01  1.5720E+02  8.4723E+01  1.1920E+02
  8.9032E+00  2.9753E+01  7.9218E+01  8.2675E-01  1.5912E+02  8.5066E+01  1.2137E+02
  8.9152E+00  2.9793E+01  7.9402E+01  8.2676E-01  1.5563E+02  8.5258E+01  1.1656E+02
  8.9272E+00  2.9833E+01  7.9569E+01  8.2676E-01  1.5958E+02  8.5386E+01  1.2165E+02
  8.9391E+00  2.9873E+01  7.9820E+01  8.2676E-01  1.5981E+02  8.5726E+01  1.2160E+02
  8.9511E+00  2.9913E+01  7.9979E+01  8.2676E-01  1.5710E+02  8.5816E+01  1.1792E+02
  8.9631E+00  2.9953E+01  8.0172E+01  8.2676E-01  1.6161E+02  8.6050E+01  1.2364E+02
  8.9751E+00  2.9993E+01  8.0416E+01  8.2676E-01  1.6020E+02  8.6382E+01  1.2144E+02
  8.9871E+00  3.0033E+01  8.0559E+01  8.2676E-01  1.5923E+02  8.6401E+01  1.2014E+02
  8.9991E+00  3.0073E+01  8.0780E+01  8.2676E-01  1.6323E+02  8.6711E+01  1.2508E+02
  9.0111E+00  3.0113E+01  8.1004E+01  8.2676E-01  1.6047E+02  8.7017E+01  1.2113E+02
  9.0231E+00  3.0153E+01  8.1146E+01  8.2676E-01  1.6170E+02  8.7029E+01  1.2274E+02
  9.0351E+00  3.0193E+01  8.1387E+01  8.2676E-01  1.6443E+02  8.7369E+01  1.2598E+02
  9.0471E+00  3.0233E+01  8.1585E+01  8.2676E-01  1.6093E+02  8.7610E+01  1.2112E+02
  9.0591E+00  3.0273E+01  8.1740E+01  8.2676E-01  1.6414E+02  8.7687E+01  1.2528E+02
  9.0711E+00  3.0313E+01  8.1991E+01  8.2676E-01  1.6525E+02  8.8029E+01  1.2637E+02
  9.0830E+00  3.0353E+01  8.2162E+01  8.2677E-01  1.6195E+02  8.8172E+01  1.2188E+02
  9.0950E+00  3.0393E+01  8.2341E+01  8.2677E-01  1.6630E+02  8.8352E+01  1.2741E+02
  9.1070E+00  3.0433E+01  8.2591E+01  8.2677E-01  1.6570E+02  8.8690E+01  1.2629E+02
  9.1190E+00  3.0473E+01  8.2741E+01  8.2677E-01  1.6367E+02  8.8739E+01  1.2357E+02
  9.1310E+00  3.0513E+01  8.2947E+01  8.2677E-01  1.6804E+02  8.9015E+01  1.2902E+02
  9.1433E+00  3.0554E+01  8.3187E+01  8.2677E-01  1.6579E+02  8.9344E+01  1.2574E+02
  9.1553E+00  3.0594E+01  8.3327E+01  8.2677E-01  1.6608E+02  8.9350E+01  1.2611E+02
  9.1673E+00  3.0634E+01  8.3561E+01  8.2677E-01  1.6939E+02  8.9682E+01  1.3010E+02
  9.1793E+00  3.0674E+01  8.3771E+01  8.2677E-01  1.6605E+02  8.9956E+01  1.2544E+02
  9.1913E+00  3.0714E+01  8.3919E+01  8.2677E-01  1.6850E+02  8.9999E+01  1.2862E+02
  9.2033E+00  3.0754E+01  8.4167E+01  8.2677E-01  1.7028E+02  9.0342E+01  1.3059E+02
  9.2152E+00  3.0794E+01  8.4349E+01  8.2677E-01  1.6672E+02  9.0528E+01  1.2573E+02
  9.2272E+00  3.0834E+01  8.4517E+01  8.2677E-01  1.7070E+02  9.0664E+01  1.3082E+02
  9.2392E+00  3.0874E+01  8.4769E+01  8.2677E-01  1.7078E+02  9.1004E+01  1.3058E+02
  9.2512E+00  3.0914E+01  8.4926E+01  8.2677E-01  1.6808E+02  9.1088E+01  1.2694E+02
  9.2632E+00  3.0954E+01  8.5122E+01  8.2678E-01  1.7256E+02  9.1328E+01  1.3257E+02
  9.2752E+00  3.0994E+01  8.5364E+01  8.2678E-01  1.7100E+02  9.1660E+01  1.3019E+02
  9.2872E+00  3.1034E+01  8.5507E+01  8.2678E-01  1.7009E+02  9.1676E+01  1.2898E+02
  9.2992E+00  3.1074E+01  8.5729E+01  8.2678E-01  1.7399E+02  9.1988E+01  1.3377E+02
  9.3112E+00  3.1114E+01  8.5952E+01  8.2678E-01  1.7110E+02  9.2293E+01  1.2967E+02
  9.3232E+00  3.1154E+01  8.6094E+01  8.2678E-01  1.7241E+02  9.2308E+01  1.3138E+02
  9.3352E+00  3.1194E+01  8.6336E+01  8.2678E-01  1.7500E+02  9.2648E+01  1.3442E+02
  9.3472E+00  3.1234E+01  8.6533E+01  8.2678E-01  1.7142E+02  9.2885E+01  1.2947E+02
  9.3591E+00  3.1274E+01  8.6689E+01  8.2678E-01  1.7468E+02  9.2967E+01  1.3368E+02
  9.3711E+00  3.1314E+01  8.6941E+01  8.2678E-01  1.7563E+02  9.3309E+01  1.3457E+02
  9.3831E+00  3.1354E+01  8.7110E+01  8.2678E-01  1.7232E+02  9.3446E+01  1.3007E+02
  9.3951E+00  3.1394E+01  8.7291E+01  8.2678E-01  1.7665E+02  9.3633E+01  1.3557E+02
  9.4071E+00  3.1434E+01  8.7540E+01  8.2678E-01  1.7590E+02  9.3971E+01  1.3425E+02
  9.4191E+00  3.1474E+01  8.7689E+01  8.2678E-01  1.7393E+02  9.4016E+01  1.3161E+02
  9.4311E+00  3.1514E+01  8.7897E+01  8.2678E-01  1.7821E+02  9.4295E+01  1.3694E+02
  9.4431E+00  3.1554E+01  8.8131E+01  8.2678E-01  1.7594E+02  9.4619E+01  1.3363E+02
  9.4551E+00  3.1594E+01  8.8272E+01  8.2679E-01  1.7606E+02  9.4625E+01  1.3378E+02
  9.4671E+00  3.1634E+01  8.8504E+01  8.2679E-01  1.7937E+02  9.4955E+01  1.3779E+02
  9.4791E+00  3.1674E+01  8.8716E+01  8.2679E-01  1.7602E+02  9.5234E+01  1.3310E+02
  9.4911E+00  3.1714E+01  8.8863E+01  8.2679E-01  1.7831E+02  9.5273E+01  1.3607E+02
  9.5030E+00  3.1754E+01  8.9111E+01  8.2679E-01  1.8012E+02  9.5616E+01  1.3809E+02
  9.5150E+00  3.1794E+01  8.9295E+01  8.2679E-01  1.7650E+02  9.5808E+01  1.3313E+02
  9.5270E+00  3.1834E+01  8.9461E+01  8.2679E-01  1.8036E+02  9.5938E+01  1.3808E+02
  9.5390E+00  3.1874E+01  8.9713E+01  8.2679E-01  1.8048E+02  9.6278E+01  1.3788E+02
  9.5510E+00  3.1914E+01  8.9871E+01  8.2679E-01  1.7766E+02  9.6368E+01  1.3408E+02
  9.5630E+00  3.1954E+01  9.0065E+01  8.2679E-01  1.8207E+02  9.6603E+01  1.3964E+02
  9.5753E+00  3.1995E+01  9.0314E+01  8.2679E-01  1.8043E+02  9.6944E+01  1.3713E+02
  9.5873E+00  3.2035E+01  9.0456E+01  8.2679E-01  1.7960E+02  9.6958E+01  1.3603E+02
  9.5993E+00  3.2075E+01  9.0679E+01  8.2679E-01  1.8337E+02  9.7272E+01  1.4066E+02
  9.6113E+00  3.2115E+01  9.0901E+01  8.2679E-01  1.8037E+02  9.7575E+01  1.3640E+02
  9.6233E+00  3.2155E+01  9.1044E+01  8.2679E-01  1.8176E+02  9.7593E+01  1.3821E+02
  9.6352E+00  3.2195E+01  9.1287E+01  8.2679E-01  1.8420E+02  9.7932E+01  1.4106E+02
  9.6472E+00  3.2235E+01  9.1481E+01  8.2679E-01  1.8055E+02  9.8165E+01  1.3602E+02
  9.6592E+00  3.2275E+01  9.1639E+01  8.2680E-01  1.8385E+02  9.8253E+01  1.4028E+02
  9.6712E+00  3.2315E+01  9.1891E+01  8.2680E-01  1.8464E+02  9.8595E+01  1.4097E+02
  9.6832E+00  3.2355E+01  9.2059E+01  8.2680E-01  1.8134E+02  9.8726E+01  1.3647E+02
  9.6952E+00  3.2395E+01  9.2241E+01  8.2680E-01  1.8563E+02  9.8919E+01  1.4193E+02
  9.7072E+00  3.2435E+01  9.2490E+01  8.2680E-01  1.8474E+02  9.9257E+01  1.4041E+02
  9.7192E+00  3.2475E+01  9.2638E+01  8.2680E-01  1.8282E+02  9.9299E+01  1.3784E+02
  9.7312E+00  3.2515E+01  9.2848E+01  8.2680E-01  1.8700E+02  9.9582E+01  1.4305E+02
  9.7432E+00  3.2555E+01  9.3081E+01  8.2680E-01  1.8461E+02  9.9905E+01  1.3957E+02
  9.7552E+00  3.2595E+01  9.3221E+01  8.2680E-01  1.8481E+02  9.9911E+01  1.3982E+02
  9.7672E+00  3.2635E+01  9.3455E+01  8.2680E-01  1.8797E+02  1.0024E+02  1.4365E+02
  9.7791E+00  3.2675E+01  9.3665E+01  8.2680E-01  1.8454E+02  1.0052E+02  1.3884E+02
  9.7911E+00  3.2715E+01  9.3813E+01  8.2680E-01  1.8689E+02  1.0056E+02  1.4189E+02
  9.8031E+00  3.2755E+01  9.4062E+01  8.2680E-01  1.8854E+02  1.0090E+02  1.4371E+02
  9.8151E+00  3.2795E+01  9.4244E+01  8.2680E-01  1.8490E+02  1.0109E+02  1.3870E+02
  9.8271E+00  3.2835E+01  9.4412E+01  8.2680E-01  1.8875E+02  1.0123E+02  1.4366E+02
  9.8391E+00  3.2875E+01  9.4663E+01  8.2680E-01  1.8872E+02  1.0157E+02  1.4326E+02
  9.8511E+00  3.2915E+01  9.4821E+01  8.2680E-01  1.8594E+02  1.0165E+02  1.3949E+02
  9.8631E+00  3.2955E+01  9.5016E+01  8.2680E-01  1.9027E+02  1.0189E+02  1.4497E+02
  9.8751E+00  3.2995E+01  9.5259E+01  8.2681E-01  1.8861E+02  1.0223E+02  1.4243E+02
  9.8871E+00  3.3035E+01  9.5402E+01  8.2681E-01  1.8762E+02  1.0224E+02  1.4111E+02
  9.8991E+00  3.3075E+01  9.5624E+01  8.2681E-01  1.9137E+02  1.0255E+02  1.4573E+02
  9.9111E+00  3.3115E+01  9.5847E+01  8.2681E-01  1.8839E+02  1.0286E+02  1.4148E+02
  9.9230E+00  3.3155E+01  9.5989E+01  8.2681E-01  1.8960E+02  1.0287E+02  1.4307E+02
  9.9350E+00  3.3195E+01  9.6231E+01  8.2681E-01  1.9206E+02  1.0321E+02  1.4595E+02
  9.9470E+00  3.3235E+01  9.6428E+01  8.2681E-01  1.8840E+02  1.0345E+02  1.4085E+02
  9.9590E+00  3.3275E+01  9.6584E+01  8.2681E-01  1.9153E+02  1.0353E+02  1.4493E+02
  9.9710E+00  3.3315E+01  9.6836E+01  8.2681E-01  1.9237E+02  1.0388E+02  1.4567E+02
  9.9830E+00  3.3355E+01  9.7005E+01  8.2681E-01  1.8899E+02  1.0401E+02  1.4103E+02
  9.9953E+00  3.3396E+01  9.7192E+01  8.2681E-01  1.9323E+02  1.0421E+02  1.4647E+02
  1.0007E+01  3.3436E+01  9.7440E+01  8.2681E-01  1.9221E+02  1.0455E+02  1.4476E+02
  1.0019E+01  3.3476E+01  9.7587E+01  8.2681E-01  1.9037E+02  1.0459E+02  1.4227E+02
  1.0031E+01  3.3516E+01  9.7799E+01  8.2681E-01  1.9442E+02  1.0487E+02  1.4734E+02
  1.0043E+01  3.3556E+01  9.8031E+01  8.2681E-01  1.9192E+02  1.0519E+02  1.4369E+02
  1.0055E+01  3.3596E+01  9.8172E+01  8.2681E-01  1.9220E+02  1.0520E+02  1.4406E+02
  1.0067E+01  3.3636E+01  9.8407E+01  8.2681E-01  1.9521E+02  1.0553E+02  1.4770E+02
  1.0079E+01  3.3676E+01  9.8615E+01  8.2681E-01  1.9172E+02  1.0581E+02  1.4277E+02
  1.0091E+01  3.3716E+01  9.8764E+01  8.2681E-01  1.9410E+02  1.0585E+02  1.4590E+02
  1.0103E+01  3.3756E+01  9.9013E+01  8.2681E-01  1.9560E+02  1.0620E+02  1.4752E+02
  1.0115E+01  3.3796E+01  9.9193E+01  8.2681E-01  1.9196E+02  1.0638E+02  1.4246E+02
  1.0127E+01  3.3836E+01  9.9363E+01  8.2682E-01  1.9578E+02  1.0652E+02  1.4742E+02
  1.0139E+01  3.3876E+01  9.9615E+01  8.2682E-01  1.9560E+02  1.0686E+02  1.4682E+02
  1.0151E+01  3.3916E+01  9.9770E+01  8.2682E-01  1.9289E+02  1.0694E+02  1.4310E+02
  1.0163E+01  3.3956E+01  9.9968E+01  8.2682E-01  1.9711E+02  1.0718E+02  1.4848E+02
  1.0175E+01  3.3996E+01  1.0021E+02  8.2682E-01  1.9533E+02  1.0752E+02  1.4576E+02
  1.0187E+01  3.4036E+01  1.0035E+02  8.2682E-01  1.9443E+02  1.0753E+02  1.4453E+02
  1.0199E+01  3.4076E+01  1.0058E+02  8.2682E-01  1.9803E+02  1.0785E+02  1.4900E+02
  1.0211E+01  3.4116E+01  1.0080E+02  8.2682E-01  1.9497E+02  1.0815E+02  1.4459E+02
  1.0223E+01  3.4156E+01  1.0094E+02  8.2682E-01  1.9625E+02  1.0817E+02  1.4628E+02
  1.0235E+01  3.4196E+01  1.0118E+02  8.2682E-01  1.9854E+02  1.0851E+02  1.4898E+02
  1.0247E+01  3.4236E+01  1.0138E+02  8.2682E-01  1.9486E+02  1.0874E+02  1.4378E+02
  1.0259E+01  3.4276E+01  1.0154E+02  8.2682E-01  1.9799E+02  1.0883E+02  1.4791E+02
  1.0271E+01  3.4316E+01  1.0179E+02  8.2682E-01  1.9867E+02  1.0917E+02  1.4845E+02
  1.0283E+01  3.4356E+01  1.0196E+02  8.2682E-01  1.9534E+02  1.0930E+02  1.4381E+02
  1.0295E+01  3.4396E+01  1.0214E+02  8.2682E-01  1.9943E+02  1.0949E+02  1.4911E+02
  1.0307E+01  3.4436E+01  1.0239E+02  8.2682E-01  1.9846E+02  1.0983E+02  1.4745E+02
  1.0319E+01  3.4476E+01  1.0253E+02  8.2682E-01  1.9650E+02  1.0988E+02  1.4475E+02
  1.0331E+01  3.4516E+01  1.0274E+02  8.2682E-01  2.0047E+02  1.1016E+02  1.4980E+02
  1.0343E+01  3.4556E+01  1.0298E+02  8.2682E-01  1.9804E+02  1.1048E+02  1.4616E+02
  1.0355E+01  3.4596E+01  1.0312E+02  8.2682E-01  1.9814E+02  1.1049E+02  1.4630E+02
  1.0367E+01  3.4636E+01  1.0335E+02  8.2682E-01  2.0113E+02  1.1082E+02  1.4997E+02
  1.0379E+01  3.4676E+01  1.0356E+02  8.2682E-01  1.9768E+02  1.1110E+02  1.4500E+02
  1.0391E+01  3.4716E+01  1.0371E+02  8.2682E-01  1.9987E+02  1.1114E+02  1.4792E+02
  1.0403E+01  3.4756E+01  1.0396E+02  8.2683E-01  2.0139E+02  1.1148E+02  1.4959E+02
  1.0415E+01  3.4797E+01  1.0414E+02  8.2683E-01  1.9772E+02  1.1167E+02  1.4441E+02
  1.0427E+01  3.4837E+01  1.0431E+02  8.2683E-01  2.0148E+02  1.1181E+02  1.4936E+02
  1.0439E+01  3.4877E+01  1.0457E+02  8.2683E-01  2.0117E+02  1.1216E+02  1.4856E+02
  1.0451E+01  3.4917E+01  1.0472E+02  8.2683E-01  1.9854E+02  1.1223E+02  1.4489E+02
  1.0463E+01  3.4957E+01  1.0492E+02  8.2683E-01  2.0263E+02  1.1248E+02  1.5017E+02
  1.0475E+01  3.4997E+01  1.0516E+02  8.2683E-01  2.0076E+02  1.1281E+02  1.4726E+02
  1.0487E+01  3.5037E+01  1.0530E+02  8.2683E-01  1.9995E+02  1.1283E+02  1.4614E+02
  1.0499E+01  3.5077E+01  1.0553E+02  8.2683E-01  2.0337E+02  1.1314E+02  1.5045E+02
  1.0511E+01  3.5117E+01  1.0575E+02  8.2683E-01  2.0026E+02  1.1344E+02  1.4588E+02
  1.0523E+01  3.5157E+01  1.0589E+02  8.2683E-01  2.0159E+02  1.1346E+02  1.4767E+02
  1.0535E+01  3.5197E+01  1.0613E+02  8.2683E-01  2.0371E+02  1.1380E+02  1.5017E+02
  1.0547E+01  3.5237E+01  1.0633E+02  8.2683E-01  2.0004E+02  1.1403E+02  1.4490E+02
  1.0559E+01  3.5277E+01  1.0649E+02  8.2683E-01  2.0315E+02  1.1413E+02  1.4906E+02
  1.0571E+01  3.5317E+01  1.0674E+02  8.2683E-01  2.0368E+02  1.1447E+02  1.4940E+02
  1.0583E+01  3.5357E+01  1.0691E+02  8.2683E-01  2.0042E+02  1.1459E+02  1.4477E+02
  1.0595E+01  3.5397E+01  1.0709E+02  8.2683E-01  2.0440E+02  1.1479E+02  1.5002E+02
  1.0607E+01  3.5437E+01  1.0734E+02  8.2683E-01  2.0332E+02  1.1513E+02  1.4815E+02
  1.0619E+01  3.5477E+01  1.0748E+02  8.2683E-01  2.0146E+02  1.1517E+02  1.4554E+02
  1.0631E+01  3.5517E+01  1.0770E+02  8.2683E-01  2.0527E+02  1.1546E+02  1.5045E+02
  1.0643E+01  3.5557E+01  1.0793E+02  8.2683E-01  2.0276E+02  1.1578E+02  1.4664E+02
  1.0655E+01  3.5597E+01  1.0807E+02  8.2683E-01  2.0295E+02  1.1579E+02  1.4689E+02
  1.0667E+01  3.5637E+01  1.0830E+02  8.2683E-01  2.0576E+02  1.1612E+02  1.5038E+02
  1.0679E+01  3.5677E+01  1.0851E+02  8.2683E-01  2.0229E+02  1.1639E+02  1.4528E+02
  1.0691E+01  3.5717E+01  1.0866E+02  8.2683E-01  2.0450E+02  1.1644E+02  1.4829E+02
  1.0703E+01  3.5757E+01  1.0891E+02  8.2683E-01  2.0585E+02  1.1678E+02  1.4975E+02
  1.0715E+01  3.5797E+01  1.0909E+02  8.2684E-01  2.0225E+02  1.1696E+02  1.4455E+02
  1.0727E+01  3.5837E+01  1.0926E+02  8.2684E-01  2.0584E+02  1.1710E+02  1.4936E+02
  1.0739E+01  3.5877E+01  1.0951E+02  8.2684E-01  2.0558E+02  1.1745E+02  1.4862E+02
  1.0751E+01  3.5917E+01  1.0967E+02  8.2684E-01  2.0288E+02  1.1753E+02  1.4477E+02
  1.0763E+01  3.5957E+01  1.0987E+02  8.2684E-01  2.0684E+02  1.1777E+02  1.4999E+02
  1.0775E+01  3.5997E+01  1.1011E+02  8.2684E-01  2.0505E+02  1.1811E+02  1.4711E+02
  1.0787E+01  3.6037E+01  1.1025E+02  8.2684E-01  2.0410E+02  1.1812E+02  1.4577E+02
  1.0799E+01  3.6077E+01  1.1047E+02  8.2684E-01  2.0746E+02  1.1843E+02  1.5007E+02
  1.0811E+01  3.6117E+01  1.1069E+02  8.2684E-01  2.0443E+02  1.1874E+02  1.4550E+02
  1.0823E+01  3.6157E+01  1.1084E+02  8.2684E-01  2.0557E+02  1.1876E+02  1.4707E+02
  1.0835E+01  3.6197E+01  1.1108E+02  8.2684E-01  2.0768E+02  1.1909E+02  1.4961E+02
  1.0847E+01  3.6238E+01  1.1128E+02  8.2684E-01  2.0400E+02  1.1933E+02  1.4419E+02
  1.0859E+01  3.6278E+01  1.1144E+02  8.2684E-01  2.0707E+02  1.1943E+02  1.4838E+02
  1.0871E+01  3.6318E+01  1.1169E+02  8.2684E-01  2.0746E+02  1.1977E+02  1.4852E+02
  1.0883E+01  3.6358E+01  1.1186E+02  8.2684E-01  2.0428E+02  1.1989E+02  1.4390E+02
  1.0895E+01  3.6398E+01  1.1204E+02  8.2684E-01  2.0814E+02  1.2009E+02  1.4909E+02
  1.0907E+01  3.6438E+01  1.1229E+02  8.2684E-01  2.0696E+02  1.2043E+02  1.4703E+02
  1.0919E+01  3.6478E+01  1.1243E+02  8.2684E-01  2.0521E+02  1.2047E+02  1.4451E+02
  1.0931E+01  3.6518E+01  1.1265E+02  8.2684E-01  2.0884E+02  1.2076E+02  1.4928E+02
  1.0943E+01  3.6558E+01  1.1288E+02  8.2684E-01  2.0629E+02  1.2108E+02  1.4529E+02
  1.0955E+01  3.6598E+01  1.1302E+02  8.2684E-01  2.0654E+02  1.2109E+02  1.4565E+02
  1.0967E+01  3.6638E+01  1.1326E+02  8.2684E-01  2.0917E+02  1.2142E+02  1.4896E+02
  1.0979E+01  3.6678E+01  1.1346E+02  8.2684E-01  2.0572E+02  1.2169E+02  1.4374E+02
  1.0991E+01  3.6718E+01  1.1361E+02  8.2684E-01  2.0793E+02  1.2174E+02  1.4682E+02
  1.1003E+01  3.6758E+01  1.1386E+02  8.2684E-01  2.0911E+02  1.2208E+02  1.4808E+02
  1.1015E+01  3.6798E+01  1.1404E+02  8.2684E-01  2.0559E+02  1.2226E+02  1.4285E+02
  1.1027E+01  3.6838E+01  1.1421E+02  8.2684E-01  2.0908E+02  1.2241E+02  1.4765E+02
  1.1039E+01  3.6878E+01  1.1446E+02  8.2684E-01  2.0871E+02  1.2275E+02  1.4670E+02
  1.1051E+01  3.6918E+01  1.1462E+02  8.2684E-01  2.0612E+02  1.2282E+02  1.4290E+02
  1.1063E+01  3.6958E+01  1.1482E+02  8.2684E-01  2.0992E+02  1.2307E+02  1.4802E+02
  1.1075E+01  3.6998E+01  1.1506E+02  8.2684E-01  2.0806E+02  1.2341E+02  1.4496E+02
  1.1087E+01  3.7038E+01  1.1520E+02  8.2685E-01  2.0721E+02  1.2342E+02  1.4372E+02
  1.1099E+01  3.7078E+01  1.1543E+02  8.2685E-01  2.1037E+02  1.2373E+02  1.4786E+02
  1.1111E+01  3.7118E+01  1.1564E+02  8.2685E-01  2.0734E+02  1.2404E+02  1.4313E+02
  1.1123E+01  3.7158E+01  1.1579E+02  8.2685E-01  2.0852E+02  1.2406E+02  1.4480E+02
  1.1135E+01  3.7198E+01  1.1603E+02  8.2685E-01  2.1044E+02  1.2440E+02  1.4715E+02
  1.1147E+01  3.7238E+01  1.1622E+02  8.2685E-01  2.0688E+02  1.2463E+02  1.4172E+02
  1.1159E+01  3.7278E+01  1.1638E+02  8.2685E-01  2.0975E+02  1.2472E+02  1.4574E+02
  1.1171E+01  3.7318E+01  1.1664E+02  8.2685E-01  2.1017E+02  1.2506E+02  1.4593E+02
  1.1183E+01  3.7358E+01  1.1680E+02  8.2685E-01  2.0700E+02  1.2519E+02  1.4116E+02
  1.1195E+01  3.7398E+01  1.1699E+02  8.2685E-01  2.1068E+02  1.2539E+02  1.4626E+02
  1.1207E+01  3.7438E+01  1.1723E+02  8.2685E-01  2.0959E+02  1.2573E+02  1.4424E+02
  1.1219E+01  3.7478E+01  1.1738E+02  8.2685E-01  2.0775E+02  1.2576E+02  1.4151E+02
  1.1231E+01  3.7518E+01  1.1759E+02  8.2685E-01  2.1126E+02  1.2605E+02  1.4626E+02
  1.1243E+01  3.7558E+01  1.1782E+02  8.2685E-01  2.0882E+02  1.2638E+02  1.4228E+02
  1.1255E+01  3.7598E+01  1.1797E+02  8.2685E-01  2.0891E+02  1.2638E+02  1.4241E+02
  1.1267E+01  3.7638E+01  1.1820E+02  8.2685E-01  2.1148E+02  1.2671E+02  1.4574E+02
  1.1279E+01  3.7679E+01  1.1841E+02  8.2685E-01  2.0806E+02  1.2699E+02  1.4037E+02
  1.1291E+01  3.7719E+01  1.1856E+02  8.2685E-01  2.1024E+02  1.2704E+02  1.4351E+02
  1.1303E+01  3.7759E+01  1.1881E+02  8.2685E-01  2.1128E+02  1.2738E+02  1.4458E+02
  1.1315E+01  3.7799E+01  1.1899E+02  8.2685E-01  2.0786E+02  1.2755E+02  1.3931E+02
  1.1327E+01  3.7839E+01  1.1916E+02  8.2685E-01  2.1123E+02  1.2771E+02  1.4410E+02
  1.1339E+01  3.7879E+01  1.1941E+02  8.2685E-01  2.1075E+02  1.2805E+02  1.4295E+02
  1.1351E+01  3.7919E+01  1.1957E+02  8.2685E-01  2.0830E+02  1.2812E+02  1.3920E+02
  1.1363E+01  3.7959E+01  1.1977E+02  8.2685E-01  2.1191E+02  1.2837E+02  1.4422E+02
  1.1375E+01  3.7999E+01  1.2001E+02  8.2685E-01  2.1001E+02  1.2871E+02  1.4097E+02
  1.1387E+01  3.8039E+01  1.2015E+02  8.2685E-01  2.0926E+02  1.2872E+02  1.3983E+02
  1.1399E+01  3.8079E+01  1.2038E+02  8.2685E-01  2.1222E+02  1.2904E+02  1.4381E+02
  1.1411E+01  3.8119E+01  1.2059E+02  8.2685E-01  2.0921E+02  1.2934E+02  1.3893E+02
  1.1423E+01  3.8159E+01  1.2074E+02  8.2685E-01  2.1041E+02  1.2936E+02  1.4070E+02
  1.1435E+01  3.8199E+01  1.2098E+02  8.2685E-01  2.1216E+02  1.2970E+02  1.4285E+02
  1.1447E+01  3.8239E+01  1.2117E+02  8.2685E-01  2.0869E+02  1.2992E+02  1.3734E+02
  1.1459E+01  3.8279E+01  1.2134E+02  8.2685E-01  2.1147E+02  1.3002E+02  1.4140E+02
  1.1471E+01  3.8319E+01  1.2159E+02  8.2685E-01  2.1177E+02  1.3037E+02  1.4138E+02
  1.1483E+01  3.8359E+01  1.2175E+02  8.2685E-01  2.0874E+02  1.3048E+02  1.3663E+02
  1.1495E+01  3.8399E+01  1.2194E+02  8.2685E-01  2.1225E+02  1.3069E+02  1.4167E+02
  1.1507E+01  3.8439E+01  1.2218E+02  8.2685E-01  2.1109E+02  1.3103E+02  1.3945E+02
  1.1519E+01  3.8479E+01  1.2233E+02  8.2685E-01  2.0938E+02  1.3106E+02  1.3680E+02
  1.1531E+01  3.8519E+01  1.2254E+02  8.2685E-01  2.1268E+02  1.3135E+02  1.4142E+02
  1.1543E+01  3.8559E+01  1.2277E+02  8.2686E-01  2.1024E+02  1.3168E+02  1.3726E+02
  1.1555E+01  3.8599E+01  1.2292E+02  8.2686E-01  2.1041E+02  1.3169E+02  1.3750E+02
  1.1567E+01  3.8639E+01  1.2315E+02  8.2686E-01  2.1277E+02  1.3201E+02  1.4065E+02
  1.1579E+01  3.8679E+01  1.2336E+02  8.2686E-01  2.0951E+02  1.3229E+02  1.3527E+02
  1.1591E+01  3.8719E+01  1.2351E+02  8.2686E-01  2.1147E+02  1.3234E+02  1.3822E+02
  1.1603E+01  3.8759E+01  1.2376E+02  8.2686E-01  2.1252E+02  1.3268E+02  1.3934E+02
  1.1615E+01  3.8799E+01  1.2394E+02  8.2686E-01  2.0919E+02  1.3286E+02  1.3395E+02
  1.1627E+01  3.8839E+01  1.2411E+02  8.2686E-01  2.1234E+02  1.3300E+02  1.3861E+02
  1.1639E+01  3.8879E+01  1.2436E+02  8.2686E-01  2.1193E+02  1.3335E+02  1.3751E+02
  1.1651E+01  3.8919E+01  1.2451E+02  8.2686E-01  2.0947E+02  1.3342E+02  1.3358E+02
  1.1663E+01  3.8959E+01  1.2471E+02  8.2686E-01  2.1290E+02  1.3367E+02  1.3854E+02
  1.1675E+01  3.8999E+01  1.2495E+02  8.2686E-01  2.1113E+02  1.3401E+02  1.3531E+02
  1.1687E+01  3.9039E+01  1.2509E+02  8.2686E-01  2.1027E+02  1.3402E+02  1.3396E+02
  1.1699E+01  3.9080E+01  1.2533E+02  8.2686E-01  2.1312E+02  1.3434E+02  1.3792E+02
  1.1711E+01  3.9120E+01  1.2554E+02  8.2686E-01  2.1018E+02  1.3464E+02  1.3289E+02
  1.1723E+01  3.9160E+01  1.2569E+02  8.2686E-01  2.1138E+02  1.3467E+02  1.3475E+02
  1.1735E+01  3.9200E+01  1.2593E+02  8.2686E-01  2.1295E+02  1.3500E+02  1.3671E+02
  1.1747E+01  3.9240E+01  1.2612E+02  8.2686E-01  2.0961E+02  1.3522E+02  1.3113E+02
  1.1759E+01  3.9280E+01  1.2629E+02  8.2686E-01  2.1229E+02  1.3533E+02  1.3521E+02
  1.1771E+01  3.9320E+01  1.2654E+02  8.2686E-01  2.1248E+02  1.3567E+02  1.3500E+02
  1.1783E+01  3.9360E+01  1.2670E+02  8.2686E-01  2.0960E+02  1.3578E+02  1.3026E+02
  1.1795E+01  3.9400E+01  1.2689E+02  8.2686E-01  2.1293E+02  1.3599E+02  1.3523E+02
  1.1807E+01  3.9440E+01  1.2713E+02  8.2686E-01  2.1172E+02  1.3634E+02  1.3282E+02
  1.1819E+01  3.9480E+01  1.2728E+02  8.2686E-01  2.1016E+02  1.3637E+02  1.3026E+02
  1.1831E+01  3.9520E+01  1.2750E+02  8.2686E-01  2.1323E+02  1.3666E+02  1.3473E+02
  1.1843E+01  3.9560E+01  1.2772E+02  8.2686E-01  2.1083E+02  1.3698E+02  1.3041E+02
  1.1855E+01  3.9600E+01  1.2786E+02  8.2686E-01  2.1106E+02  1.3699E+02  1.3075E+02
  1.1867E+01  3.9640E+01  1.2810E+02  8.2686E-01  2.1321E+02  1.3732E+02  1.3372E+02
  1.1879E+01  3.9680E+01  1.2831E+02  8.2686E-01  2.1007E+02  1.3759E+02  1.2822E+02
  1.1891E+01  3.9720E+01  1.2846E+02  8.2686E-01  2.1198E+02  1.3764E+02  1.3124E+02
  1.1903E+01  3.9760E+01  1.2871E+02  8.2686E-01  2.1287E+02  1.3798E+02  1.3215E+02
  1.1915E+01  3.9800E+01  1.2888E+02  8.2686E-01  2.0971E+02  1.3815E+02  1.2674E+02
  1.1927E+01  3.9840E+01  1.2906E+02  8.2686E-01  2.1270E+02  1.3831E+02  1.3138E+02
  1.1939E+01  3.9880E+01  1.2931E+02  8.2686E-01  2.1222E+02  1.3865E+02  1.3007E+02
  1.1951E+01  3.9920E+01  1.2946E+02  8.2686E-01  2.0993E+02  1.3872E+02  1.2620E+02
  1.1963E+01  3.9960E+01  1.2966E+02  8.2686E-01  2.1313E+02  1.3897E+02  1.3106E+02
  1.1975E+01  4.0000E+01  1.2990E+02  8.2686E-01  2.1137E+02  1.3931E+02  1.2764E+02
  1.2000E+01  4.0084E+01  1.3029E+02  8.2686E-01  2.1322E+02  1.3965E+02  1.3016E+02
